"id_establecimiento","id_partido","votos","votos_paso","votos_pv","dif_paso","dif_pv"
1,"0131",1241,787,884,454,357
1,"0135",1515,1020,1133,495,382
2,"0131",595,505,478,90,117
2,"0135",895,620,603,275,292
3,"0131",976,634,803,342,173
3,"0135",1576,889,1058,687,518
4,"0131",523,209,246,314,277
4,"0135",228,263,293,-35,-65
5,"0131",1603,1012,1095,591,508
5,"0135",1651,1193,1302,458,349
6,"0131",858,600,674,258,184
6,"0135",1344,833,922,511,422
7,"0131",600,458,500,142,100
7,"0135",882,515,592,367,290
8,"0131",1156,137,173,1019,983
8,"0135",374,1058,1187,-684,-813
9,"0131",647,157,183,490,464
9,"0135",909,1068,1210,-159,-301
10,"0131",1459,1303,1632,156,-173
10,"0135",1326,480,516,846,810
11,"0131",893,863,1101,30,-208
11,"0135",1046,356,375,690,671
12,"0131",2216,367,424,1849,1792
12,"0135",2698,3696,4016,-998,-1318
13,"0131",2704,384,446,2320,2258
13,"0135",2907,4180,4622,-1273,-1715
14,"0131",547,65,78,482,469
14,"0135",724,757,1055,-33,-331
15,"0131",1426,372,387,1054,1039
15,"0135",1827,2455,2411,-628,-584
16,"0131",455,87,115,368,340
16,"0135",559,743,786,-184,-227
17,"0131",502,170,191,332,311
17,"0135",954,984,1044,-30,-90
18,"0131",1509,491,538,1018,971
18,"0135",1601,1997,2035,-396,-434
19,"0131",627,142,180,485,447
19,"0135",514,695,777,-181,-263
20,"0131",801,204,262,597,539
20,"0135",541,813,832,-272,-291
21,"0131",1815,626,749,1189,1066
21,"0135",1646,1866,2033,-220,-387
22,"0131",1131,350,413,781,718
22,"0135",927,971,1215,-44,-288
23,"0131",873,370,415,503,458
23,"0135",1136,1098,1182,38,-46
24,"0131",1150,488,565,662,585
24,"0135",1340,1293,1426,47,-86
25,"0131",2208,758,869,1450,1339
25,"0135",1912,2186,2366,-274,-454
26,"0131",965,344,403,621,562
26,"0135",979,1019,1132,-40,-153
27,"0131",912,593,671,319,241
27,"0135",1446,976,1099,470,347
28,"0131",1292,506,607,786,685
28,"0135",963,1037,1141,-74,-178
29,"0131",676,474,518,202,158
29,"0135",1221,773,882,448,339
30,"0131",1362,530,606,832,756
30,"0135",790,897,975,-107,-185
31,"0131",2188,883,999,1305,1189
31,"0135",1462,1497,1684,-35,-222
32,"0131",607,225,248,382,359
32,"0135",327,405,450,-78,-123
33,"0131",1159,543,633,616,526
33,"0135",1061,854,1012,207,49
34,"0131",863,329,404,534,459
34,"0135",584,616,680,-32,-96
35,"0131",1327,487,563,840,764
35,"0135",689,799,901,-110,-212
36,"0131",1071,556,559,515,512
36,"0135",943,824,910,119,33
37,"0131",1081,453,500,628,581
37,"0135",652,722,756,-70,-104
38,"0131",1092,595,689,497,403
38,"0135",1442,1075,1180,367,262
39,"0131",766,269,294,497,472
39,"0135",234,370,416,-136,-182
40,"0131",588,283,312,305,276
40,"0135",627,558,613,69,14
41,"0131",837,551,629,286,208
41,"0135",1548,1074,1231,474,317
42,"0131",1414,641,716,773,698
42,"0135",765,792,884,-27,-119
43,"0131",1170,728,819,442,351
43,"0135",1264,860,941,404,323
44,"0131",488,444,487,44,1
44,"0135",941,521,544,420,397
45,"0131",763,743,864,20,-101
45,"0135",2003,1087,1185,916,818
46,"0131",728,280,305,448,423
46,"0135",267,379,422,-112,-155
47,"0131",779,362,401,417,378
47,"0135",458,469,533,-11,-75
48,"0131",777,272,327,505,450
48,"0135",207,383,419,-176,-212
49,"0131",1826,1003,1102,823,724
49,"0135",1740,1339,1459,401,281
50,"0131",1541,636,746,905,795
50,"0135",754,842,952,-88,-198
51,"0131",378,292,301,86,77
51,"0135",664,353,400,311,264
52,"0131",1183,508,607,675,576
52,"0135",813,783,855,30,-42
53,"0131",524,708,827,-184,-303
53,"0135",1957,857,964,1100,993
54,"0131",496,340,391,156,105
54,"0135",738,434,506,304,232
55,"0131",737,515,568,222,169
55,"0135",1014,642,702,372,312
56,"0131",1580,671,836,909,744
56,"0135",977,904,1007,73,-30
57,"0131",1164,744,834,420,330
57,"0135",1342,880,1025,462,317
58,"0131",637,264,318,373,319
58,"0135",392,370,436,22,-44
59,"0131",894,405,439,489,455
59,"0135",375,424,480,-49,-105
60,"0131",440,257,300,183,140
60,"0135",340,239,275,101,65
61,"0131",2318,789,942,1529,1376
61,"0135",3404,3657,4055,-253,-651
62,"0131",1237,135,152,1102,1085
62,"0135",531,1342,1451,-811,-920
63,"0131",2789,380,457,2409,2332
63,"0135",2705,4344,4489,-1639,-1784
64,"0131",254,66,75,188,179
64,"0135",494,538,601,-44,-107
65,"0131",541,124,140,417,401
65,"0135",1198,1282,1399,-84,-201
66,"0131",1890,425,458,1465,1432
66,"0135",1440,2077,2302,-637,-862
67,"0131",1240,354,397,886,843
67,"0135",1354,1561,1699,-207,-345
68,"0131",300,141,163,159,137
68,"0135",726,627,702,99,24
69,"0131",1538,408,482,1130,1056
69,"0135",1576,1888,2083,-312,-507
70,"0131",933,205,235,728,698
70,"0135",627,941,1037,-314,-410
71,"0131",481,168,130,313,351
71,"0135",296,447,510,-151,-214
72,"0131",2466,636,725,1830,1741
72,"0135",2235,2810,3143,-575,-908
73,"0131",1368,439,514,929,854
73,"0135",2075,2096,2316,-21,-241
74,"0131",1163,361,412,802,751
74,"0135",1487,1597,1761,-110,-274
75,"0131",787,161,191,626,596
75,"0135",542,827,922,-285,-380
76,"0131",1239,450,506,789,733
76,"0135",2134,1993,2255,141,-121
77,"0131",2016,475,541,1541,1475
77,"0135",2367,2916,3196,-549,-829
78,"0131",1912,348,407,1564,1505
78,"0135",1222,1991,2244,-769,-1022
79,"0131",1019,186,221,833,798
79,"0135",771,1217,1311,-446,-540
80,"0131",522,90,91,432,431
80,"0135",265,499,574,-234,-309
81,"0131",483,144,159,339,324
81,"0135",1035,1090,1184,-55,-149
82,"0131",1481,271,274,1210,1207
82,"0135",1336,2177,2195,-841,-859
83,"0131",2708,451,546,2257,2162
83,"0135",2364,3427,3819,-1063,-1455
84,"0131",658,148,172,510,486
84,"0135",1199,1318,1458,-119,-259
85,"0131",1880,269,321,1611,1559
85,"0135",1058,2226,2268,-1168,-1210
86,"0131",570,101,118,469,452
86,"0135",721,922,1000,-201,-279
87,"0131",852,211,263,641,589
87,"0135",1485,1661,1819,-176,-334
88,"0131",2434,365,399,2069,2035
88,"0135",1690,2981,3227,-1291,-1537
89,"0131",1382,315,406,1067,976
89,"0135",1152,1511,1693,-359,-541
90,"0131",2488,714,829,1774,1659
90,"0135",2616,3001,3329,-385,-713
91,"0131",985,375,290,610,695
91,"0135",1006,1176,1309,-170,-303
92,"0131",1970,621,761,1349,1209
92,"0135",1720,1985,2174,-265,-454
93,"0131",1157,458,540,699,617
93,"0135",1451,1396,1517,55,-66
94,"0131",1470,495,559,975,911
94,"0135",1664,1692,1895,-28,-231
95,"0131",1660,683,713,977,947
95,"0135",2212,2173,2253,39,-41
96,"0131",3217,744,870,2473,2347
96,"0135",1344,2478,2672,-1134,-1328
97,"0131",1901,544,620,1357,1281
97,"0135",1227,1625,1843,-398,-616
98,"0131",657,233,245,424,412
98,"0135",612,686,758,-74,-146
99,"0131",1307,567,649,740,658
99,"0135",1355,1166,1321,189,34
100,"0131",980,326,372,654,608
100,"0135",693,811,896,-118,-203
101,"0131",1119,438,478,681,641
101,"0135",863,881,1004,-18,-141
102,"0131",877,362,416,515,461
102,"0135",989,834,979,155,10
103,"0131",2267,662,884,1605,1383
103,"0135",1615,1696,2020,-81,-405
104,"0131",2127,755,853,1372,1274
104,"0135",1626,1770,1996,-144,-370
105,"0131",605,316,365,289,240
105,"0135",817,653,724,164,93
106,"0131",860,480,528,380,332
106,"0135",1367,1035,1122,332,245
107,"0131",529,227,259,302,270
107,"0135",443,442,469,1,-26
108,"0131",1198,305,337,893,861
108,"0135",227,635,749,-408,-522
109,"0131",727,265,312,462,415
109,"0135",503,553,627,-50,-124
110,"0131",1093,511,592,582,501
110,"0135",1289,1104,1193,185,96
111,"0131",1187,439,508,748,679
111,"0135",793,849,927,-56,-134
112,"0131",1401,627,750,774,651
112,"0135",1481,1106,1346,375,135
113,"0131",1170,519,584,651,586
113,"0135",1037,929,1056,108,-19
114,"0131",842,438,476,404,366
114,"0135",1124,857,911,267,213
115,"0131",1762,779,871,983,891
115,"0135",1413,1319,1431,94,-18
116,"0131",1039,447,501,592,538
116,"0135",930,779,932,151,-2
117,"0131",2137,780,879,1357,1258
117,"0135",1280,1478,1598,-198,-318
118,"0131",1461,771,867,690,594
118,"0135",1680,1225,1363,455,317
119,"0131",1232,777,896,455,336
119,"0135",2032,1274,1391,758,641
120,"0131",1884,799,901,1085,983
120,"0135",1415,1310,1414,105,1
121,"0131",1773,892,1051,881,722
121,"0135",1564,1056,1296,508,268
122,"0131",1554,855,977,699,577
122,"0135",1499,1051,1162,448,337
123,"0131",1536,661,717,875,819
123,"0135",1067,971,1098,96,-31
124,"0131",1555,511,570,1044,985
124,"0135",524,807,902,-283,-378
125,"0131",576,465,520,111,56
125,"0135",1232,664,723,568,509
126,"0131",589,202,233,387,356
126,"0135",210,325,340,-115,-130
127,"0131",456,278,324,178,132
127,"0135",591,387,440,204,151
128,"0131",1437,656,715,781,722
128,"0135",1124,1035,1160,89,-36
129,"0131",961,577,666,384,295
129,"0135",1381,901,975,480,406
130,"0131",1448,642,841,806,607
130,"0135",1342,944,1263,398,79
131,"0131",1287,449,488,838,799
131,"0135",525,691,819,-166,-294
132,"0131",990,598,715,392,275
132,"0135",1610,1094,1154,516,456
133,"0131",614,221,255,393,359
133,"0135",426,428,488,-2,-62
134,"0131",767,411,468,356,299
134,"0135",1008,740,793,268,215
135,"0131",765,284,348,481,417
135,"0135",495,509,567,-14,-72
136,"0131",698,236,270,462,428
136,"0135",339,399,461,-60,-122
137,"0131",1165,564,628,601,537
137,"0135",1086,884,971,202,115
138,"0131",1306,845,934,461,372
138,"0135",2024,1375,1474,649,550
139,"0131",1744,967,1052,777,692
139,"0135",2141,1633,1757,508,384
140,"0131",1034,630,716,404,318
140,"0135",1366,903,1015,463,351
141,"0131",1238,602,678,636,560
141,"0135",947,762,889,185,58
142,"0131",1270,579,649,691,621
142,"0135",900,796,901,104,-1
143,"0131",1214,624,685,590,529
143,"0135",1176,932,1027,244,149
144,"0131",2298,922,1009,1376,1289
144,"0135",1135,1283,1429,-148,-294
145,"0131",907,343,365,564,542
145,"0135",399,473,536,-74,-137
146,"0131",1493,772,846,721,647
146,"0135",1452,1150,1289,302,163
147,"0131",856,467,505,389,351
147,"0135",972,732,787,240,185
148,"0131",480,525,562,-45,-82
148,"0135",1615,809,927,806,688
149,"0131",1433,758,803,675,630
149,"0135",1441,1122,1233,319,208
150,"0131",1270,657,763,613,507
150,"0135",1392,1073,1168,319,224
151,"0131",1692,963,997,729,695
151,"0135",1732,1486,1472,246,260
152,"0131",1767,894,1052,873,715
152,"0135",2011,1495,1637,516,374
153,"0131",1543,584,651,959,892
153,"0135",585,815,867,-230,-282
154,"0131",1457,770,832,687,625
154,"0135",1588,1190,1309,398,279
155,"0131",655,271,298,384,357
155,"0135",415,398,458,17,-43
156,"0131",1252,877,935,375,317
156,"0135",2048,1296,1429,752,619
157,"0131",902,678,687,224,215
157,"0135",1227,904,900,323,327
158,"0131",690,420,449,270,241
158,"0135",664,491,561,173,103
159,"0131",1056,470,505,586,551
159,"0135",529,622,703,-93,-174
160,"0131",880,572,577,308,303
160,"0135",1112,775,842,337,270
161,"0131",932,360,476,572,456
161,"0135",638,624,692,14,-54
162,"0131",851,356,415,495,436
162,"0135",460,505,549,-45,-89
163,"0131",1750,1580,1884,170,-134
163,"0135",1678,656,749,1022,929
164,"0131",1884,1731,1998,153,-114
164,"0135",1826,781,838,1045,988
165,"0131",1547,1560,1867,-13,-320
165,"0135",1789,674,714,1115,1075
166,"0131",1142,651,746,491,396
166,"0135",1342,1084,1170,258,172
167,"0131",1018,372,408,646,610
167,"0135",629,601,613,28,16
168,"0131",267,265,282,2,-15
168,"0135",743,435,469,308,274
169,"0131",737,298,392,439,345
169,"0135",754,694,753,60,1
170,"0131",889,438,514,451,375
170,"0135",1107,904,988,203,119
171,"0131",852,498,568,354,284
171,"0135",1218,891,962,327,256
172,"0131",1189,628,675,561,514
172,"0135",917,846,889,71,28
173,"0131",676,521,579,155,97
173,"0135",1230,788,847,442,383
174,"0131",921,570,642,351,279
174,"0135",1252,830,944,422,308
175,"0131",1636,622,705,1014,931
175,"0135",485,822,868,-337,-383
176,"0131",1076,355,415,721,661
176,"0135",260,522,584,-262,-324
177,"0131",1038,650,709,388,329
177,"0135",1941,1436,1576,505,365
178,"0131",876,650,723,226,153
178,"0135",2088,1448,1592,640,496
179,"0131",392,211,297,181,95
179,"0135",946,676,742,270,204
180,"0131",2099,809,898,1290,1201
180,"0135",1687,1739,1955,-52,-268
181,"0131",1473,714,792,759,681
181,"0135",1803,1573,1705,230,98
182,"0131",2396,1039,1109,1357,1287
182,"0135",2513,2452,2672,61,-159
183,"0131",1605,871,1035,734,570
183,"0135",1336,1003,1111,333,225
184,"0131",1346,679,728,667,618
184,"0135",783,749,825,34,-42
185,"0131",1113,950,1069,163,44
185,"0135",1790,950,1069,840,721
186,"0131",610,322,364,288,246
186,"0135",432,353,395,79,37
187,"0131",1206,671,754,535,452
187,"0135",919,761,831,158,88
188,"0131",780,308,344,472,436
188,"0135",258,401,403,-143,-145
189,"0131",606,682,739,-76,-133
189,"0135",1452,634,745,818,707
190,"0131",923,663,757,260,166
190,"0135",1175,742,784,433,391
191,"0131",594,390,425,204,169
191,"0135",689,450,487,239,202
192,"0131",909,784,887,125,22
192,"0135",1459,717,814,742,645
193,"0131",1699,974,1084,725,615
193,"0135",2039,1580,1708,459,331
194,"0131",1662,741,815,921,847
194,"0135",1021,1033,1171,-12,-150
195,"0131",534,495,558,39,-24
195,"0135",1314,725,810,589,504
196,"0131",1539,824,898,715,641
196,"0135",1419,1155,1281,264,138
197,"0131",774,427,451,347,323
197,"0135",587,490,504,97,83
198,"0131",1203,457,522,746,681
198,"0135",430,622,655,-192,-225
199,"0131",924,414,429,510,495
199,"0135",418,488,541,-70,-123
200,"0131",488,530,471,-42,17
200,"0135",831,543,513,288,318
201,"0131",742,493,531,249,211
201,"0135",882,539,612,343,270
202,"0131",1240,586,625,654,615
202,"0135",677,667,723,10,-46
203,"0131",837,472,523,365,314
203,"0135",776,549,614,227,162
204,"0131",678,288,326,390,352
204,"0135",376,379,400,-3,-24
205,"0131",1106,701,792,405,314
205,"0135",1257,775,867,482,390
206,"0131",1261,809,785,452,476
206,"0135",1553,1223,1133,330,420
207,"0131",1268,636,698,632,570
207,"0135",1162,894,966,268,196
208,"0131",699,421,463,278,236
208,"0135",912,608,680,304,232
209,"0131",1330,521,572,809,758
209,"0135",793,804,886,-11,-93
210,"0131",793,532,572,261,221
210,"0135",1097,660,761,437,336
211,"0131",1764,825,942,939,822
211,"0135",1723,1340,1479,383,244
212,"0131",906,411,454,495,452
212,"0135",749,653,710,96,39
213,"0131",1618,885,987,733,631
213,"0135",1712,1238,1401,474,311
214,"0131",1509,762,841,747,668
214,"0135",1475,1076,1193,399,282
215,"0131",1549,881,945,668,604
215,"0135",1739,1268,1373,471,366
216,"0131",1073,576,637,497,436
216,"0135",1067,795,892,272,175
217,"0131",698,488,557,210,141
217,"0135",1199,713,773,486,426
218,"0131",966,676,749,290,217
218,"0135",1439,786,958,653,481
219,"0131",2321,988,1082,1333,1239
219,"0135",1465,1410,1578,55,-113
220,"0131",1511,693,752,818,759
220,"0135",1195,1061,1214,134,-19
221,"0131",1964,823,930,1141,1034
221,"0135",1333,1316,1463,17,-130
222,"0131",758,541,521,217,237
222,"0135",1139,869,842,270,297
223,"0131",797,373,371,424,426
223,"0135",568,651,578,-83,-10
224,"0131",1149,535,679,614,470
224,"0135",1351,992,1088,359,263
225,"0131",1593,661,732,932,861
225,"0135",1442,1350,1505,92,-63
226,"0131",929,492,562,437,367
226,"0135",1302,954,1069,348,233
227,"0131",829,281,327,548,502
227,"0135",505,585,647,-80,-142
228,"0131",1737,763,835,974,902
228,"0135",1834,1604,1821,230,13
229,"0131",568,405,444,163,124
229,"0135",1324,858,953,466,371
230,"0131",927,579,618,348,309
230,"0135",1302,849,949,453,353
231,"0131",1387,733,832,654,555
231,"0135",1647,1178,1334,469,313
232,"0131",1342,705,705,637,637
232,"0135",1121,975,1036,146,85
233,"0131",3565,1264,1437,2301,2128
233,"0135",2333,2523,2831,-190,-498
234,"0131",689,327,353,362,336
234,"0135",617,542,593,75,24
235,"0131",630,358,407,272,223
235,"0135",968,646,723,322,245
236,"0131",1344,818,914,526,430
236,"0135",2177,1496,1644,681,533
237,"0131",2066,781,860,1285,1206
237,"0135",1389,1432,1629,-43,-240
238,"0131",2157,899,1021,1258,1136
238,"0135",1606,1472,1702,134,-96
239,"0131",972,392,437,580,535
239,"0135",660,700,783,-40,-123
240,"0131",998,457,514,541,484
240,"0135",858,764,812,94,46
241,"0131",2631,1151,1264,1480,1367
241,"0135",2330,2054,2315,276,15
242,"0131",2428,1056,1200,1372,1228
242,"0135",2221,1931,2185,290,36
243,"0131",1514,983,1104,531,410
243,"0135",2457,1627,1850,830,607
244,"0131",1232,587,654,645,578
244,"0135",1352,1102,1200,250,152
245,"0131",601,245,340,356,261
245,"0135",734,460,636,274,98
246,"0131",1292,627,691,665,601
246,"0135",1299,1064,1252,235,47
247,"0131",2074,883,987,1191,1087
247,"0135",1752,1614,1752,138,0
248,"0131",1124,456,497,668,627
248,"0135",1009,938,1061,71,-52
249,"0131",1105,377,415,728,690
249,"0135",542,679,743,-137,-201
250,"0131",1083,621,670,462,413
250,"0135",1591,1061,1245,530,346
251,"0131",1509,799,898,710,611
251,"0135",1971,1443,1618,528,353
252,"0131",1034,546,614,488,420
252,"0135",1406,1016,1125,390,281
253,"0131",1371,530,599,841,772
253,"0135",1007,980,1070,27,-63
254,"0131",1442,526,615,916,827
254,"0135",972,940,1147,32,-175
255,"0131",657,267,285,390,372
255,"0135",427,442,488,-15,-61
256,"0131",629,373,383,256,246
256,"0135",941,629,716,312,225
257,"0131",1158,563,659,595,499
257,"0135",1487,1107,1228,380,259
258,"0131",2089,956,1049,1133,1040
258,"0135",2303,1811,2103,492,200
259,"0131",1194,561,641,633,553
259,"0135",1512,1195,1345,317,167
260,"0131",907,377,439,530,468
260,"0135",949,826,924,123,25
261,"0131",1096,342,402,754,694
261,"0135",549,716,804,-167,-255
262,"0131",944,329,398,615,546
262,"0135",711,731,791,-20,-80
263,"0131",1065,388,447,677,618
263,"0135",606,704,773,-98,-167
264,"0131",421,245,283,176,138
264,"0135",653,443,513,210,140
265,"0131",508,185,208,323,300
265,"0135",307,374,383,-67,-76
266,"0131",1741,715,777,1026,964
266,"0135",2171,1958,2178,213,-7
267,"0131",1668,498,598,1170,1070
267,"0135",1434,1586,1777,-152,-343
268,"0131",1375,564,636,811,739
268,"0135",1747,1577,1768,170,-21
269,"0131",1678,522,568,1156,1110
269,"0135",1400,1528,1762,-128,-362
270,"0131",2223,777,848,1446,1375
270,"0135",2250,2225,2505,25,-255
271,"0131",1517,702,816,815,701
271,"0135",2581,2009,2267,572,314
272,"0131",558,315,351,243,207
272,"0135",1090,796,892,294,198
273,"0131",2204,1421,1537,783,667
273,"0135",4101,2745,3018,1356,1083
274,"0131",1263,529,584,734,679
274,"0135",1246,1097,1215,149,31
275,"0131",317,170,192,147,125
275,"0135",509,348,404,161,105
276,"0131",1121,399,450,722,671
276,"0135",772,822,918,-50,-146
277,"0131",542,258,278,284,264
277,"0135",552,408,500,144,52
278,"0131",1098,486,516,612,582
278,"0135",1100,981,1103,119,-3
279,"0131",731,228,261,503,470
279,"0135",358,448,517,-90,-159
280,"0131",1646,820,907,826,739
280,"0135",2178,1640,1861,538,317
281,"0131",480,163,186,317,294
281,"0135",334,341,392,-7,-58
282,"0131",2904,1113,1259,1791,1645
282,"0135",3293,3012,3305,281,-12
283,"0131",1690,771,850,919,840
283,"0135",2302,2007,2073,295,229
284,"0131",1772,654,783,1118,989
284,"0135",2081,1900,2081,181,0
285,"0131",2133,780,907,1353,1226
285,"0135",2309,2170,2449,139,-140
286,"0131",1755,570,673,1185,1082
286,"0135",1280,1491,1623,-211,-343
287,"0131",1604,582,658,1022,946
287,"0135",1382,1446,1603,-64,-221
288,"0131",1743,686,757,1057,986
288,"0135",1321,1219,1394,102,-73
289,"0131",1219,1014,1122,205,97
289,"0135",3177,1673,1955,1504,1222
290,"0131",1078,452,484,626,594
290,"0135",831,671,844,160,-13
291,"0131",758,330,357,428,401
291,"0135",611,556,619,55,-8
292,"0131",989,602,694,387,295
292,"0135",1844,1127,1353,717,491
293,"0131",1955,756,857,1199,1098
293,"0135",1446,1411,1607,35,-161
294,"0131",1980,879,984,1101,996
294,"0135",1974,1587,1825,387,149
295,"0131",1091,526,597,565,494
295,"0135",1412,1000,1211,412,201
296,"0131",713,288,309,425,404
296,"0135",639,592,657,47,-18
297,"0131",2314,787,858,1527,1456
297,"0135",1899,1960,2371,-61,-472
298,"0131",1998,715,787,1283,1211
298,"0135",1958,1918,2219,40,-261
299,"0131",1065,466,501,599,564
299,"0135",1448,1301,1437,147,11
300,"0131",1166,298,328,868,838
300,"0135",530,860,969,-330,-439
301,"0131",1687,849,942,838,745
301,"0135",3089,2374,2670,715,419
302,"0131",915,349,400,566,515
302,"0135",1071,989,1109,82,-38
303,"0131",1795,711,872,1084,923
303,"0135",1757,1372,1626,385,131
304,"0131",1149,454,502,695,647
304,"0135",975,972,1054,3,-79
305,"0131",1171,535,542,636,629
305,"0135",1001,1093,1066,-92,-65
306,"0131",884,394,440,490,444
306,"0135",799,643,768,156,31
307,"0131",1445,725,835,720,610
307,"0135",1920,1435,1558,485,362
308,"0131",436,294,340,142,96
308,"0135",965,609,666,356,299
309,"0131",2279,946,1061,1333,1218
309,"0135",1956,1787,1954,169,2
310,"0131",977,505,578,472,399
310,"0135",1306,969,1066,337,240
311,"0131",2196,844,894,1352,1302
311,"0135",1133,1198,1378,-65,-245
312,"0131",961,498,550,463,411
312,"0135",970,694,778,276,192
313,"0131",450,439,501,11,-51
313,"0135",1215,610,666,605,549
314,"0131",1056,471,536,585,520
314,"0135",909,739,843,170,66
315,"0131",1597,538,588,1059,1009
315,"0135",355,695,799,-340,-444
316,"0131",1126,676,671,450,455
316,"0135",1333,1096,1071,237,262
317,"0131",1102,608,682,494,420
317,"0135",1311,981,1034,330,277
318,"0131",1318,695,769,623,549
318,"0135",1401,1037,1149,364,252
319,"0131",74,148,145,-74,-71
319,"0135",493,225,255,268,238
320,"0131",2317,1030,1188,1287,1129
320,"0135",2820,2169,2513,651,307
321,"0131",282,154,168,128,114
321,"0135",429,311,359,118,70
322,"0131",863,360,414,503,449
322,"0135",924,731,829,193,95
323,"0131",1134,674,766,460,368
323,"0135",1932,1234,1458,698,474
324,"0131",2214,721,806,1493,1408
324,"0135",1481,1624,1867,-143,-386
325,"0131",1455,631,714,824,741
325,"0135",1589,1359,1537,230,52
326,"0131",1852,732,820,1120,1032
326,"0135",1932,1688,1858,244,74
327,"0131",1005,569,618,436,387
327,"0135",1694,1186,1388,508,306
328,"0131",695,241,274,454,421
328,"0135",397,448,487,-51,-90
329,"0131",1837,777,884,1060,953
329,"0135",1975,1714,1947,261,28
330,"0131",1281,395,428,886,853
330,"0135",834,969,1087,-135,-253
331,"0131",1874,722,821,1152,1053
331,"0135",1556,1443,1644,113,-88
332,"0131",1429,584,627,845,802
332,"0135",1432,1189,1355,243,77
333,"0131",1019,530,538,489,481
333,"0135",1155,1059,1011,96,144
334,"0131",1395,537,607,858,788
334,"0135",1207,1084,1235,123,-28
335,"0131",1898,528,640,1370,1258
335,"0135",1438,1668,1888,-230,-450
336,"0131",804,319,323,485,481
336,"0135",1052,952,1069,100,-17
337,"0131",1002,403,452,599,550
337,"0135",1426,1229,1367,197,59
338,"0131",1822,563,549,1259,1273
338,"0135",1155,1635,1724,-480,-569
339,"0131",1998,761,826,1237,1172
339,"0135",2352,2089,2365,263,-13
340,"0131",685,250,305,435,380
340,"0135",687,664,752,23,-65
341,"0131",1969,698,797,1271,1172
341,"0135",1090,1170,1326,-80,-236
342,"0131",1133,427,469,706,664
342,"0135",741,786,820,-45,-79
343,"0131",1187,696,587,491,600
343,"0135",1457,1186,1120,271,337
344,"0131",728,275,295,453,433
344,"0135",387,476,494,-89,-107
345,"0131",813,347,365,466,448
345,"0135",860,752,846,108,14
346,"0131",648,222,239,426,409
346,"0135",483,488,555,-5,-72
347,"0131",1715,751,818,964,897
347,"0135",1896,1596,1851,300,45
348,"0131",1813,1417,1580,396,233
348,"0135",2133,1079,1214,1054,919
349,"0131",1155,700,804,455,351
349,"0135",921,628,670,293,251
350,"0131",1647,1144,1307,503,340
350,"0135",1724,813,1045,911,679
351,"0131",1366,1066,1230,300,136
351,"0135",1974,1041,1073,933,901
352,"0131",1311,861,946,450,365
352,"0135",1075,691,724,384,351
353,"0131",820,909,927,-89,-107
353,"0135",1477,679,675,798,802
354,"0131",1775,1039,1170,736,605
354,"0135",1337,885,995,452,342
355,"0131",681,747,819,-66,-138
355,"0135",1166,515,558,651,608
356,"0131",1209,888,991,321,218
356,"0135",1192,736,791,456,401
357,"0131",1236,1012,1142,224,94
357,"0135",1350,680,722,670,628
358,"0131",1036,617,683,419,353
358,"0135",823,549,624,274,199
359,"0131",1580,1013,1234,567,346
359,"0135",1345,836,898,509,447
360,"0131",1354,916,1077,438,277
360,"0135",1281,690,794,591,487
361,"0131",823,1103,1199,-280,-376
361,"0135",1827,692,672,1135,1155
362,"0131",1440,969,1077,471,363
362,"0135",1230,725,822,505,408
363,"0131",1551,1155,1297,396,254
363,"0135",1402,793,834,609,568
364,"0131",1546,588,642,958,904
364,"0135",997,966,1110,31,-113
365,"0131",1652,722,785,930,867
365,"0135",1715,1436,1569,279,146
366,"0131",834,464,514,370,320
366,"0135",1124,796,879,328,245
367,"0131",1136,651,682,485,454
367,"0135",1387,907,1075,480,312
368,"0131",1108,620,646,488,462
368,"0135",1457,871,1134,586,323
369,"0131",2055,1099,1329,956,726
369,"0135",1548,1080,1277,468,271
370,"0131",1787,1186,1304,601,483
370,"0135",2019,1238,1467,781,552
371,"0131",1442,1038,1158,404,284
371,"0135",2161,1224,1441,937,720
372,"0131",2004,1080,1191,924,813
372,"0135",1578,1228,1332,350,246
373,"0131",2520,1388,1517,1132,1003
373,"0135",1919,1511,1672,408,247
374,"0131",1836,924,909,912,927
374,"0135",925,1063,1004,-138,-79
375,"0131",1966,880,989,1086,977
375,"0135",808,931,978,-123,-170
376,"0131",2121,1098,1202,1023,919
376,"0135",1469,1315,1386,154,83
377,"0131",1581,867,943,714,638
377,"0135",1144,886,980,258,164
378,"0131",1978,1051,1160,927,818
378,"0135",1338,1091,1222,247,116
379,"0131",1380,771,834,609,546
379,"0135",1050,863,916,187,134
380,"0131",2487,1447,1676,1040,811
380,"0135",2126,1470,1606,656,520
381,"0131",2344,1321,1433,1023,911
381,"0135",1737,1319,1408,418,329
382,"0131",903,540,595,363,308
382,"0135",984,588,670,396,314
383,"0131",1616,793,908,823,708
383,"0135",836,789,893,47,-57
384,"0131",2151,1209,1337,942,814
384,"0135",1639,1253,1344,386,295
385,"0131",1853,1223,1312,630,541
385,"0135",1832,1118,1292,714,540
386,"0131",1133,783,998,350,135
386,"0135",1574,760,922,814,652
387,"0131",1046,839,966,207,80
387,"0135",1640,870,966,770,674
388,"0131",2163,1386,1553,777,610
388,"0135",2477,1576,1688,901,789
389,"0131",1453,736,824,717,629
389,"0135",968,799,916,169,52
390,"0131",1054,706,788,348,266
390,"0135",1116,620,738,496,378
391,"0131",795,799,839,-4,-44
391,"0135",1035,435,469,600,566
392,"0131",1192,954,1012,238,180
392,"0135",1378,662,733,716,645
393,"0131",986,869,934,117,52
393,"0135",1089,492,558,597,531
394,"0131",1591,748,801,843,790
394,"0135",1414,1133,1248,281,166
395,"0131",1166,494,505,672,661
395,"0135",739,712,787,27,-48
396,"0131",1010,477,520,533,490
396,"0135",878,725,797,153,81
397,"0131",2098,876,918,1222,1180
397,"0135",1448,1459,1508,-11,-60
398,"0131",914,572,610,342,304
398,"0135",1069,679,719,390,350
399,"0131",2697,1302,1353,1395,1344
399,"0135",2025,1683,1907,342,118
400,"0131",2037,887,984,1150,1053
400,"0135",1525,1294,1436,231,89
401,"0131",1016,629,686,387,330
401,"0135",1402,848,972,554,430
402,"0131",853,422,469,431,384
402,"0135",761,597,650,164,111
403,"0131",680,282,316,398,364
403,"0135",414,404,443,10,-29
404,"0131",2123,1075,1079,1048,1044
404,"0135",1777,1611,1613,166,164
405,"0131",1446,664,710,782,736
405,"0135",1363,1058,1206,305,157
406,"0131",761,512,541,249,220
406,"0135",1185,745,848,440,337
407,"0131",1197,586,619,611,578
407,"0135",1086,884,959,202,127
408,"0131",743,265,281,478,462
408,"0135",408,437,518,-29,-110
409,"0131",589,357,372,232,217
409,"0135",821,521,590,300,231
410,"0131",898,377,394,521,504
410,"0135",509,486,530,23,-21
411,"0131",882,516,479,366,403
411,"0135",799,686,637,113,162
412,"0131",717,401,442,316,275
412,"0135",927,600,689,327,238
413,"0131",1383,581,626,802,757
413,"0135",592,689,770,-97,-178
414,"0131",1352,667,702,685,650
414,"0135",1120,918,992,202,128
415,"0131",995,759,802,236,193
415,"0135",1483,823,922,660,561
416,"0131",1176,808,841,368,335
416,"0135",1584,940,1023,644,561
417,"0131",321,324,344,-3,-23
417,"0135",797,406,425,391,372
418,"0131",350,429,494,-79,-144
418,"0135",997,464,409,533,588
419,"0131",1291,615,685,676,606
419,"0135",882,718,813,164,69
420,"0131",1237,651,706,586,531
420,"0135",1591,1121,1234,470,357
421,"0131",1032,383,439,649,593
421,"0135",685,651,735,34,-50
422,"0131",1518,622,677,896,841
422,"0135",1314,1075,1263,239,51
423,"0131",2372,1164,1244,1208,1128
423,"0135",2434,1841,2063,593,371
424,"0131",811,334,354,477,457
424,"0135",602,537,614,65,-12
425,"0131",1762,929,1064,833,698
425,"0135",2425,1714,1904,711,521
426,"0131",1400,520,573,880,827
426,"0135",1141,1045,1146,96,-5
427,"0131",1028,513,546,515,482
427,"0135",1242,944,1019,298,223
428,"0131",856,447,464,409,392
428,"0135",1089,829,921,260,168
429,"0131",1013,502,507,511,506
429,"0135",1236,972,1073,264,163
430,"0131",1139,335,386,804,753
430,"0135",549,738,780,-189,-231
431,"0131",790,388,425,402,365
431,"0135",926,721,812,205,114
432,"0131",786,287,308,499,478
432,"0135",598,562,619,36,-21
433,"0131",1004,507,524,497,480
433,"0135",1247,912,1018,335,229
434,"0131",1221,620,602,601,619
434,"0135",1069,1009,1023,60,46
435,"0131",762,346,386,416,376
435,"0135",952,740,795,212,157
436,"0131",552,411,451,141,101
436,"0135",1343,795,912,548,431
437,"0131",739,387,480,352,259
437,"0135",1155,663,861,492,294
438,"0131",445,392,458,53,-13
438,"0135",1450,663,918,787,532
439,"0131",576,297,318,279,258
439,"0135",741,520,571,221,170
440,"0131",689,291,331,398,358
440,"0135",659,550,588,109,71
441,"0131",880,505,610,375,270
441,"0135",1550,915,1121,635,429
442,"0131",765,336,365,429,400
442,"0135",854,703,785,151,69
443,"0131",564,277,322,287,242
443,"0135",773,561,636,212,137
444,"0131",1142,607,651,535,491
444,"0135",1986,1441,1627,545,359
445,"0131",1234,557,605,677,629
445,"0135",1315,1085,1218,230,97
446,"0131",670,353,372,317,298
446,"0135",1013,692,771,321,242
447,"0131",1083,331,359,752,724
447,"0135",609,784,861,-175,-252
448,"0131",1052,345,396,707,656
448,"0135",608,736,798,-128,-190
449,"0131",1814,598,622,1216,1192
449,"0135",1051,1223,1388,-172,-337
450,"0131",2163,962,1046,1201,1117
450,"0135",2266,1896,2161,370,105
451,"0131",1789,676,731,1113,1058
451,"0135",1258,1251,1433,7,-175
452,"0131",1421,516,556,905,865
452,"0135",846,923,1027,-77,-181
453,"0131",1614,673,729,941,885
453,"0135",1496,1229,1385,267,111
454,"0131",802,359,389,443,413
454,"0135",902,675,770,227,132
455,"0131",749,451,498,298,251
455,"0135",1214,731,811,483,403
456,"0131",497,198,211,299,286
456,"0135",344,308,354,36,-10
457,"0131",1683,588,668,1095,1015
457,"0135",1117,1079,1301,38,-184
458,"0131",1651,609,664,1042,987
458,"0135",1161,1189,1310,-28,-149
459,"0131",758,394,437,364,321
459,"0135",1142,813,890,329,252
460,"0131",788,401,440,387,348
460,"0135",1168,823,913,345,255
461,"0131",1233,625,718,608,515
461,"0135",1847,1225,1474,622,373
462,"0131",424,159,173,265,251
462,"0135",427,370,433,57,-6
463,"0131",617,372,402,245,215
463,"0135",1049,690,783,359,266
464,"0131",1296,706,774,590,522
464,"0135",1984,1362,1477,622,507
465,"0131",555,405,412,150,143
465,"0135",1107,638,709,469,398
466,"0131",1524,558,611,966,913
466,"0135",978,1020,1155,-42,-177
467,"0131",898,374,429,524,469
467,"0135",748,668,739,80,9
468,"0131",1099,474,525,625,574
468,"0135",933,813,924,120,9
469,"0131",567,386,416,181,151
469,"0135",1116,684,790,432,326
470,"0131",1010,458,500,552,510
470,"0135",999,829,914,170,85
471,"0131",1143,401,439,742,704
471,"0135",544,660,730,-116,-186
472,"0131",787,288,298,499,489
472,"0135",624,600,682,24,-58
473,"0131",493,262,308,231,185
473,"0135",653,465,506,188,147
474,"0131",568,285,316,283,252
474,"0135",580,471,530,109,50
475,"0131",1842,885,1053,957,789
475,"0135",2409,1584,1875,825,534
476,"0131",1058,452,503,606,555
476,"0135",902,759,866,143,36
477,"0131",570,405,448,165,122
477,"0135",1353,805,898,548,455
478,"0131",862,398,435,464,427
478,"0135",757,649,714,108,43
479,"0131",367,185,194,182,173
479,"0135",453,323,355,130,98
480,"0131",686,310,329,376,357
480,"0135",690,518,577,172,113
481,"0131",1318,419,449,899,869
481,"0135",595,754,846,-159,-251
482,"0131",1511,727,784,784,727
482,"0135",1766,1343,1521,423,245
483,"0131",2121,670,730,1451,1391
483,"0135",856,1193,1352,-337,-496
484,"0131",1663,650,691,1013,972
484,"0135",1340,1255,1430,85,-90
485,"0131",1390,596,670,794,720
485,"0135",1339,1179,1271,160,68
486,"0131",1046,406,468,640,578
486,"0135",828,760,840,68,-12
487,"0131",636,325,345,311,291
487,"0135",702,541,598,161,104
488,"0131",1314,777,851,537,463
488,"0135",1654,1166,1314,488,340
489,"0131",973,472,501,501,472
489,"0135",933,780,827,153,106
490,"0131",581,201,216,380,365
490,"0135",258,323,382,-65,-124
491,"0131",692,380,403,312,289
491,"0135",671,521,574,150,97
492,"0131",515,242,278,273,237
492,"0135",561,413,488,148,73
493,"0131",1001,352,394,649,607
493,"0135",577,646,729,-69,-152
494,"0131",843,333,376,510,467
494,"0135",759,616,724,143,35
495,"0131",1096,570,619,526,477
495,"0135",1467,1075,1194,392,273
496,"0131",1845,697,829,1148,1016
496,"0135",1557,1364,1551,193,6
497,"0131",840,326,383,514,457
497,"0135",501,489,544,12,-43
498,"0131",1604,639,660,965,944
498,"0135",1044,981,1200,63,-156
499,"0131",1092,621,685,471,407
499,"0135",1550,980,1123,570,427
500,"0131",1528,803,880,725,648
500,"0135",1795,1376,1520,419,275
501,"0131",892,427,461,465,431
501,"0135",1049,790,902,259,147
502,"0131",478,252,275,226,203
502,"0135",643,481,524,162,119
503,"0131",457,287,315,170,142
503,"0135",655,426,471,229,184
504,"0131",857,604,665,253,192
504,"0135",1891,1097,1278,794,613
505,"0131",1489,751,835,738,654
505,"0135",1836,1394,1573,442,263
506,"0131",997,484,504,513,493
506,"0135",970,790,901,180,69
507,"0131",325,201,154,124,171
507,"0135",220,317,251,-97,-31
508,"0131",736,354,395,382,341
508,"0135",902,697,778,205,124
509,"0131",1668,745,855,923,813
509,"0135",1691,1376,1553,315,138
510,"0131",1008,502,571,506,437
510,"0135",1164,946,1012,218,152
511,"0131",1608,789,886,819,722
511,"0135",1686,1291,1450,395,236
512,"0131",505,202,287,303,218
512,"0135",571,325,472,246,99
513,"0131",1569,823,901,746,668
513,"0135",1919,1378,1561,541,358
514,"0131",809,436,509,373,300
514,"0135",1081,723,796,358,285
515,"0131",1023,601,660,422,363
515,"0135",1481,1012,1093,469,388
516,"0131",1058,460,503,598,555
516,"0135",859,756,835,103,24
517,"0131",787,422,443,365,344
517,"0135",840,566,726,274,114
518,"0131",1142,446,479,696,663
518,"0135",753,748,841,5,-88
519,"0131",1265,677,769,588,496
519,"0135",1515,1035,1151,480,364
520,"0131",1788,729,795,1059,993
520,"0135",1485,1296,1454,189,31
521,"0131",1451,683,743,768,708
521,"0135",1549,1287,1434,262,115
522,"0131",1224,333,438,891,786
522,"0135",730,858,962,-128,-232
523,"0131",1106,453,485,653,621
523,"0135",838,827,919,11,-81
524,"0131",403,290,328,113,75
524,"0135",945,571,663,374,282
525,"0131",1059,338,343,721,716
525,"0135",310,546,620,-236,-310
526,"0131",1243,554,614,689,629
526,"0135",1253,1036,1189,217,64
527,"0131",1658,520,581,1138,1077
527,"0135",813,1085,1237,-272,-424
528,"0131",698,383,423,315,275
528,"0135",1286,925,1000,361,286
529,"0131",1337,584,639,753,698
529,"0135",1758,1461,1634,297,124
530,"0131",803,263,291,540,512
530,"0135",589,675,726,-86,-137
531,"0131",920,317,347,603,573
531,"0135",789,869,939,-80,-150
532,"0131",670,252,278,418,392
532,"0135",719,696,762,23,-43
533,"0131",1343,361,417,982,926
533,"0135",570,870,1001,-300,-431
534,"0131",949,719,781,230,168
534,"0135",2458,1507,1735,951,723
535,"0131",1705,595,669,1110,1036
535,"0135",1411,1441,1618,-30,-207
536,"0131",638,216,249,422,389
536,"0135",464,484,543,-20,-79
537,"0131",1571,454,508,1117,1063
537,"0135",695,1011,1160,-316,-465
538,"0131",549,185,202,364,347
538,"0135",306,392,449,-86,-143
539,"0131",1410,492,540,918,870
539,"0135",1114,1129,1289,-15,-175
540,"0131",387,113,126,274,261
540,"0135",195,247,290,-52,-95
541,"0131",562,154,192,408,370
541,"0135",255,298,378,-43,-123
542,"0131",1123,407,448,716,675
542,"0135",1144,1122,1253,22,-109
543,"0131",389,95,96,294,293
543,"0135",159,272,309,-113,-150
544,"0131",1581,558,635,1023,946
544,"0135",1291,1319,1510,-28,-219
545,"0131",701,323,355,378,346
545,"0135",976,780,871,196,105
546,"0131",933,453,515,480,418
546,"0135",1553,1133,1293,420,260
547,"0131",965,367,377,598,588
547,"0135",966,943,1019,23,-53
548,"0131",767,237,282,530,485
548,"0135",645,679,767,-34,-122
549,"0131",1225,394,427,831,798
549,"0135",1000,1116,1210,-116,-210
550,"0131",1532,641,694,891,838
550,"0135",1766,1529,1698,237,68
551,"0131",1527,623,690,904,837
551,"0135",1815,1514,1746,301,69
552,"0131",957,377,397,580,560
552,"0135",999,906,1028,93,-29
553,"0131",799,276,287,523,512
553,"0135",604,640,719,-36,-115
554,"0131",550,230,236,320,314
554,"0135",560,485,533,75,27
555,"0131",807,262,301,545,506
555,"0135",619,698,759,-79,-140
556,"0131",1385,346,377,1039,1008
556,"0135",1110,1402,1605,-292,-495
557,"0131",1171,365,406,806,765
557,"0135",1344,1448,1628,-104,-284
558,"0131",2041,404,464,1637,1577
558,"0135",722,1561,1768,-839,-1046
559,"0131",1294,485,544,809,750
559,"0135",1975,1864,2093,111,-118
560,"0131",665,341,362,324,303
560,"0135",1010,807,888,203,122
561,"0131",1035,477,527,558,508
561,"0135",1470,1105,1352,365,118
562,"0131",793,311,345,482,448
562,"0135",845,765,832,80,13
563,"0131",1126,255,296,871,830
563,"0135",267,645,709,-378,-442
564,"0131",525,341,354,184,171
564,"0135",1151,819,893,332,258
565,"0131",397,176,197,221,200
565,"0135",472,325,457,147,15
566,"0131",598,281,329,317,269
566,"0135",1045,762,881,283,164
567,"0131",790,395,439,395,351
567,"0135",889,715,808,174,81
568,"0131",577,364,420,213,157
568,"0135",1083,740,809,343,274
569,"0131",1818,823,913,995,905
569,"0135",1806,1548,1715,258,91
570,"0131",1656,625,645,1031,1011
570,"0135",846,1021,1195,-175,-349
571,"0131",503,268,304,235,199
571,"0135",625,464,548,161,77
572,"0131",1079,650,716,429,363
572,"0135",1719,1189,1348,530,371
573,"0131",1061,474,508,587,553
573,"0135",1238,947,1203,291,35
574,"0131",1455,509,553,946,902
574,"0135",1090,1182,1305,-92,-215
575,"0131",990,452,504,538,486
575,"0135",1264,1087,1147,177,117
576,"0131",753,246,253,507,500
576,"0135",378,498,548,-120,-170
577,"0131",2209,721,783,1488,1426
577,"0135",1141,1502,1676,-361,-535
578,"0131",1023,417,443,606,580
578,"0135",951,919,1055,32,-104
579,"0131",392,129,133,263,259
579,"0135",165,238,273,-73,-108
580,"0131",1780,654,691,1126,1089
580,"0135",1270,1403,1570,-133,-300
581,"0131",1324,493,509,831,815
581,"0135",970,1038,1181,-68,-211
582,"0131",1559,543,577,1016,982
582,"0135",1014,1140,1323,-126,-309
583,"0131",1072,463,498,609,574
583,"0135",909,849,982,60,-73
584,"0131",718,411,457,307,261
584,"0135",1251,872,994,379,257
585,"0131",1404,705,781,699,623
585,"0135",1775,1414,1562,361,213
586,"0131",594,256,260,338,334
586,"0135",530,481,522,49,8
587,"0131",982,336,370,646,612
587,"0135",424,576,637,-152,-213
588,"0131",981,313,356,668,625
588,"0135",989,1053,1167,-64,-178
589,"0131",1452,390,428,1062,1024
589,"0135",793,1223,1283,-430,-490
590,"0131",997,263,298,734,699
590,"0135",752,958,1042,-206,-290
591,"0131",1153,353,372,800,781
591,"0135",790,998,1114,-208,-324
592,"0131",639,352,355,287,284
592,"0135",1313,1234,1168,79,145
593,"0131",668,373,428,295,240
593,"0135",1542,1297,1340,245,202
594,"0131",1016,294,311,722,705
594,"0135",632,867,988,-235,-356
595,"0131",548,185,202,363,346
595,"0135",562,593,664,-31,-102
596,"0131",1337,330,352,1007,985
596,"0135",628,1034,1151,-406,-523
597,"0131",289,199,214,90,75
597,"0135",814,563,649,251,165
598,"0131",359,128,140,231,219
598,"0135",451,447,497,4,-46
599,"0131",1192,538,583,654,609
599,"0135",1388,1195,1318,193,70
600,"0131",1254,394,418,860,836
600,"0135",719,937,1023,-218,-304
601,"0131",1943,614,701,1329,1242
601,"0135",1154,1472,1602,-318,-448
602,"0131",682,393,451,289,231
602,"0135",1252,869,972,383,280
603,"0131",661,321,357,340,304
603,"0135",754,635,732,119,22
604,"0131",1475,700,756,775,719
604,"0135",1882,1569,1726,313,156
605,"0131",328,206,230,122,98
605,"0135",789,551,603,238,186
606,"0131",1432,565,601,867,831
606,"0135",1370,1319,1535,51,-165
607,"0131",1719,820,928,899,791
607,"0135",2505,2089,2336,416,169
608,"0131",981,315,357,666,624
608,"0135",691,861,929,-170,-238
609,"0131",773,334,378,439,395
609,"0135",930,828,941,102,-11
610,"0131",403,255,325,148,78
610,"0135",1279,843,946,436,333
611,"0131",905,379,413,526,492
611,"0135",1059,940,1051,119,8
612,"0131",415,209,262,206,153
612,"0135",702,525,601,177,101
613,"0131",750,249,291,501,459
613,"0135",666,697,756,-31,-90
614,"0131",507,275,300,232,207
614,"0135",893,675,747,218,146
615,"0131",1021,365,401,656,620
615,"0135",930,1003,1097,-73,-167
616,"0131",1580,639,711,941,869
616,"0135",1968,1788,1963,180,5
617,"0131",1359,538,612,821,747
617,"0135",1408,1357,1455,51,-47
618,"0131",2886,845,935,2041,1951
618,"0135",1449,2149,2362,-700,-913
619,"0131",858,418,460,440,398
619,"0135",1325,1099,1192,226,133
620,"0131",726,278,314,448,412
620,"0135",591,649,712,-58,-121
621,"0131",1145,491,528,654,617
621,"0135",1242,1083,1230,159,12
622,"0131",1033,271,311,762,722
622,"0135",334,630,693,-296,-359
623,"0131",543,167,177,376,366
623,"0135",265,385,401,-120,-136
624,"0131",1811,951,1051,860,760
624,"0135",2353,1962,2069,391,284
625,"0131",2178,773,888,1405,1290
625,"0135",1482,1637,1849,-155,-367
626,"0131",1775,639,680,1136,1095
626,"0135",1014,1262,1384,-248,-370
627,"0131",901,309,342,592,559
627,"0135",494,650,697,-156,-203
628,"0131",748,303,352,445,396
628,"0135",653,631,703,22,-50
629,"0131",963,406,459,557,504
629,"0135",967,888,994,79,-27
630,"0131",412,229,259,183,153
630,"0135",694,506,542,188,152
631,"0131",1486,638,725,848,761
631,"0135",1825,1638,1774,187,51
632,"0131",639,358,387,281,252
632,"0135",1057,823,916,234,141
633,"0131",1515,434,475,1081,1040
633,"0135",714,1113,1204,-399,-490
634,"0131",341,217,259,124,82
634,"0135",787,557,607,230,180
635,"0131",902,307,334,595,568
635,"0135",795,850,954,-55,-159
636,"0131",962,412,447,550,515
636,"0135",1212,1087,1206,125,6
637,"0131",732,369,388,363,344
637,"0135",1203,967,1079,236,124
638,"0131",1394,382,453,1012,941
638,"0135",813,1100,1208,-287,-395
639,"0131",381,120,125,261,256
639,"0135",428,460,508,-32,-80
640,"0131",2982,935,1039,2047,1943
640,"0135",2930,3253,3650,-323,-720
641,"0131",920,384,429,536,491
641,"0135",1585,1388,1532,197,53
642,"0131",1035,323,361,712,674
642,"0135",1163,1272,1399,-109,-236
643,"0131",764,278,306,486,458
643,"0135",920,949,1037,-29,-117
644,"0131",1408,403,449,1005,959
644,"0135",1333,1579,1731,-246,-398
645,"0131",2329,922,1010,1407,1319
645,"0135",2649,2575,2887,74,-238
646,"0131",1760,598,678,1162,1082
646,"0135",2031,1919,2226,112,-195
647,"0131",962,348,400,614,562
647,"0135",1202,1129,1261,73,-59
648,"0131",424,133,149,291,275
648,"0135",377,439,494,-62,-117
649,"0131",2706,854,964,1852,1742
649,"0135",2513,2755,3025,-242,-512
650,"0131",2433,697,829,1736,1604
650,"0135",1645,2155,2379,-510,-734
651,"0131",1282,248,289,1034,993
651,"0135",346,883,969,-537,-623
652,"0131",2602,679,772,1923,1830
652,"0135",2102,2745,3029,-643,-927
653,"0131",1889,602,675,1287,1214
653,"0135",2513,2512,2856,1,-343
654,"0131",1492,448,503,1044,989
654,"0135",1717,1900,2024,-183,-307
655,"0131",1263,392,456,871,807
655,"0135",1447,1696,1714,-249,-267
656,"0131",631,160,191,471,440
656,"0135",482,626,714,-144,-232
657,"0131",911,175,210,736,701
657,"0135",461,801,899,-340,-438
658,"0131",920,314,423,606,497
658,"0135",1762,1388,1720,374,42
659,"0131",906,319,356,587,550
659,"0135",1256,1246,1375,10,-119
660,"0131",1856,499,570,1357,1286
660,"0135",1952,2287,2570,-335,-618
661,"0131",1295,423,514,872,781
661,"0135",2122,2093,2288,29,-166
662,"0131",3399,928,1021,2471,2378
662,"0135",3608,4210,4654,-602,-1046
663,"0131",896,246,257,650,639
663,"0135",621,784,908,-163,-287
664,"0131",2131,520,569,1611,1562
664,"0135",1223,1752,2047,-529,-824
665,"0131",943,241,281,702,662
665,"0135",639,848,971,-209,-332
666,"0131",2223,535,631,1688,1592
666,"0135",1756,2406,2611,-650,-855
667,"0131",597,185,281,412,316
667,"0135",1237,910,1198,327,39
668,"0131",1494,512,568,982,926
668,"0135",1974,2053,2280,-79,-306
669,"0131",795,256,286,539,509
669,"0135",1041,1124,1229,-83,-188
670,"0131",2249,380,441,1869,1808
670,"0135",2801,3638,3954,-837,-1153
671,"0131",1294,258,247,1036,1047
671,"0135",1578,2207,2271,-629,-693
672,"0131",1911,288,336,1623,1575
672,"0135",1684,2607,2812,-923,-1128
673,"0131",1344,189,222,1155,1122
673,"0135",1041,1709,1889,-668,-848
674,"0131",305,95,96,210,209
674,"0135",496,538,605,-42,-109
675,"0131",2439,275,341,2164,2098
675,"0135",1471,2823,3107,-1352,-1636
676,"0131",1886,539,660,1347,1226
676,"0135",2402,2404,2818,-2,-416
677,"0131",1129,221,244,908,885
677,"0135",450,953,1052,-503,-602
678,"0131",2073,363,393,1710,1680
678,"0135",759,1727,1924,-968,-1165
679,"0131",786,253,242,533,544
679,"0135",803,1082,1035,-279,-232
680,"0131",855,209,236,646,619
680,"0135",769,987,1106,-218,-337
681,"0131",1243,230,272,1013,971
681,"0135",619,1126,1248,-507,-629
682,"0131",1109,206,218,903,891
682,"0135",715,1239,1336,-524,-621
683,"0131",512,102,112,410,400
683,"0135",303,512,564,-209,-261
684,"0131",919,245,283,674,636
684,"0135",1160,1345,1460,-185,-300
685,"0131",459,181,210,278,249
685,"0135",1112,1005,1112,107,0
686,"0131",1335,416,460,919,875
686,"0135",798,1104,1081,-306,-283
687,"0131",977,524,586,453,391
687,"0135",1828,1420,1557,408,271
688,"0131",1067,339,380,728,687
688,"0135",861,992,1090,-131,-229
689,"0131",1137,331,389,806,748
689,"0135",518,787,865,-269,-347
690,"0131",2305,691,781,1614,1524
690,"0135",1309,1712,1955,-403,-646
691,"0131",1928,826,964,1102,964
691,"0135",1880,1711,1916,169,-36
692,"0131",1530,709,796,821,734
692,"0135",1725,1493,1618,232,107
693,"0131",1207,428,464,779,743
693,"0135",959,1036,1179,-77,-220
694,"0131",570,199,224,371,346
694,"0135",813,795,886,18,-73
695,"0131",1114,353,422,761,692
695,"0135",1626,1631,1813,-5,-187
696,"0131",1294,391,453,903,841
696,"0135",1670,1780,1961,-110,-291
697,"0131",1061,437,474,624,587
697,"0135",2120,1884,2122,236,-2
698,"0131",1184,357,413,827,771
698,"0135",1486,1420,1738,66,-252
699,"0131",1398,426,474,972,924
699,"0135",1724,1743,2059,-19,-335
700,"0131",2150,466,518,1684,1632
700,"0135",1875,2557,2809,-682,-934
701,"0131",708,264,299,444,409
701,"0135",1441,1352,1512,89,-71
702,"0131",1438,261,285,1177,1153
702,"0135",1001,1524,1768,-523,-767
703,"0131",1085,272,298,813,787
703,"0135",1310,1547,1695,-237,-385
704,"0131",1020,190,222,830,798
704,"0135",595,1090,1152,-495,-557
705,"0131",962,238,313,724,649
705,"0135",1204,1330,1513,-126,-309
706,"0131",1401,427,361,974,1040
706,"0135",1323,1733,1907,-410,-584
707,"0131",284,161,182,123,102
707,"0135",1023,821,912,202,111
708,"0131",1874,442,524,1432,1350
708,"0135",2052,2590,2786,-538,-734
709,"0131",2234,507,561,1727,1673
709,"0135",2239,2963,3253,-724,-1014
710,"0131",898,187,214,711,684
710,"0135",702,1050,1140,-348,-438
711,"0131",2440,528,639,1912,1801
711,"0135",2374,3098,3439,-724,-1065
712,"0131",1441,324,365,1117,1076
712,"0135",1716,2086,2358,-370,-642
713,"0131",1727,232,274,1495,1453
713,"0135",1520,2501,2667,-981,-1147
714,"0131",1951,264,310,1687,1641
714,"0135",1927,2880,3190,-953,-1263
715,"0131",507,114,141,393,366
715,"0135",1076,1173,1289,-97,-213
716,"0131",690,91,105,599,585
716,"0135",657,969,1090,-312,-433
717,"0131",4428,1209,1374,3219,3054
717,"0135",6094,6852,7628,-758,-1534
718,"0131",805,269,299,536,506
718,"0135",1342,1385,1570,-43,-228
719,"0131",964,198,240,766,724
719,"0135",921,1219,1381,-298,-460
720,"0131",2191,435,497,1756,1694
720,"0135",1745,2577,2873,-832,-1128
721,"0131",554,94,120,460,434
721,"0135",473,699,774,-226,-301
722,"0131",1885,405,452,1480,1433
722,"0135",1259,1944,2182,-685,-923
723,"0131",581,123,152,458,429
723,"0135",467,645,715,-178,-248
724,"0131",1276,302,343,974,933
724,"0135",1046,1429,1579,-383,-533
725,"0131",1959,443,510,1516,1449
725,"0135",1664,2269,2519,-605,-855
726,"0131",1826,390,453,1436,1373
726,"0135",1535,2133,2361,-598,-826
727,"0131",764,211,258,553,506
727,"0135",1076,1190,1293,-114,-217
728,"0131",1385,442,476,943,909
728,"0135",1245,1419,1619,-174,-374
729,"0131",2261,713,838,1548,1423
729,"0135",1989,2223,2493,-234,-504
730,"0131",1758,687,760,1071,998
730,"0135",2451,2284,2549,167,-98
731,"0131",1756,602,655,1154,1101
731,"0135",1684,1853,2046,-169,-362
732,"0131",505,132,159,373,346
732,"0135",288,435,451,-147,-163
733,"0131",2246,560,625,1686,1621
733,"0135",1158,1783,2046,-625,-888
734,"0131",1552,743,778,809,774
734,"0135",1872,1793,1869,79,3
735,"0131",2499,761,902,1738,1597
735,"0135",1443,1942,2203,-499,-760
736,"0131",1366,667,781,699,585
736,"0135",2302,1861,2105,441,197
737,"0131",787,353,401,434,386
737,"0135",1061,916,1027,145,34
738,"0131",1970,819,907,1151,1063
738,"0135",2256,2111,2369,145,-113
739,"0131",948,356,418,592,530
739,"0135",1120,1061,1217,59,-97
740,"0131",756,221,259,535,497
740,"0135",523,655,720,-132,-197
741,"0131",949,672,635,277,314
741,"0135",1746,1532,1451,214,295
742,"0131",937,420,466,517,471
742,"0135",939,893,1036,46,-97
743,"0131",770,344,403,426,367
743,"0135",828,639,836,189,-8
744,"0131",2209,709,825,1500,1384
744,"0135",1493,1764,2004,-271,-511
745,"0131",803,294,320,509,483
745,"0135",531,647,716,-116,-185
746,"0131",717,312,362,405,355
746,"0135",851,747,853,104,-2
747,"0131",734,386,431,348,303
747,"0135",1147,911,1011,236,136
748,"0131",1653,633,731,1020,922
748,"0135",1546,1500,1696,46,-150
749,"0131",1233,625,708,608,525
749,"0135",1444,1127,1246,317,198
750,"0131",1498,582,659,916,839
750,"0135",1097,1134,1265,-37,-168
751,"0131",579,376,432,203,147
751,"0135",994,561,737,433,257
752,"0131",573,247,272,326,301
752,"0135",464,472,514,-8,-50
753,"0131",1729,791,855,938,874
753,"0135",1747,1560,1723,187,24
754,"0131",1265,541,615,724,650
754,"0135",1111,967,1141,144,-30
755,"0131",1364,591,684,773,680
755,"0135",1263,1090,1245,173,18
756,"0131",1217,572,623,645,594
756,"0135",1207,1044,1191,163,16
757,"0131",986,423,460,563,526
757,"0135",606,636,727,-30,-121
758,"0131",3625,1267,1412,2358,2213
758,"0135",1684,2183,2467,-499,-783
759,"0131",1613,587,676,1026,937
759,"0135",1252,1179,1375,73,-123
760,"0131",1658,800,890,858,768
760,"0135",1824,1415,1637,409,187
761,"0131",2258,838,894,1420,1364
761,"0135",1457,1335,1823,122,-366
762,"0131",1611,824,948,787,663
762,"0135",1821,1279,1487,542,334
763,"0131",166,186,220,-20,-54
763,"0135",612,307,351,305,261
764,"0131",1012,506,581,506,431
764,"0135",1093,852,985,241,108
765,"0131",1319,499,573,820,746
765,"0135",787,850,953,-63,-166
766,"0131",249,173,198,76,51
766,"0135",513,309,350,204,163
767,"0131",1685,864,968,821,717
767,"0135",2063,1532,1710,531,353
768,"0131",1062,469,545,593,517
768,"0135",1075,927,1010,148,65
769,"0131",690,407,466,283,224
769,"0135",1124,735,873,389,251
770,"0131",672,259,287,413,385
770,"0135",540,544,593,-4,-53
771,"0131",2033,763,831,1270,1202
771,"0135",1457,1519,1690,-62,-233
772,"0131",665,336,370,329,295
772,"0135",954,667,765,287,189
773,"0131",810,373,433,437,377
773,"0135",1009,774,896,235,113
774,"0131",912,293,332,619,580
774,"0135",395,552,636,-157,-241
775,"0131",451,134,158,317,293
775,"0135",271,316,362,-45,-91
776,"0131",906,397,430,509,476
776,"0135",722,615,695,107,27
777,"0131",2528,1191,1390,1337,1138
777,"0135",2398,1901,2130,497,268
778,"0131",888,308,430,580,458
778,"0135",915,776,865,139,50
779,"0131",2251,1068,1208,1183,1043
779,"0135",2097,1693,1883,404,214
780,"0131",990,281,349,709,641
780,"0135",313,519,573,-206,-260
781,"0131",642,372,428,270,214
781,"0135",1141,709,817,432,324
782,"0131",1156,703,803,453,353
782,"0135",1527,955,1065,572,462
783,"0131",1462,594,668,868,794
783,"0135",651,741,813,-90,-162
784,"0131",970,482,524,488,446
784,"0135",857,689,756,168,101
785,"0131",725,606,651,119,74
785,"0135",1443,785,844,658,599
786,"0131",519,392,416,127,103
786,"0135",849,456,529,393,320
787,"0131",1379,782,880,597,499
787,"0135",1509,1016,1174,493,335
788,"0131",891,475,509,416,382
788,"0135",735,543,619,192,116
789,"0131",2194,1200,1303,994,891
789,"0135",1999,1542,1708,457,291
790,"0131",656,351,396,305,260
790,"0135",666,472,542,194,124
791,"0131",999,671,784,328,215
791,"0135",1445,865,965,580,480
792,"0131",739,423,524,316,215
792,"0135",1079,727,825,352,254
793,"0131",852,353,419,499,433
793,"0135",740,642,720,98,20
794,"0131",1712,844,902,868,810
794,"0135",1370,1355,1348,15,22
795,"0131",578,308,344,270,234
795,"0135",750,640,608,110,142
796,"0131",369,208,215,161,154
796,"0135",385,317,346,68,39
797,"0131",1234,588,661,646,573
797,"0135",1545,1240,1419,305,126
798,"0131",1263,500,580,763,683
798,"0135",1197,1089,1217,108,-20
799,"0131",1165,466,453,699,712
799,"0135",741,1006,976,-265,-235
800,"0131",1060,395,456,665,604
800,"0135",816,853,974,-37,-158
801,"0131",1253,398,444,855,809
801,"0135",405,716,796,-311,-391
802,"0131",987,521,562,466,425
802,"0135",1233,962,1071,271,162
803,"0131",524,320,333,204,191
803,"0135",847,604,699,243,148
804,"0131",663,241,267,422,396
804,"0135",410,472,528,-62,-118
805,"0131",853,447,486,406,367
805,"0135",1078,806,911,272,167
806,"0131",990,416,475,574,515
806,"0135",938,869,960,69,-22
807,"0131",1437,650,704,787,733
807,"0135",1282,1041,1252,241,30
808,"0131",1372,751,851,621,521
808,"0135",1674,970,1350,704,324
809,"0131",1607,820,890,787,717
809,"0135",1755,1288,1480,467,275
810,"0131",1065,430,476,635,589
810,"0135",918,846,984,72,-66
811,"0131",1299,538,484,761,815
811,"0135",706,1156,998,-450,-292
812,"0131",1374,536,584,838,790
812,"0135",1206,1170,1331,36,-125
813,"0131",1138,423,468,715,670
813,"0135",849,876,978,-27,-129
814,"0131",666,293,339,373,327
814,"0135",735,606,713,129,22
815,"0131",389,477,433,-88,-44
815,"0135",973,571,638,402,335
816,"0131",341,388,344,-47,-3
816,"0135",728,478,526,250,202
817,"0131",736,569,475,167,261
817,"0135",866,731,768,135,98
818,"0131",422,304,273,118,149
818,"0135",628,614,551,14,77
819,"0131",304,206,160,98,144
819,"0135",226,205,256,21,-30
820,"0131",339,172,147,167,192
820,"0135",207,238,265,-31,-58
821,"0131",394,153,153,241,241
821,"0135",149,250,261,-101,-112
822,"0131",132,74,62,58,70
822,"0135",79,84,90,-5,-11
823,"0131",32,7,8,25,24
823,"0135",20,25,28,-5,-8
824,"0131",839,543,476,296,363
824,"0135",796,693,763,103,33
825,"0131",373,269,235,104,138
825,"0135",403,317,354,86,49
826,"0131",1,6,5,-5,-4
826,"0135",27,19,18,8,9
827,"0131",518,189,175,329,343
827,"0135",433,559,635,-126,-202
828,"0131",8,21,10,-13,-2
828,"0135",65,46,49,19,16
829,"0131",25,139,109,-114,-84
829,"0135",440,224,281,216,159
830,"0131",140,327,298,-187,-158
830,"0135",736,333,402,403,334
831,"0131",298,476,325,-178,-27
831,"0135",597,481,400,116,197
832,"0131",503,564,540,-61,-37
832,"0135",945,540,639,405,306
833,"0131",1010,729,662,281,348
833,"0135",736,597,690,139,46
834,"0131",561,334,322,227,239
834,"0135",393,374,432,19,-39
835,"0131",213,264,238,-51,-25
835,"0135",172,61,94,111,78
836,"0131",224,111,130,113,94
836,"0135",44,76,96,-32,-52
837,"0131",98,40,42,58,56
837,"0135",62,72,88,-10,-26
838,"0131",260,191,185,69,75
838,"0135",293,193,264,100,29
839,"0131",33,62,57,-29,-24
839,"0135",47,10,15,37,32
840,"0131",1560,772,732,788,828
840,"0135",2111,1702,2030,409,81
841,"0131",1722,677,655,1045,1067
841,"0135",1686,1526,1985,160,-299
842,"0131",1199,501,455,698,744
842,"0135",1070,1142,1235,-72,-165
843,"0131",971,427,422,544,549
843,"0135",967,882,1074,85,-107
844,"0131",1186,376,374,810,812
844,"0135",806,763,1141,43,-335
845,"0131",330,241,205,89,125
845,"0135",780,495,653,285,127
846,"0131",459,302,319,157,140
846,"0135",988,722,778,266,210
847,"0131",1740,597,590,1143,1150
847,"0135",1020,1304,1543,-284,-523
848,"0131",463,320,329,143,134
848,"0135",971,598,745,373,226
849,"0131",2274,1196,1162,1078,1112
849,"0135",892,778,1017,114,-125
850,"0131",58,103,96,-45,-38
850,"0135",232,95,111,137,121
851,"0131",1754,1133,1067,621,687
851,"0135",1118,746,982,372,136
852,"0131",1264,1044,1024,220,240
852,"0135",1632,796,1006,836,626
853,"0131",699,357,368,342,331
853,"0135",159,163,227,-4,-68
854,"0131",1082,643,636,439,446
854,"0135",668,422,591,246,77
855,"0131",463,373,352,90,111
855,"0135",398,207,259,191,139
856,"0131",582,870,507,-288,75
856,"0135",861,601,457,260,404
857,"0131",896,587,699,309,197
857,"0135",833,334,487,499,346
858,"0131",391,294,312,97,79
858,"0135",472,227,274,245,198
859,"0131",919,824,804,95,115
859,"0135",1091,460,624,631,467
860,"0131",388,664,640,-276,-252
860,"0135",1318,451,537,867,781
861,"0131",478,203,207,275,271
861,"0135",87,104,201,-17,-114
862,"0131",1233,622,636,611,597
862,"0135",782,448,512,334,270
863,"0131",310,252,265,58,45
863,"0135",331,172,203,159,128
864,"0131",1983,2054,1996,-71,-13
864,"0135",1780,611,715,1169,1065
865,"0131",1691,1661,1950,30,-259
865,"0135",1901,443,613,1458,1288
866,"0131",634,977,813,-343,-179
866,"0135",1070,183,433,887,637
867,"0131",1818,1753,1793,65,25
867,"0135",1571,443,632,1128,939
868,"0131",2493,2852,2803,-359,-310
868,"0135",2721,654,921,2067,1800
869,"0131",1627,1460,1366,167,261
869,"0135",970,384,471,586,499
870,"0131",1838,2667,2594,-829,-756
870,"0135",2985,615,861,2370,2124
871,"0131",1990,1811,1898,179,92
871,"0135",1469,452,564,1017,905
872,"0131",672,578,624,94,48
872,"0135",450,140,178,310,272
873,"0131",1337,1156,1198,181,139
873,"0135",933,296,437,637,496
874,"0131",1105,1572,1422,-467,-317
874,"0135",1733,392,666,1341,1067
875,"0131",739,770,750,-31,-11
875,"0135",697,203,286,494,411
876,"0131",479,306,312,173,167
876,"0135",107,83,104,24,3
877,"0131",478,286,309,192,169
877,"0135",82,76,89,6,-7
878,"0131",631,466,468,165,163
878,"0135",233,129,156,104,77
879,"0131",193,321,315,-128,-122
879,"0135",388,72,100,316,288
880,"0131",781,787,694,-6,87
880,"0135",648,133,339,515,309
881,"0131",816,570,603,246,213
881,"0135",211,108,160,103,51
882,"0131",1516,1052,1154,464,362
882,"0135",1012,466,565,546,447
883,"0131",695,1206,1155,-511,-460
883,"0135",1844,460,589,1384,1255
884,"0131",1088,1054,1012,34,76
884,"0135",1162,453,560,709,602
885,"0131",1853,1471,1395,382,458
885,"0135",1567,811,907,756,660
886,"0131",1103,1101,978,2,125
886,"0135",1173,490,620,683,553
887,"0131",1381,949,1062,432,319
887,"0135",1241,538,684,703,557
888,"0131",1049,1352,1299,-303,-250
888,"0135",1868,589,776,1279,1092
889,"0131",1774,1298,1368,476,406
889,"0135",1280,517,714,763,566
890,"0131",0,1233,0,-1233,0
890,"0135",0,533,0,-533,0
891,"0131",841,713,685,128,156
891,"0135",831,330,449,501,382
892,"0131",619,564,500,55,119
892,"0135",503,196,266,307,237
893,"0131",1604,1597,1529,7,75
893,"0135",1784,605,820,1179,964
894,"0131",2018,1426,1351,592,667
894,"0135",1129,577,770,552,359
895,"0131",1416,1257,1367,159,49
895,"0135",1693,484,764,1209,929
896,"0131",598,431,375,167,223
896,"0135",270,167,210,103,60
897,"0131",1801,1460,1417,341,384
897,"0135",1554,629,861,925,693
898,"0131",1394,1240,1279,154,115
898,"0135",1402,524,699,878,703
899,"0131",1189,1079,1300,110,-111
899,"0135",1942,447,856,1495,1086
900,"0131",961,1204,1175,-243,-214
900,"0135",1798,520,702,1278,1096
901,"0131",948,1044,966,-96,-18
901,"0135",1354,438,558,916,796
902,"0131",1296,984,882,312,414
902,"0135",939,446,664,493,275
903,"0131",929,781,761,148,168
903,"0135",751,249,360,502,391
904,"0131",819,667,757,152,62
904,"0135",849,243,404,606,445
905,"0131",1210,1377,1336,-167,-126
905,"0135",1892,568,777,1324,1115
906,"0131",1773,1532,1494,241,279
906,"0135",1633,568,849,1065,784
907,"0131",1139,1346,1311,-207,-172
907,"0135",1770,495,698,1275,1072
908,"0131",759,590,576,169,183
908,"0135",584,252,347,332,237
909,"0131",1165,878,867,287,298
909,"0135",1108,493,683,615,425
910,"0131",695,712,667,-17,28
910,"0135",1204,489,625,715,579
911,"0131",1359,743,785,616,574
911,"0135",822,518,719,304,103
912,"0131",1226,876,828,350,398
912,"0135",1310,661,875,649,435
913,"0131",1566,1069,1039,497,527
913,"0135",1273,719,907,554,366
914,"0131",595,405,404,190,191
914,"0135",482,289,368,193,114
915,"0131",1869,1127,1073,742,796
915,"0135",1233,847,1068,386,165
916,"0131",948,908,929,40,19
916,"0135",1845,696,983,1149,862
917,"0131",1291,982,960,309,331
917,"0135",1500,768,970,732,530
918,"0131",1383,926,891,457,492
918,"0135",1071,634,786,437,285
919,"0131",1291,824,766,467,525
919,"0135",872,504,744,368,128
920,"0131",492,499,492,-7,0
920,"0135",797,294,388,503,409
921,"0131",1199,1514,1467,-315,-268
921,"0135",1715,435,578,1280,1137
922,"0131",1536,1213,1294,323,242
922,"0135",1001,350,509,651,492
923,"0131",1383,1315,1247,68,136
923,"0135",1157,395,526,762,631
924,"0131",1528,1289,1300,239,228
924,"0135",994,342,501,652,493
925,"0131",1048,1393,1334,-345,-286
925,"0135",1522,331,456,1191,1066
926,"0131",473,295,407,178,66
926,"0135",375,91,184,284,191
927,"0131",882,891,860,-9,22
927,"0135",818,217,328,601,490
928,"0131",817,961,593,-144,224
928,"0135",332,245,184,87,148
929,"0131",892,900,951,-8,-59
929,"0135",833,215,304,618,529
930,"0131",915,1164,1094,-249,-179
930,"0135",1392,336,504,1056,888
931,"0131",933,672,793,261,140
931,"0135",768,223,350,545,418
932,"0131",1387,1470,1395,-83,-8
932,"0135",1780,556,720,1224,1060
933,"0131",1043,907,1008,136,35
933,"0135",1552,445,679,1107,873
934,"0131",1778,1531,1426,247,352
934,"0135",1664,640,833,1024,831
935,"0131",1635,1482,1334,153,301
935,"0135",1606,713,842,893,764
936,"0131",410,754,723,-344,-313
936,"0135",1321,335,460,986,861
937,"0131",1280,1293,1202,-13,78
937,"0135",1585,613,709,972,876
938,"0131",899,767,749,132,150
938,"0135",788,311,387,477,401
939,"0131",1146,795,815,351,331
939,"0135",852,427,537,425,315
940,"0131",1036,1014,999,22,37
940,"0135",1241,393,578,848,663
941,"0131",533,369,369,164,164
941,"0135",304,130,179,174,125
942,"0131",948,891,813,57,135
942,"0135",1038,410,500,628,538
943,"0131",1863,1559,1466,304,397
943,"0135",1431,574,767,857,664
944,"0131",1604,1201,1148,403,456
944,"0135",1260,520,733,740,527
945,"0131",1871,1433,1330,438,541
945,"0135",1203,593,764,610,439
946,"0131",562,496,490,66,72
946,"0135",563,189,248,374,315
947,"0131",442,615,588,-173,-146
947,"0135",986,256,326,730,660
948,"0131",1567,1141,1185,426,382
948,"0135",1284,510,740,774,544
949,"0131",231,242,235,-11,-4
949,"0135",335,106,142,229,193
950,"0131",533,373,335,160,198
950,"0135",282,169,232,113,50
951,"0131",1094,1059,1215,35,-121
951,"0135",1241,293,425,948,816
952,"0131",1097,1219,1124,-122,-27
952,"0135",1193,910,462,283,731
953,"0131",1613,1385,1422,228,191
953,"0135",1175,313,502,862,673
954,"0131",1211,1022,990,189,221
954,"0135",943,246,431,697,512
955,"0131",1256,1141,1103,115,153
955,"0135",1292,469,613,823,679
956,"0131",1002,728,743,274,259
956,"0135",693,318,422,375,271
957,"0131",1267,1093,1221,174,46
957,"0135",1547,499,665,1048,882
958,"0131",1553,1269,1192,284,361
958,"0135",1314,594,751,720,563
959,"0131",383,925,878,-542,-495
959,"0135",1620,403,479,1217,1141
960,"0131",1394,924,920,470,474
960,"0135",860,413,578,447,282
961,"0131",1698,1518,1463,180,235
961,"0135",1636,702,826,934,810
962,"0131",867,767,733,100,134
962,"0135",854,291,423,563,431
963,"0131",1041,714,687,327,354
963,"0135",664,337,473,327,191
964,"0131",1298,1073,1296,225,2
964,"0135",1532,492,632,1040,900
965,"0131",1103,1130,1125,-27,-22
965,"0135",1562,500,651,1062,911
966,"0131",1742,1619,1530,123,212
966,"0135",1721,662,786,1059,935
967,"0131",791,940,1037,-149,-246
967,"0135",1546,448,570,1098,976
968,"0131",1031,1207,1206,-176,-175
968,"0135",1710,441,633,1269,1077
969,"0131",1247,1532,1263,-285,-16
969,"0135",1601,585,678,1016,923
970,"0131",1895,1156,1388,739,507
970,"0135",1452,514,737,938,715
971,"0131",1761,1740,1631,21,130
971,"0135",1933,602,894,1331,1039
972,"0131",506,300,265,206,241
972,"0135",52,92,136,-40,-84
973,"0131",799,750,704,49,95
973,"0135",853,263,417,590,436
974,"0131",2031,1587,1487,444,544
974,"0135",1366,637,794,729,572
975,"0131",597,517,510,80,87
975,"0135",523,181,252,342,271
976,"0131",1851,1486,1463,365,388
976,"0135",1211,370,673,841,538
977,"0131",876,498,475,378,401
977,"0135",202,186,253,16,-51
978,"0131",944,655,626,289,318
978,"0135",456,268,323,188,133
979,"0131",1640,1186,1452,454,188
979,"0135",1497,366,683,1131,814
980,"0131",1985,1418,1392,567,593
980,"0135",1137,531,725,606,412
981,"0131",1959,1637,1508,322,451
981,"0135",1405,624,849,781,556
982,"0131",425,421,432,4,-7
982,"0135",548,172,215,376,333
983,"0131",1466,1688,1637,-222,-171
983,"0135",1719,471,625,1248,1094
984,"0131",1173,1065,1229,108,-56
984,"0135",1168,273,430,895,738
985,"0131",1047,1447,1327,-400,-280
985,"0135",1576,540,544,1036,1032
986,"0131",1613,1753,1701,-140,-88
986,"0135",1741,487,679,1254,1062
987,"0131",1181,843,852,338,329
987,"0135",1639,1041,1256,598,383
988,"0131",1615,770,803,845,812
988,"0135",1184,1039,1230,145,-46
989,"0131",576,399,414,177,162
989,"0135",812,479,605,333,207
990,"0131",420,646,678,-226,-258
990,"0135",1780,776,960,1004,820
991,"0131",687,305,241,382,446
991,"0135",161,428,387,-267,-226
992,"0131",266,219,224,47,42
992,"0135",424,244,294,180,130
993,"0131",819,597,653,222,166
993,"0135",1135,590,807,545,328
994,"0131",916,365,380,551,536
994,"0135",466,572,660,-106,-194
995,"0131",895,852,797,43,98
995,"0135",1624,966,1064,658,560
996,"0131",929,565,612,364,317
996,"0135",1026,679,822,347,204
997,"0131",1267,1013,1125,254,142
997,"0135",1169,661,723,508,446
998,"0131",295,336,354,-41,-59
998,"0135",534,214,244,320,290
999,"0131",679,347,361,332,318
999,"0135",141,169,225,-28,-84
1000,"0131",313,233,264,80,49
1000,"0135",235,119,156,116,79
1001,"0131",791,652,681,139,110
1001,"0135",868,389,528,479,340
1002,"0131",510,433,482,77,28
1002,"0135",607,245,325,362,282
1003,"0131",300,245,255,55,45
1003,"0135",264,114,162,150,102
1004,"0131",286,320,209,-34,77
1004,"0135",197,180,137,17,60
1005,"0131",518,659,756,-141,-238
1005,"0135",514,63,93,451,421
1006,"0131",1001,1326,1427,-325,-426
1006,"0135",850,123,154,727,696
1007,"0131",254,595,633,-341,-379
1007,"0135",579,61,80,518,499
1008,"0131",957,854,870,103,87
1008,"0135",712,263,348,449,364
1009,"0131",1135,1440,1337,-305,-202
1009,"0135",1663,428,768,1235,895
1010,"0131",500,399,461,101,39
1010,"0135",348,130,159,218,189
1011,"0131",381,808,732,-427,-351
1011,"0135",958,200,245,758,713
1012,"0131",673,777,850,-104,-177
1012,"0135",993,264,349,729,644
1013,"0131",542,677,416,-135,126
1013,"0135",296,193,211,103,85
1014,"0131",1120,840,863,280,257
1014,"0135",533,268,353,265,180
1015,"0131",885,937,1034,-52,-149
1015,"0135",1082,287,390,795,692
1016,"0131",1144,1113,1113,31,31
1016,"0135",1034,364,463,670,571
1017,"0131",482,402,436,80,46
1017,"0135",394,185,218,209,176
1018,"0131",798,457,452,341,346
1018,"0135",594,414,516,180,78
1019,"0131",848,704,723,144,125
1019,"0135",1367,1274,830,93,537
1020,"0131",493,450,444,43,49
1020,"0135",811,430,475,381,336
1021,"0131",610,337,322,273,288
1021,"0135",450,330,418,120,32
1022,"0131",771,711,707,60,64
1022,"0135",940,405,513,535,427
1023,"0131",872,656,647,216,225
1023,"0135",796,398,520,398,276
1024,"0131",1111,616,630,495,481
1024,"0135",1148,796,956,352,192
1025,"0131",1290,515,510,775,780
1025,"0135",647,603,822,44,-175
1026,"0131",1295,749,759,546,536
1026,"0135",1519,959,1210,560,309
1027,"0131",877,382,379,495,498
1027,"0135",497,518,592,-21,-95
1028,"0131",785,324,333,461,452
1028,"0135",432,405,478,27,-46
1029,"0131",1432,978,1019,454,413
1029,"0135",1401,803,1003,598,398
1030,"0131",1187,928,936,259,251
1030,"0135",1363,627,788,736,575
1031,"0131",1094,694,725,400,369
1031,"0135",895,551,662,344,233
1032,"0131",1384,883,793,501,591
1032,"0135",875,692,752,183,123
1033,"0131",1168,885,947,283,221
1033,"0135",1326,660,835,666,491
1034,"0131",852,496,516,356,336
1034,"0135",594,367,455,227,139
1035,"0131",759,582,569,177,190
1035,"0135",926,465,578,461,348
1036,"0131",411,510,522,-99,-111
1036,"0135",920,334,415,586,505
1037,"0131",642,428,454,214,188
1037,"0135",486,276,352,210,134
1038,"0131",348,609,526,-261,-178
1038,"0135",1116,525,527,591,589
1039,"0131",1213,889,928,324,285
1039,"0135",1283,693,849,590,434
1040,"0131",2106,1600,1670,506,436
1040,"0135",2540,1245,1574,1295,966
1041,"0131",1488,821,852,667,636
1041,"0135",1067,770,938,297,129
1042,"0131",364,219,231,145,133
1042,"0135",201,138,164,63,37
1043,"0131",389,218,233,171,156
1043,"0135",199,170,195,29,4
1044,"0131",425,396,410,29,15
1044,"0135",719,348,405,371,314
1045,"0131",392,314,339,78,53
1045,"0135",494,236,299,258,195
1046,"0131",736,348,458,388,278
1046,"0135",384,217,358,167,26
1047,"0131",256,477,498,-221,-242
1047,"0135",1151,396,494,755,657
1048,"0131",2242,1230,1332,1012,910
1048,"0135",1426,988,1317,438,109
1049,"0131",762,556,563,206,199
1049,"0135",905,567,637,338,268
1050,"0131",1354,1045,1061,309,293
1050,"0135",1475,786,1007,689,468
1051,"0131",1388,955,1015,433,373
1051,"0135",1193,668,852,525,341
1052,"0131",851,572,619,279,232
1052,"0135",806,457,621,349,185
1053,"0131",957,693,746,264,211
1053,"0135",1028,533,706,495,322
1054,"0131",360,368,304,-8,56
1054,"0135",473,352,292,121,181
1055,"0131",1164,1158,1220,6,-56
1055,"0135",1950,841,1034,1109,916
1056,"0131",1643,1049,1060,594,583
1056,"0135",1393,855,1037,538,356
1057,"0131",906,744,800,162,106
1057,"0135",1320,620,771,700,549
1058,"0131",1399,769,803,630,596
1058,"0135",856,661,823,195,33
1059,"0131",288,269,277,19,11
1059,"0135",540,254,305,286,235
1060,"0131",1480,1226,1375,254,105
1060,"0135",1353,541,744,812,609
1061,"0131",1131,1185,1145,-54,-14
1061,"0135",1407,567,688,840,719
1062,"0131",1448,1195,1260,253,188
1062,"0135",1382,604,758,778,624
1063,"0131",994,1187,1125,-193,-131
1063,"0135",1578,611,777,967,801
1064,"0131",1088,1317,1362,-229,-274
1064,"0135",1770,594,756,1176,1014
1065,"0131",1038,725,745,313,293
1065,"0135",1115,338,490,777,625
1066,"0131",1289,868,1002,421,287
1066,"0135",699,349,467,350,232
1067,"0131",1884,1363,1569,521,315
1067,"0135",1549,761,949,788,600
1068,"0131",1826,1253,1350,573,476
1068,"0135",1188,571,681,617,507
1069,"0131",1309,1236,1306,73,3
1069,"0135",1509,577,772,932,737
1070,"0131",1157,1273,1326,-116,-169
1070,"0135",1646,544,741,1102,905
1071,"0131",1044,1174,1274,-130,-230
1071,"0135",1799,621,847,1178,952
1072,"0131",1685,1307,1493,378,192
1072,"0135",1455,524,771,931,684
1073,"0131",623,843,937,-220,-314
1073,"0135",1349,430,520,919,829
1074,"0131",1162,1099,1138,63,24
1074,"0135",1336,615,680,721,656
1075,"0131",770,636,661,134,109
1075,"0135",705,305,420,400,285
1076,"0131",1999,1250,1331,749,668
1076,"0135",2007,1068,1210,939,797
1077,"0131",772,817,878,-45,-106
1077,"0135",1522,611,790,911,732
1078,"0131",835,544,555,291,280
1078,"0135",892,479,668,413,224
1079,"0131",1448,872,934,576,514
1079,"0135",1104,706,817,398,287
1080,"0131",426,247,178,179,248
1080,"0135",147,274,242,-127,-95
1081,"0131",505,273,288,232,217
1081,"0135",367,271,330,96,37
1082,"0131",1585,715,754,870,831
1082,"0135",684,666,876,18,-192
1083,"0131",760,524,555,236,205
1083,"0135",991,545,702,446,289
1084,"0131",1227,998,1029,229,198
1084,"0135",1660,845,1051,815,609
1085,"0131",1343,965,1050,378,293
1085,"0135",1478,777,969,701,509
1086,"0131",1188,837,898,351,290
1086,"0135",1050,570,721,480,329
1087,"0131",1697,1060,1218,637,479
1087,"0135",1719,882,1249,837,470
1088,"0131",1276,952,1036,324,240
1088,"0135",1567,796,1010,771,557
1089,"0131",1837,1107,1200,730,637
1089,"0135",1604,1019,1298,585,306
1090,"0131",893,612,653,281,240
1090,"0135",1094,548,716,546,378
1091,"0131",1210,941,1017,269,193
1091,"0135",1644,682,992,962,652
1092,"0131",1272,746,914,526,358
1092,"0135",1460,707,968,753,492
1093,"0131",1860,938,999,922,861
1093,"0135",983,831,1036,152,-53
1094,"0131",427,334,367,93,60
1094,"0135",702,370,441,332,261
1095,"0131",1635,799,1067,836,568
1095,"0135",1455,845,1148,610,307
1096,"0131",557,544,505,13,52
1096,"0135",913,499,549,414,364
1097,"0131",760,570,574,190,186
1097,"0135",972,519,636,453,336
1098,"0131",778,714,775,64,3
1098,"0135",1404,667,803,737,601
1099,"0131",679,505,528,174,151
1099,"0135",1022,633,810,389,212
1100,"0131",1940,857,859,1083,1081
1100,"0135",812,1042,1243,-230,-431
1101,"0131",1198,653,691,545,507
1101,"0135",921,616,744,305,177
1102,"0131",480,363,264,117,216
1102,"0135",370,421,390,-51,-20
1103,"0131",792,601,594,191,198
1103,"0135",1221,677,922,544,299
1104,"0131",662,515,521,147,141
1104,"0135",702,432,523,270,179
1105,"0131",909,698,704,211,205
1105,"0135",1009,606,790,403,219
1106,"0131",280,137,127,143,153
1106,"0135",110,124,163,-14,-53
1107,"0131",4,1,2,3,2
1107,"0135",7,3,5,4,2
1108,"0131",2,3,3,-1,-1
1108,"0135",14,5,8,9,6
1109,"0131",4,0,1,4,3
1109,"0135",22,9,17,13,5
1110,"0131",10,1,7,9,3
1110,"0135",12,3,11,9,1
1111,"0131",43,8,13,35,30
1111,"0135",21,33,42,-12,-21
1112,"0131",9,3,4,6,5
1112,"0135",6,6,8,0,-2
1113,"0131",0,0,0,0,0
1113,"0135",0,0,0,0,0
1114,"0131",21,5,6,16,15
1114,"0135",62,30,51,32,11
1115,"0131",18,15,25,3,-7
1115,"0135",51,17,30,34,21
1116,"0131",8,1,2,7,6
1116,"0135",2,2,4,0,-2
1117,"0131",687,612,590,75,97
1117,"0135",1243,583,743,660,500
1118,"0131",461,196,216,265,245
1118,"0135",92,156,190,-64,-98
1119,"0131",2086,1387,1360,699,726
1119,"0135",2346,1521,1791,825,555
1120,"0131",1410,898,948,512,462
1120,"0135",1562,842,1114,720,448
1121,"0131",2526,1191,1111,1335,1415
1121,"0135",1298,1424,1558,-126,-260
1122,"0131",1137,1126,1152,11,-15
1122,"0135",2121,914,1146,1207,975
1123,"0131",1398,719,729,679,669
1123,"0135",813,717,842,96,-29
1124,"0131",626,524,523,102,103
1124,"0135",1003,544,646,459,357
1125,"0131",1319,883,754,436,565
1125,"0135",1113,869,971,244,142
1126,"0131",298,155,152,143,146
1126,"0135",272,190,228,82,44
1127,"0131",1345,716,679,629,666
1127,"0135",832,701,852,131,-20
1128,"0131",999,520,518,479,481
1128,"0135",624,564,647,60,-23
1129,"0131",422,366,363,56,59
1129,"0135",686,361,430,325,256
1130,"0131",1464,756,671,708,793
1130,"0135",713,798,828,-85,-115
1131,"0131",796,508,522,288,274
1131,"0135",856,514,599,342,257
1132,"0131",723,542,526,181,197
1132,"0135",921,514,621,407,300
1133,"0131",617,361,414,256,203
1133,"0135",712,408,540,304,172
1134,"0131",612,443,447,169,165
1134,"0135",868,519,591,349,277
1135,"0131",46,6,11,40,35
1135,"0135",5,17,23,-12,-18
1136,"0131",529,201,297,328,232
1136,"0135",606,456,553,150,53
1137,"0131",226,210,70,16,156
1137,"0135",130,528,199,-398,-69
1138,"0131",3,33,22,-30,-19
1138,"0135",67,22,30,45,37
1139,"0131",39,7,9,32,30
1139,"0135",16,32,35,-16,-19
1140,"0131",1,1,2,0,-1
1140,"0135",15,3,10,12,5
1141,"0131",3,0,0,3,3
1141,"0135",2,0,4,2,-2
1142,"0131",0,3,7,-3,-7
1142,"0135",36,11,17,25,19
1143,"0131",29,20,22,9,7
1143,"0135",49,32,30,17,19
1144,"0131",234,242,343,-8,-109
1144,"0135",859,220,401,639,458
1145,"0131",647,480,459,167,188
1145,"0135",746,352,497,394,249
1146,"0131",14,2,2,12,12
1146,"0135",10,9,14,1,-4
1147,"0131",0,0,2,0,-2
1147,"0135",12,3,8,9,4
1148,"0131",1236,464,446,772,790
1148,"0135",1365,1211,1444,154,-79
1149,"0131",1259,444,462,815,797
1149,"0135",1142,1220,1318,-78,-176
1150,"0131",1124,386,357,738,767
1150,"0135",721,952,986,-231,-265
1151,"0131",736,245,206,491,530
1151,"0135",352,616,605,-264,-253
1152,"0131",1338,525,557,813,781
1152,"0135",1308,1034,1328,274,-20
1153,"0131",595,219,228,376,367
1153,"0135",490,437,551,53,-61
1154,"0131",316,228,244,88,72
1154,"0135",774,435,536,339,238
1155,"0131",1614,804,898,810,716
1155,"0135",2198,1539,1830,659,368
1156,"0131",528,212,193,316,335
1156,"0135",536,457,576,79,-40
1157,"0131",1700,708,741,992,959
1157,"0135",1484,1274,1544,210,-60
1158,"0131",1053,483,526,570,527
1158,"0135",1370,834,1172,536,198
1159,"0131",586,267,283,319,303
1159,"0135",523,423,535,100,-12
1160,"0131",1154,554,615,600,539
1160,"0135",1335,713,887,622,448
1161,"0131",844,601,586,243,258
1161,"0135",1389,668,880,721,509
1162,"0131",1133,611,618,522,515
1162,"0135",1597,859,1104,738,493
1163,"0131",477,252,263,225,214
1163,"0135",614,343,428,271,186
1164,"0131",967,470,557,497,410
1164,"0135",987,527,742,460,245
1165,"0131",688,377,467,311,221
1165,"0135",982,409,632,573,350
1166,"0131",856,335,320,521,536
1166,"0135",497,441,584,56,-87
1167,"0131",985,401,404,584,581
1167,"0135",642,528,678,114,-36
1168,"0131",1081,414,422,667,659
1168,"0135",826,739,916,87,-90
1169,"0131",1069,443,424,626,645
1169,"0135",1134,940,1124,194,10
1170,"0131",860,451,400,409,460
1170,"0135",1072,880,941,192,131
1171,"0131",114,81,80,33,34
1171,"0135",302,183,208,119,94
1172,"0131",972,458,435,514,537
1172,"0135",653,524,599,129,54
1173,"0131",887,492,472,395,415
1173,"0135",1046,623,788,423,258
1174,"0131",607,327,365,280,242
1174,"0135",789,250,532,539,257
1175,"0131",1341,720,670,621,671
1175,"0135",1102,840,981,262,121
1176,"0131",1221,898,902,323,319
1176,"0135",2049,955,1306,1094,743
1177,"0131",1073,817,794,256,279
1177,"0135",1950,911,1153,1039,797
1178,"0131",813,373,370,440,443
1178,"0135",553,381,516,172,37
1179,"0131",1088,572,692,516,396
1179,"0135",1402,732,959,670,443
1180,"0131",578,295,312,283,266
1180,"0135",522,318,407,204,115
1181,"0131",1101,570,588,531,513
1181,"0135",1040,619,801,421,239
1182,"0131",381,467,295,-86,86
1182,"0135",674,465,404,209,270
1183,"0131",622,304,303,318,319
1183,"0135",480,318,422,162,58
1184,"0131",288,151,162,137,126
1184,"0135",287,186,244,101,43
1185,"0131",465,162,176,303,289
1185,"0135",75,158,187,-83,-112
1186,"0131",781,567,593,214,188
1186,"0135",1101,542,684,559,417
1187,"0131",353,169,172,184,181
1187,"0135",292,189,250,103,42
1188,"0131",655,448,455,207,200
1188,"0135",951,483,606,468,345
1189,"0131",407,227,229,180,178
1189,"0135",410,187,344,223,66
1190,"0131",1214,407,430,807,784
1190,"0135",1000,1040,1192,-40,-192
1191,"0131",1172,323,341,849,831
1191,"0135",554,788,953,-234,-399
1192,"0131",886,438,422,448,464
1192,"0135",811,755,785,56,26
1193,"0131",1115,389,416,726,699
1193,"0135",499,605,760,-106,-261
1194,"0131",308,120,131,188,177
1194,"0135",210,194,230,16,-20
1195,"0131",474,72,79,402,395
1195,"0135",70,278,315,-208,-245
1196,"0131",256,100,98,156,158
1196,"0135",284,268,327,16,-43
1197,"0131",323,72,83,251,240
1197,"0135",149,226,273,-77,-124
1198,"0131",1269,380,402,889,867
1198,"0135",1403,1242,1682,161,-279
1199,"0131",991,238,257,753,734
1199,"0135",617,827,977,-210,-360
1200,"0131",818,229,257,589,561
1200,"0135",766,711,965,55,-199
1201,"0131",1056,343,341,713,715
1201,"0135",1057,1049,1281,8,-224
1202,"0131",537,158,170,379,367
1202,"0135",511,544,640,-33,-129
1203,"0131",94,60,71,34,23
1203,"0135",277,184,215,93,62
1204,"0131",1124,327,360,797,764
1204,"0135",1024,1036,1245,-12,-221
1205,"0131",281,164,172,117,109
1205,"0135",795,541,621,254,174
1206,"0131",448,304,319,144,129
1206,"0135",1456,934,1141,522,315
1207,"0131",990,359,372,631,618
1207,"0135",1170,1047,1229,123,-59
1208,"0131",1168,244,231,924,937
1208,"0135",325,762,901,-437,-576
1209,"0131",626,282,285,344,341
1209,"0135",752,536,671,216,81
1210,"0131",433,154,177,279,256
1210,"0135",394,345,420,49,-26
1211,"0131",957,433,465,524,492
1211,"0135",1246,895,1108,351,138
1212,"0131",674,160,216,514,458
1212,"0135",399,341,576,58,-177
1213,"0131",876,437,449,439,427
1213,"0135",1315,927,1088,388,227
1214,"0131",1045,553,594,492,451
1214,"0135",1725,1069,1382,656,343
1215,"0131",703,477,457,226,246
1215,"0135",1452,880,1102,572,350
1216,"0131",596,250,169,346,427
1216,"0135",245,406,428,-161,-183
1217,"0131",465,233,238,232,227
1217,"0135",635,444,541,191,94
1218,"0131",759,344,364,415,395
1218,"0135",906,630,784,276,122
1219,"0131",1003,292,339,711,664
1219,"0135",643,692,880,-49,-237
1220,"0131",1097,375,382,722,715
1220,"0135",619,692,841,-73,-222
1221,"0131",768,729,330,39,438
1221,"0135",618,1010,632,-392,-14
1222,"0131",1809,597,616,1212,1193
1222,"0135",963,1073,1336,-110,-373
1223,"0131",1053,602,446,451,607
1223,"0135",895,996,893,-101,2
1224,"0131",914,237,294,677,620
1224,"0135",511,503,651,8,-140
1225,"0131",998,608,606,390,392
1225,"0135",1786,969,1287,817,499
1226,"0131",303,237,232,66,71
1226,"0135",802,433,519,369,283
1227,"0131",1268,630,651,638,617
1227,"0135",1497,967,1216,530,281
1228,"0131",460,293,280,167,180
1228,"0135",931,520,647,411,284
1229,"0131",122,96,97,26,25
1229,"0135",311,181,208,130,103
1230,"0131",1066,775,881,291,185
1230,"0135",1905,755,1064,1150,841
1231,"0131",1461,735,675,726,786
1231,"0135",1017,677,955,340,62
1232,"0131",1334,793,838,541,496
1232,"0135",1415,627,933,788,482
1233,"0131",904,518,506,386,398
1233,"0135",753,420,558,333,195
1234,"0131",1188,651,563,537,625
1234,"0135",669,523,621,146,48
1235,"0131",121,263,264,-142,-143
1235,"0135",666,170,236,496,430
1236,"0131",264,135,134,129,130
1236,"0135",154,118,145,36,9
1237,"0131",1193,577,683,616,510
1237,"0135",993,450,694,543,299
1238,"0131",1261,542,545,719,716
1238,"0135",636,539,658,97,-22
1239,"0131",278,179,190,99,88
1239,"0135",842,535,644,307,198
1240,"0131",1284,411,438,873,846
1240,"0135",1485,1423,1689,62,-204
1241,"0131",502,169,124,333,378
1241,"0135",347,605,531,-258,-184
1242,"0131",781,244,245,537,536
1242,"0135",632,673,825,-41,-193
1243,"0131",95,21,25,74,70
1243,"0135",42,73,82,-31,-40
1244,"0131",19,6,10,13,9
1244,"0135",16,10,13,6,3
1245,"0131",1423,1090,991,333,432
1245,"0135",1351,662,760,689,591
1246,"0131",680,455,369,225,311
1246,"0135",354,226,283,128,71
1247,"0131",405,466,575,-61,-170
1247,"0135",1232,277,458,955,774
1248,"0131",673,410,379,263,294
1248,"0135",457,318,309,139,148
1249,"0131",214,95,113,119,101
1249,"0135",76,57,76,19,0
1250,"0131",833,404,433,429,400
1250,"0135",495,333,420,162,75
1251,"0131",341,335,351,6,-10
1251,"0135",710,274,325,436,385
1252,"0131",1284,893,894,391,390
1252,"0135",1421,729,865,692,556
1253,"0131",779,548,574,231,205
1253,"0135",860,410,498,450,362
1254,"0131",146,71,114,75,32
1254,"0135",206,72,99,134,107
1255,"0131",1092,557,493,535,599
1255,"0135",530,498,540,32,-10
1256,"0131",730,419,437,311,293
1256,"0135",637,372,446,265,191
1257,"0131",1429,826,770,603,659
1257,"0135",1053,1002,995,51,58
1258,"0131",1100,671,616,429,484
1258,"0135",1435,1190,1227,245,208
1259,"0131",809,375,382,434,427
1259,"0135",615,599,673,16,-58
1260,"0131",100,148,156,-48,-56
1260,"0135",439,217,233,222,206
1261,"0131",610,292,284,318,326
1261,"0135",527,461,580,66,-53
1262,"0131",1514,672,711,842,803
1262,"0135",1339,1317,1408,22,-69
1263,"0131",432,318,314,114,118
1263,"0135",681,411,464,270,217
1264,"0131",891,457,476,434,415
1264,"0135",835,766,772,69,63
1265,"0131",350,250,320,100,30
1265,"0135",1043,625,698,418,345
1266,"0131",1673,704,701,969,972
1266,"0135",1203,1235,1439,-32,-236
1267,"0131",566,327,349,239,217
1267,"0135",551,386,471,165,80
1268,"0131",190,302,171,-112,19
1268,"0135",373,349,230,24,143
1269,"0131",804,300,327,504,477
1269,"0135",323,453,496,-130,-173
1270,"0131",312,146,148,166,164
1270,"0135",251,235,269,16,-18
1271,"0131",464,232,236,232,228
1271,"0135",390,359,393,31,-3
1272,"0131",1815,689,718,1126,1097
1272,"0135",1259,1061,1313,198,-54
1273,"0131",1730,595,622,1135,1108
1273,"0135",586,941,1080,-355,-494
1274,"0131",182,103,100,79,82
1274,"0135",305,179,210,126,95
1275,"0131",74,30,34,44,40
1275,"0135",171,115,148,56,23
1276,"0131",247,72,78,175,169
1276,"0135",112,140,169,-28,-57
1277,"0131",76,26,31,50,45
1277,"0135",54,52,57,2,-3
1278,"0131",78,2,8,76,70
1278,"0135",18,35,67,-17,-49
1279,"0131",213,56,49,157,164
1279,"0135",45,111,123,-66,-78
1280,"0131",65,16,32,49,33
1280,"0135",68,67,71,1,-3
1281,"0131",1350,934,1061,416,289
1281,"0135",1502,788,1008,714,494
1282,"0131",931,781,880,150,51
1282,"0135",1342,612,770,730,572
1283,"0131",1495,1219,1287,276,208
1283,"0135",1888,928,1159,960,729
1284,"0131",1033,817,915,216,118
1284,"0135",1262,563,718,699,544
1285,"0131",504,326,370,178,134
1285,"0135",622,300,382,322,240
1286,"0131",1104,767,953,337,151
1286,"0135",1427,592,861,835,566
1287,"0131",516,537,576,-21,-60
1287,"0135",902,335,421,567,481
1288,"0131",1209,1032,1109,177,100
1288,"0135",1650,682,901,968,749
1289,"0131",202,134,141,68,61
1289,"0135",219,126,154,93,65
1290,"0131",80,89,117,-9,-37
1290,"0135",213,63,92,150,121
1291,"0131",517,287,334,230,183
1291,"0135",272,159,232,113,40
1292,"0131",78,18,20,60,58
1292,"0135",3,34,41,-31,-38
1293,"0131",25,8,13,17,12
1293,"0135",19,2,20,17,-1
1294,"0131",118,96,111,22,7
1294,"0135",277,138,173,139,104
1295,"0131",6,70,80,-64,-74
1295,"0135",181,44,70,137,111
1296,"0131",197,435,483,-238,-286
1296,"0135",737,173,247,564,490
1297,"0131",22,10,13,12,9
1297,"0135",7,5,6,2,1
1298,"0131",878,447,438,431,440
1298,"0135",272,378,442,-106,-170
1299,"0131",536,554,549,-18,-13
1299,"0135",1174,671,746,503,428
1300,"0131",564,685,664,-121,-100
1300,"0135",1157,559,642,598,515
1301,"0131",1056,815,862,241,194
1301,"0135",1600,814,1050,786,550
1302,"0131",840,520,515,320,325
1302,"0135",628,520,569,108,59
1303,"0131",773,491,467,282,306
1303,"0135",656,489,565,167,91
1304,"0131",604,523,491,81,113
1304,"0135",776,490,549,286,227
1305,"0131",1116,866,880,250,236
1305,"0135",1497,788,1079,709,418
1306,"0131",325,310,393,15,-68
1306,"0135",833,314,437,519,396
1307,"0131",344,207,188,137,156
1307,"0135",217,189,218,28,-1
1308,"0131",864,722,770,142,94
1308,"0135",1419,791,868,628,551
1309,"0131",95,150,132,-55,-37
1309,"0135",334,138,167,196,167
1310,"0131",64,9,14,55,50
1310,"0135",6,28,45,-22,-39
1311,"0131",60,18,21,42,39
1311,"0135",39,52,57,-13,-18
1312,"0131",243,191,172,52,71
1312,"0135",277,187,212,90,65
1313,"0131",76,135,103,-59,-27
1313,"0135",321,125,179,196,142
1314,"0131",991,1121,1285,-130,-294
1314,"0135",1575,319,514,1256,1061
1315,"0131",1509,1067,1058,442,451
1315,"0135",832,411,543,421,289
1316,"0131",116,295,295,-179,-179
1316,"0135",468,73,120,395,348
1317,"0131",1343,1076,1200,267,143
1317,"0135",1305,409,598,896,707
1318,"0131",1067,1117,1088,-50,-21
1318,"0135",1265,335,514,930,751
1319,"0131",910,967,950,-57,-40
1319,"0135",1109,315,421,794,688
1320,"0131",1608,1079,1059,529,549
1320,"0135",702,367,490,335,212
1321,"0131",808,882,932,-74,-124
1321,"0135",1187,277,414,910,773
1322,"0131",996,1170,1089,-174,-93
1322,"0135",1301,370,495,931,806
1323,"0131",908,1006,1093,-98,-185
1323,"0135",1355,378,499,977,856
1324,"0131",926,962,938,-36,-12
1324,"0135",1100,318,474,782,626
1325,"0131",293,254,278,39,15
1325,"0135",278,86,119,192,159
1326,"0131",192,403,309,-211,-117
1326,"0135",659,142,270,517,389
1327,"0131",1272,956,924,316,348
1327,"0135",747,362,479,385,268
1328,"0131",846,612,794,234,52
1328,"0135",905,254,390,651,515
1329,"0131",501,507,475,-6,26
1329,"0135",454,134,192,320,262
1330,"0131",1015,951,909,64,106
1330,"0135",1016,324,419,692,597
1331,"0131",1282,877,1035,405,247
1331,"0135",1088,383,528,705,560
1332,"0131",1446,903,1199,543,247
1332,"0135",1200,335,556,865,644
1333,"0131",1118,1077,1037,41,81
1333,"0135",1175,350,483,825,692
1334,"0131",1556,1055,1042,501,514
1334,"0135",774,325,491,449,283
1335,"0131",782,710,684,72,98
1335,"0135",664,214,236,450,428
1336,"0131",1401,1036,1009,365,392
1336,"0135",927,423,510,504,417
1337,"0131",1153,1112,1068,41,85
1337,"0135",1141,315,498,826,643
1338,"0131",441,854,862,-413,-421
1338,"0135",1277,248,329,1029,948
1339,"0131",1175,866,984,309,191
1339,"0135",887,322,437,565,450
1340,"0131",737,606,644,131,93
1340,"0135",703,257,338,446,365
1341,"0131",480,500,498,-20,-18
1341,"0135",598,156,235,442,363
1342,"0131",1212,812,804,400,408
1342,"0135",812,475,550,337,262
1343,"0131",1060,738,766,322,294
1343,"0135",963,457,593,506,370
1344,"0131",1442,879,874,563,568
1344,"0135",880,487,671,393,209
1345,"0131",1064,930,892,134,172
1345,"0135",1210,528,664,682,546
1346,"0131",1070,705,730,365,340
1346,"0135",710,395,507,315,203
1347,"0131",1069,700,810,369,259
1347,"0135",986,462,607,524,379
1348,"0131",1440,730,748,710,692
1348,"0135",589,501,636,88,-47
1349,"0131",887,793,791,94,96
1349,"0135",1145,437,555,708,590
1350,"0131",831,547,535,284,296
1350,"0135",606,329,425,277,181
1351,"0131",900,792,764,108,136
1351,"0135",1095,413,556,682,539
1352,"0131",1205,854,812,351,393
1352,"0135",854,445,567,409,287
1353,"0131",944,617,578,327,366
1353,"0135",528,313,395,215,133
1354,"0131",1591,795,802,796,789
1354,"0135",725,657,819,68,-94
1355,"0131",865,731,687,134,178
1355,"0135",1380,690,854,690,526
1356,"0131",1298,802,697,496,601
1356,"0135",717,622,673,95,44
1357,"0131",951,568,546,383,405
1357,"0135",755,491,633,264,122
1358,"0131",1207,674,762,533,445
1358,"0135",1082,596,837,486,245
1359,"0131",814,606,624,208,190
1359,"0135",927,470,556,457,371
1360,"0131",435,192,196,243,239
1360,"0135",150,160,215,-10,-65
1361,"0131",527,449,434,78,93
1361,"0135",732,359,435,373,297
1362,"0131",1156,1296,1354,-140,-198
1362,"0135",1464,321,479,1143,985
1363,"0131",1101,956,1140,145,-39
1363,"0135",1211,322,446,889,765
1364,"0131",992,865,856,127,136
1364,"0135",730,251,351,479,379
1365,"0131",904,1089,1123,-185,-219
1365,"0135",1419,398,517,1021,902
1366,"0131",136,1064,153,-928,-17
1366,"0135",158,325,47,-167,111
1367,"0131",1350,999,998,351,352
1367,"0135",667,337,412,330,255
1368,"0131",622,739,709,-117,-87
1368,"0135",858,229,306,629,552
1369,"0131",1145,1125,1068,20,77
1369,"0135",1702,641,751,1061,951
1370,"0131",936,670,639,266,297
1370,"0135",802,439,492,363,310
1371,"0131",499,1030,1008,-531,-509
1371,"0135",2129,597,690,1532,1439
1372,"0131",1187,888,853,299,334
1372,"0135",1119,546,646,573,473
1373,"0131",695,682,669,13,26
1373,"0135",1073,356,481,717,592
1374,"0131",562,486,486,76,76
1374,"0135",681,284,365,397,316
1375,"0131",1475,1037,1054,438,421
1375,"0135",1171,656,790,515,381
1376,"0131",303,213,208,90,95
1376,"0135",281,142,187,139,94
1377,"0131",1000,867,790,133,210
1377,"0135",1350,607,842,743,508
1378,"0131",1131,666,648,465,483
1378,"0135",619,428,566,191,53
1379,"0131",884,524,523,360,361
1379,"0135",591,355,485,236,106
1380,"0131",642,626,636,16,6
1380,"0135",1005,461,521,544,484
1381,"0131",723,676,643,47,80
1381,"0135",977,431,564,546,413
1382,"0131",1217,982,979,235,238
1382,"0135",1406,591,787,815,619
1383,"0131",281,219,231,62,50
1383,"0135",353,150,218,203,135
1384,"0131",774,778,779,-4,-5
1384,"0135",1008,296,409,712,599
1385,"0131",753,1024,998,-271,-245
1385,"0135",1560,356,492,1204,1068
1386,"0131",947,750,864,197,83
1386,"0135",1078,288,472,790,606
1387,"0131",773,628,582,145,191
1387,"0135",547,223,286,324,261
1388,"0131",1087,1153,1111,-66,-24
1388,"0135",1497,539,642,958,855
1389,"0131",1056,1196,1163,-140,-107
1389,"0135",1549,456,718,1093,831
1390,"0131",517,349,330,168,187
1390,"0135",341,200,251,141,90
1391,"0131",1141,1097,1078,44,63
1391,"0135",1470,625,771,845,699
1392,"0131",1065,931,911,134,154
1392,"0135",954,494,560,460,394
1393,"0131",1140,1064,1013,76,127
1393,"0135",1226,483,657,743,569
1394,"0131",647,639,647,8,0
1394,"0135",810,323,384,487,426
1395,"0131",1028,598,618,430,410
1395,"0135",443,276,427,167,16
1396,"0131",506,573,557,-67,-51
1396,"0135",846,296,373,550,473
1397,"0131",914,1079,1063,-165,-149
1397,"0135",1458,421,613,1037,845
1398,"0131",1088,1038,995,50,93
1398,"0135",1273,491,617,782,656
1399,"0131",595,767,612,-172,-17
1399,"0135",874,367,359,507,515
1400,"0131",753,570,546,183,207
1400,"0135",425,232,292,193,133
1401,"0131",859,729,772,130,87
1401,"0135",941,395,462,546,479
1402,"0131",1195,817,783,378,412
1402,"0135",674,404,502,270,172
1403,"0131",898,704,732,194,166
1403,"0135",799,363,424,436,375
1404,"0131",679,815,835,-136,-156
1404,"0135",1059,300,375,759,684
1405,"0131",612,740,772,-128,-160
1405,"0135",1081,306,421,775,660
1406,"0131",291,387,382,-96,-91
1406,"0135",559,113,175,446,384
1407,"0131",1331,1235,1301,96,30
1407,"0135",1290,345,531,945,759
1408,"0131",1031,1207,1208,-176,-177
1408,"0135",1584,442,594,1142,990
1409,"0131",1202,1292,978,-90,224
1409,"0135",862,402,458,460,404
1410,"0131",954,693,837,261,117
1410,"0135",801,249,378,552,423
1411,"0131",489,958,972,-469,-483
1411,"0135",1540,321,418,1219,1122
1412,"0131",250,340,332,-90,-82
1412,"0135",373,91,125,282,248
1413,"0131",1794,1479,1515,315,279
1413,"0135",1461,490,732,971,729
1414,"0131",1063,1072,1105,-9,-42
1414,"0135",1304,440,597,864,707
1415,"0131",736,786,789,-50,-53
1415,"0135",1014,330,435,684,579
1416,"0131",906,777,958,129,-52
1416,"0135",1103,266,408,837,695
1417,"0131",828,674,642,154,186
1417,"0135",607,232,341,375,266
1418,"0131",852,573,524,279,328
1418,"0135",388,288,307,100,81
1419,"0131",546,532,500,14,46
1419,"0135",896,389,412,507,484
1420,"0131",982,662,589,320,393
1420,"0135",740,395,521,345,219
1421,"0131",256,515,468,-259,-212
1421,"0135",1074,301,404,773,670
1422,"0131",1288,1046,961,242,327
1422,"0135",1588,747,983,841,605
1423,"0131",1729,860,889,869,840
1423,"0135",886,611,899,275,-13
1424,"0131",1870,1640,1643,230,227
1424,"0135",2736,1160,1482,1576,1254
1425,"0131",1307,837,781,470,526
1425,"0135",973,589,762,384,211
1426,"0131",2256,1044,1170,1212,1086
1426,"0135",1165,588,1090,577,75
1427,"0131",608,490,482,118,126
1427,"0135",833,355,467,478,366
1428,"0131",128,129,104,-1,24
1428,"0135",216,96,122,120,94
1429,"0131",654,536,599,118,55
1429,"0135",1056,375,557,681,499
1430,"0131",1417,938,985,479,432
1430,"0135",1370,594,857,776,513
1431,"0131",790,500,494,290,296
1431,"0135",654,380,472,274,182
1432,"0131",1101,710,768,391,333
1432,"0135",1140,560,722,580,418
1433,"0131",1478,1064,1060,414,418
1433,"0135",1365,621,886,744,479
1434,"0131",774,763,806,11,-32
1434,"0135",1484,437,672,1047,812
1435,"0131",892,721,710,171,182
1435,"0135",1099,475,626,624,473
1436,"0131",1940,1586,1401,354,539
1436,"0135",1761,873,1098,888,663
1437,"0131",841,501,511,340,330
1437,"0135",583,325,445,258,138
1438,"0131",867,505,502,362,365
1438,"0135",547,364,454,183,93
1439,"0131",675,512,478,163,197
1439,"0135",653,322,412,331,241
1440,"0131",557,353,369,204,188
1440,"0135",524,253,369,271,155
1441,"0131",1055,855,921,200,134
1441,"0135",1666,621,791,1045,875
1442,"0131",912,698,803,214,109
1442,"0135",1324,441,693,883,631
1443,"0131",786,792,912,-6,-126
1443,"0135",1726,531,770,1195,956
1444,"0131",2007,1325,1153,682,854
1444,"0135",1381,801,1004,580,377
1445,"0131",1005,494,552,511,453
1445,"0135",396,354,443,42,-47
1446,"0131",396,409,384,-13,12
1446,"0135",662,213,309,449,353
1447,"0131",865,612,620,253,245
1447,"0135",810,608,692,202,118
1448,"0131",1073,630,638,443,435
1448,"0135",650,626,712,24,-62
1449,"0131",194,377,513,-183,-319
1449,"0135",1220,509,603,711,617
1450,"0131",1081,646,704,435,377
1450,"0135",880,798,875,82,5
1451,"0131",670,757,785,-87,-115
1451,"0135",1289,681,739,608,550
1452,"0131",736,651,662,85,74
1452,"0135",1245,840,875,405,370
1453,"0131",1328,791,908,537,420
1453,"0135",1234,959,1079,275,155
1454,"0131",539,515,526,24,13
1454,"0135",855,522,591,333,264
1455,"0131",946,669,705,277,241
1455,"0135",1025,702,782,323,243
1456,"0131",709,462,486,247,223
1456,"0135",677,526,592,151,85
1457,"0131",953,601,617,352,336
1457,"0135",950,744,839,206,111
1458,"0131",32,11,15,21,17
1458,"0135",10,23,17,-13,-7
1459,"0131",10,4,4,6,6
1459,"0135",29,16,24,13,5
1460,"0131",52,110,107,-58,-55
1460,"0135",177,55,70,122,107
1461,"0131",48,21,26,27,22
1461,"0135",30,34,33,-4,-3
1462,"0131",16,18,21,-2,-5
1462,"0135",38,19,23,19,15
1463,"0131",0,0,0,0,0
1463,"0135",0,1,0,-1,0
1464,"0131",6,19,18,-13,-12
1464,"0135",76,37,40,39,36
1465,"0131",67,10,14,57,53
1465,"0135",3,24,32,-21,-29
1466,"0131",458,293,272,165,186
1466,"0135",650,479,523,171,127
1467,"0131",646,243,225,403,421
1467,"0135",274,275,456,-1,-182
1468,"0131",342,207,179,135,163
1468,"0135",171,232,235,-61,-64
1469,"0131",345,260,231,85,114
1469,"0135",313,237,269,76,44
1470,"0131",596,545,502,51,94
1470,"0135",825,551,641,274,184
1471,"0131",528,406,426,122,102
1471,"0135",610,443,494,167,116
1472,"0131",1442,808,770,634,672
1472,"0135",879,981,1112,-102,-233
1473,"0131",1127,622,581,505,546
1473,"0135",557,631,728,-74,-171
1474,"0131",647,650,631,-3,16
1474,"0135",1057,623,727,434,330
1475,"0131",889,707,675,182,214
1475,"0135",1088,794,898,294,190
1476,"0131",964,613,673,351,291
1476,"0135",759,524,742,235,17
1477,"0131",1104,808,776,296,328
1477,"0135",883,749,862,134,21
1478,"0131",712,679,681,33,31
1478,"0135",986,580,692,406,294
1479,"0131",1896,1163,1139,733,757
1479,"0135",926,1006,1181,-80,-255
1480,"0131",1525,1131,1076,394,449
1480,"0135",1326,1126,1233,200,93
1481,"0131",1247,997,900,250,347
1481,"0135",1344,963,1179,381,165
1482,"0131",221,117,121,104,100
1482,"0135",83,94,124,-11,-41
1483,"0131",420,417,394,3,26
1483,"0135",436,232,314,204,122
1484,"0131",12,30,43,-18,-31
1484,"0135",79,17,42,62,37
1485,"0131",11,6,6,5,5
1485,"0135",8,2,11,6,-3
1486,"0131",225,212,206,13,19
1486,"0135",324,206,266,118,58
1487,"0131",2,68,83,-66,-81
1487,"0135",182,40,78,142,104
1488,"0131",5,12,22,-7,-17
1488,"0135",51,18,27,33,24
1489,"0131",540,465,523,75,17
1489,"0135",899,501,629,398,270
1490,"0131",299,124,132,175,167
1490,"0135",98,142,179,-44,-81
1491,"0131",273,55,80,218,193
1491,"0135",85,160,230,-75,-145
1492,"0131",195,82,97,113,98
1492,"0135",185,138,213,47,-28
1493,"0131",1241,983,1066,258,175
1493,"0135",1539,969,1146,570,393
1494,"0131",1370,810,913,560,457
1494,"0135",1144,938,1091,206,53
1495,"0131",1779,956,1021,823,758
1495,"0135",1013,991,1176,22,-163
1496,"0131",818,491,537,327,281
1496,"0135",592,488,603,104,-11
1497,"0131",837,685,768,152,69
1497,"0135",1088,706,733,382,355
1498,"0131",1484,742,837,742,647
1498,"0135",928,915,1051,13,-123
1499,"0131",82,40,55,42,27
1499,"0135",78,53,74,25,4
1500,"0131",701,534,543,167,158
1500,"0135",925,573,691,352,234
1501,"0131",581,195,240,386,341
1501,"0135",86,146,279,-60,-193
1502,"0131",6,110,122,-104,-116
1502,"0135",243,62,67,181,176
1503,"0131",74,72,96,2,-22
1503,"0135",175,64,104,111,71
1504,"0131",144,62,64,82,80
1504,"0135",28,56,74,-28,-46
1505,"0131",403,278,281,125,122
1505,"0135",745,376,591,369,154
1506,"0131",595,238,290,357,305
1506,"0135",545,497,544,48,1
1507,"0131",1733,846,1065,887,668
1507,"0135",2278,1595,1924,683,354
1508,"0131",1589,610,785,979,804
1508,"0135",1223,1158,1301,65,-78
1509,"0131",1413,595,743,818,670
1509,"0135",1462,1057,1344,405,118
1510,"0131",823,358,491,465,332
1510,"0135",851,669,771,182,80
1511,"0131",781,352,517,429,264
1511,"0135",1061,747,877,314,184
1512,"0131",1084,571,602,513,482
1512,"0135",1230,911,1025,319,205
1513,"0131",1019,544,603,475,416
1513,"0135",1291,846,1110,445,181
1514,"0131",1238,455,490,783,748
1514,"0135",503,675,765,-172,-262
1515,"0131",963,563,584,400,379
1515,"0135",1578,945,1072,633,506
1516,"0131",1364,882,859,482,505
1516,"0135",1772,1364,1407,408,365
1517,"0131",423,492,535,-69,-112
1517,"0135",1339,646,713,693,626
1518,"0131",849,502,618,347,231
1518,"0135",561,329,358,232,203
1519,"0131",808,615,699,193,109
1519,"0135",897,576,505,321,392
1520,"0131",683,653,771,30,-88
1520,"0135",1033,517,439,516,594
1521,"0131",506,386,466,120,40
1521,"0135",640,389,340,251,300
1522,"0131",1329,964,1114,365,215
1522,"0135",1242,718,713,524,529
1523,"0131",849,406,499,443,350
1523,"0135",292,260,302,32,-10
1524,"0131",574,317,345,257,229
1524,"0135",209,193,213,16,-4
1525,"0131",2303,1053,1305,1250,998
1525,"0135",1625,1119,1489,506,136
1526,"0131",1703,1082,1195,621,508
1526,"0135",1813,1234,1261,579,552
1527,"0131",749,598,689,151,60
1527,"0135",1299,687,763,612,536
1528,"0131",772,444,537,328,235
1528,"0135",841,503,613,338,228
1529,"0131",1308,890,1023,418,285
1529,"0135",1257,598,718,659,539
1530,"0131",1213,778,962,435,251
1530,"0135",1133,590,651,543,482
1531,"0131",894,668,837,226,57
1531,"0135",1092,447,526,645,566
1532,"0131",803,521,654,282,149
1532,"0135",900,353,493,547,407
1533,"0131",199,74,85,125,114
1533,"0135",14,42,65,-28,-51
1534,"0131",1000,712,619,288,381
1534,"0135",679,446,559,233,120
1535,"0131",356,537,505,-181,-149
1535,"0135",1101,423,511,678,590
1536,"0131",324,258,302,66,22
1536,"0135",527,267,313,260,214
1537,"0131",1040,588,551,452,489
1537,"0135",389,395,477,-6,-88
1538,"0131",719,433,385,286,334
1538,"0135",442,395,416,47,26
1539,"0131",620,324,318,296,302
1539,"0135",238,252,289,-14,-51
1540,"0131",846,590,571,256,275
1540,"0135",869,550,686,319,183
1541,"0131",737,866,802,-129,-65
1541,"0135",1552,681,830,871,722
1542,"0131",689,589,562,100,127
1542,"0135",724,387,476,337,248
1543,"0131",1239,761,702,478,537
1543,"0135",799,627,757,172,42
1544,"0131",806,703,674,103,132
1544,"0135",1215,607,727,608,488
1545,"0131",867,606,563,261,304
1545,"0135",541,321,426,220,115
1546,"0131",547,548,529,-1,18
1546,"0135",913,438,517,475,396
1547,"0131",359,457,433,-98,-74
1547,"0135",771,347,398,424,373
1548,"0131",549,474,327,75,222
1548,"0135",308,301,288,7,20
1549,"0131",1078,615,584,463,494
1549,"0135",615,520,607,95,8
1550,"0131",486,204,250,282,236
1550,"0135",173,198,241,-25,-68
1551,"0131",1076,1299,1187,-223,-111
1551,"0135",969,244,314,725,655
1552,"0131",745,1467,1371,-722,-626
1552,"0135",1455,198,300,1257,1155
1553,"0131",720,833,917,-113,-197
1553,"0135",944,264,285,680,659
1554,"0131",601,525,644,76,-43
1554,"0135",503,181,186,322,317
1555,"0131",536,328,324,208,212
1555,"0135",270,228,256,42,14
1556,"0131",41,37,39,4,2
1556,"0135",46,9,20,37,26
1557,"0131",2,3,2,-1,0
1557,"0135",3,2,3,1,0
1558,"0131",46,51,51,-5,-5
1558,"0135",80,30,42,50,38
1559,"0131",493,292,310,201,183
1559,"0135",586,222,424,364,162
1560,"0131",758,451,400,307,358
1560,"0135",594,480,545,114,49
1561,"0131",679,390,444,289,235
1561,"0135",658,389,541,269,117
1562,"0131",1123,426,427,697,696
1562,"0135",275,313,516,-38,-241
1563,"0131",667,346,363,321,304
1563,"0135",457,257,369,200,88
1564,"0131",784,455,470,329,314
1564,"0135",908,493,679,415,229
1565,"0131",575,214,246,361,329
1565,"0135",343,275,373,68,-30
1566,"0131",202,70,91,132,111
1566,"0135",25,52,86,-27,-61
1567,"0131",829,361,329,468,500
1567,"0135",298,399,515,-101,-217
1568,"0131",1270,717,711,553,559
1568,"0135",950,806,993,144,-43
1569,"0131",382,380,364,2,18
1569,"0135",717,424,486,293,231
1570,"0131",979,636,631,343,348
1570,"0135",977,741,842,236,135
1571,"0131",320,506,514,-186,-194
1571,"0135",1129,539,600,590,529
1572,"0131",1183,595,583,588,600
1572,"0135",771,788,890,-17,-119
1573,"0131",506,263,265,243,241
1573,"0135",321,284,346,37,-25
1574,"0131",517,372,341,145,176
1574,"0135",582,418,499,164,83
1575,"0131",493,452,411,41,82
1575,"0135",700,453,516,247,184
1576,"0131",17,5,7,12,10
1576,"0135",5,8,8,-3,-3
1577,"0131",226,171,144,55,82
1577,"0135",262,177,217,85,45
1578,"0131",40,0,36,40,4
1578,"0135",62,0,50,62,12
1579,"0131",27,101,36,-74,-9
1579,"0135",79,115,57,-36,22
1580,"0131",167,57,60,110,107
1580,"0135",7,50,70,-43,-63
1581,"0131",40,43,50,-3,-10
1581,"0135",73,25,37,48,36
1582,"0131",416,194,185,222,231
1582,"0135",8,116,156,-108,-148
1583,"0131",101,105,115,-4,-14
1583,"0135",159,70,97,89,62
1584,"0131",815,631,698,184,117
1584,"0135",1012,616,839,396,173
1585,"0131",462,437,457,25,5
1585,"0135",737,530,570,207,167
1586,"0131",869,521,566,348,303
1586,"0135",573,564,671,9,-98
1587,"0131",257,195,206,62,51
1587,"0135",208,197,206,11,2
1588,"0131",73,101,126,-28,-53
1588,"0135",250,156,152,94,98
1589,"0131",2,0,1,2,1
1589,"0135",4,3,5,1,-1
1590,"0131",195,268,265,-73,-70
1590,"0135",383,182,218,201,165
1591,"0131",317,368,465,-51,-148
1591,"0135",912,514,547,398,365
1592,"0131",399,269,321,130,78
1592,"0135",510,437,432,73,78
1593,"0131",463,143,192,320,271
1593,"0135",81,231,246,-150,-165
1594,"0131",970,670,680,300,290
1594,"0135",672,471,611,201,61
1595,"0131",1027,813,834,214,193
1595,"0135",960,632,754,328,206
1596,"0131",413,670,721,-257,-308
1596,"0135",1308,516,665,792,643
1597,"0131",1248,608,815,640,433
1597,"0135",747,614,784,133,-37
1598,"0131",623,811,960,-188,-337
1598,"0135",1395,484,712,911,683
1599,"0131",333,160,186,173,147
1599,"0135",116,124,155,-8,-39
1600,"0131",142,47,68,95,74
1600,"0135",10,36,65,-26,-55
1601,"0131",674,1033,1061,-359,-387
1601,"0135",1796,626,729,1170,1067
1602,"0131",974,743,663,231,311
1602,"0135",940,487,691,453,249
1603,"0131",994,681,732,313,262
1603,"0135",950,507,658,443,292
1604,"0131",1276,828,889,448,387
1604,"0135",900,586,685,314,215
1605,"0131",932,831,745,101,187
1605,"0135",723,430,472,293,251
1606,"0131",924,749,784,175,140
1606,"0135",993,449,576,544,417
1607,"0131",581,508,496,73,85
1607,"0135",649,305,362,344,287
1608,"0131",38,26,24,12,14
1608,"0135",44,28,39,16,5
1609,"0131",391,306,298,85,93
1609,"0135",607,424,476,183,131
1610,"0131",330,0,173,330,157
1610,"0135",236,0,265,236,-29
1611,"0131",82,131,123,-49,-41
1611,"0135",324,150,197,174,127
1612,"0131",913,478,474,435,439
1612,"0135",743,769,795,-26,-52
1613,"0131",965,383,380,582,585
1613,"0135",448,617,694,-169,-246
1614,"0131",477,177,204,300,273
1614,"0135",210,233,320,-23,-110
1615,"0131",850,505,462,345,388
1615,"0135",283,402,455,-119,-172
1616,"0131",230,481,338,-251,-108
1616,"0135",624,314,364,310,260
1617,"0131",1407,1130,1097,277,310
1617,"0135",1181,947,1052,234,129
1618,"0131",314,382,391,-68,-77
1618,"0135",645,354,401,291,244
1619,"0131",19,14,16,5,3
1619,"0135",31,10,25,21,6
1620,"0131",113,39,37,74,76
1620,"0135",2,52,60,-50,-58
1621,"0131",481,483,502,-2,-21
1621,"0135",671,305,347,366,324
1622,"0131",197,342,369,-145,-172
1622,"0135",648,226,286,422,362
1623,"0131",1148,1110,1096,38,52
1623,"0135",1689,808,985,881,704
1624,"0131",786,685,699,101,87
1624,"0135",905,477,572,428,333
1625,"0131",343,452,479,-109,-136
1625,"0135",776,279,340,497,436
1626,"0131",1305,966,1001,339,304
1626,"0135",1231,707,867,524,364
1627,"0131",646,423,441,223,205
1627,"0135",448,287,367,161,81
1628,"0131",525,519,528,6,-3
1628,"0135",876,398,512,478,364
1629,"0131",974,752,786,222,188
1629,"0135",1064,552,719,512,345
1630,"0131",1000,502,523,498,477
1630,"0135",323,352,439,-29,-116
1631,"0131",60,5,8,55,52
1631,"0135",13,24,43,-11,-30
1632,"0131",150,87,82,63,68
1632,"0135",9,43,54,-34,-45
1633,"0131",168,59,55,109,113
1633,"0135",43,78,85,-35,-42
1634,"0131",906,254,286,652,620
1634,"0135",233,505,598,-272,-365
1635,"0131",458,487,539,-29,-81
1635,"0135",1207,550,799,657,408
1636,"0131",923,435,489,488,434
1636,"0135",694,671,801,23,-107
1637,"0131",781,495,553,286,228
1637,"0135",897,637,782,260,115
1638,"0131",291,217,271,74,20
1638,"0135",573,351,450,222,123
1639,"0131",489,235,264,254,225
1639,"0135",335,308,383,27,-48
1640,"0131",316,130,151,186,165
1640,"0135",175,189,237,-14,-62
1641,"0131",8,7,5,1,3
1641,"0135",14,11,17,3,-3
1642,"0131",34,4,3,30,31
1642,"0135",7,22,26,-15,-19
1643,"0131",10,15,14,-5,-4
1643,"0135",113,74,88,39,25
1644,"0131",1,0,1,1,0
1644,"0135",16,14,16,2,0
1645,"0131",38,8,15,30,23
1645,"0135",68,61,67,7,1
1646,"0131",2,4,3,-2,-1
1646,"0135",14,7,8,7,6
1647,"0131",173,310,303,-137,-130
1647,"0135",514,219,256,295,258
1648,"0131",25,4,2,21,23
1648,"0135",13,29,30,-16,-17
1649,"0131",580,335,309,245,271
1649,"0135",506,379,527,127,-21
1650,"0131",220,65,62,155,158
1650,"0135",44,120,143,-76,-99
1651,"0131",504,376,549,128,-45
1651,"0135",1067,762,684,305,383
1652,"0131",1217,601,675,616,542
1652,"0135",1128,1164,1124,-36,4
1653,"0131",1064,568,652,496,412
1653,"0135",992,1087,961,-95,31
1654,"0131",1158,596,693,562,465
1654,"0135",982,1046,961,-64,21
1655,"0131",954,434,492,520,462
1655,"0135",573,740,708,-167,-135
1656,"0131",1463,910,1065,553,398
1656,"0135",1657,1487,1379,170,278
1657,"0131",542,367,408,175,134
1657,"0135",639,571,507,68,132
1658,"0131",3,1,1,2,2
1658,"0135",4,7,5,-3,-1
1659,"0131",6,0,0,6,6
1659,"0135",3,2,7,1,-4
1660,"0131",392,226,264,166,128
1660,"0135",397,346,289,51,108
1661,"0131",5,0,1,5,4
1661,"0135",2,7,4,-5,-2
1662,"0131",5,2,2,3,3
1662,"0135",1,4,2,-3,-1
1663,"0131",66,7,7,59,59
1663,"0135",3,47,51,-44,-48
1664,"0131",574,385,353,189,221
1664,"0135",1301,817,1036,484,265
1665,"0131",1413,494,473,919,940
1665,"0135",985,1026,1300,-41,-315
1666,"0131",1669,685,621,984,1048
1666,"0135",1474,1360,1670,114,-196
1667,"0131",468,397,333,71,135
1667,"0135",1414,820,1068,594,346
1668,"0131",329,234,204,95,125
1668,"0135",740,418,578,322,162
1669,"0131",1285,482,476,803,809
1669,"0135",1005,902,1198,103,-193
1670,"0131",205,116,106,89,99
1670,"0135",109,94,128,15,-19
1671,"0131",10,10,7,0,3
1671,"0135",91,5,71,86,20
1672,"0131",1603,816,750,787,853
1672,"0135",1571,1166,1494,405,77
1673,"0131",1098,747,697,351,401
1673,"0135",1837,1085,1363,752,474
1674,"0131",831,536,476,295,355
1674,"0135",1300,955,966,345,334
1675,"0131",298,159,124,139,174
1675,"0135",414,282,362,132,52
1676,"0131",931,729,600,202,331
1676,"0135",1499,882,1106,617,393
1677,"0131",596,230,214,366,382
1677,"0135",215,270,376,-55,-161
1678,"0131",162,89,84,73,78
1678,"0135",123,101,122,22,1
1679,"0131",1175,394,341,781,834
1679,"0135",669,742,987,-73,-318
1680,"0131",1108,357,326,751,782
1680,"0135",819,795,1057,24,-238
1681,"0131",638,439,380,199,258
1681,"0135",1587,880,1198,707,389
1682,"0131",380,174,132,206,248
1682,"0135",429,330,436,99,-7
1683,"0131",819,285,255,534,564
1683,"0135",540,529,728,11,-188
1684,"0131",274,127,98,147,176
1684,"0135",722,565,674,157,48
1685,"0131",75,56,49,19,26
1685,"0135",167,89,128,78,39
1686,"0131",702,313,272,389,430
1686,"0135",427,392,542,35,-115
1687,"0131",144,74,78,70,66
1687,"0135",69,65,78,4,-9
1688,"0131",593,298,301,295,292
1688,"0135",507,465,523,42,-16
1689,"0131",183,59,150,124,33
1689,"0135",385,110,252,275,133
1690,"0131",1242,539,595,703,647
1690,"0135",928,973,1048,-45,-120
1691,"0131",513,283,303,230,210
1691,"0135",615,501,535,114,80
1692,"0131",875,422,500,453,375
1692,"0135",810,841,769,-31,41
1693,"0131",533,278,309,255,224
1693,"0135",594,477,487,117,107
1694,"0131",0,278,0,-278,0
1694,"0135",0,481,0,-481,0
1695,"0131",352,68,170,284,182
1695,"0135",202,120,245,82,-43
1696,"0131",537,281,315,256,222
1696,"0135",582,492,539,90,43
1697,"0131",794,357,406,437,388
1697,"0135",612,709,670,-97,-58
1698,"0131",1016,466,534,550,482
1698,"0135",916,792,855,124,61
1699,"0131",505,299,369,206,136
1699,"0135",639,531,424,108,215
1700,"0131",661,308,335,353,326
1700,"0135",449,434,461,15,-12
1701,"0131",375,208,245,167,130
1701,"0135",441,338,343,103,98
1702,"0131",316,201,238,115,78
1702,"0135",458,306,338,152,120
1703,"0131",1036,426,464,610,572
1703,"0135",289,468,496,-179,-207
1704,"0131",658,265,348,393,310
1704,"0135",643,542,569,101,74
1705,"0131",1146,508,489,638,657
1705,"0135",682,694,799,-12,-117
1706,"0131",47,98,20,-51,27
1706,"0135",89,160,69,-71,20
1707,"0131",0,0,1,0,-1
1707,"0135",29,21,27,8,2
1708,"0131",7,3,2,4,5
1708,"0135",13,15,17,-2,-4
1709,"0131",7,6,3,1,4
1709,"0135",6,2,8,4,-2
1710,"0131",90,40,48,50,42
1710,"0135",55,40,68,15,-13
1711,"0131",0,0,0,0,0
1711,"0135",0,4,0,-4,0
1712,"0131",60,49,44,11,16
1712,"0135",105,58,70,47,35
1713,"0131",580,318,354,262,226
1713,"0135",527,369,373,158,154
1714,"0131",209,141,151,68,58
1714,"0135",304,185,192,119,112
1715,"0131",991,420,363,571,628
1715,"0135",136,298,417,-162,-281
1716,"0131",24,28,26,-4,-2
1716,"0135",52,25,18,27,34
1717,"0131",20,34,43,-14,-23
1717,"0135",88,45,42,43,46
1718,"0131",1333,1166,1283,167,50
1718,"0135",1564,776,997,788,567
1719,"0131",736,539,600,197,136
1719,"0135",749,478,579,271,170
1720,"0131",1841,1089,1163,752,678
1720,"0135",1061,882,1069,179,-8
1721,"0131",467,530,555,-63,-88
1721,"0135",969,444,546,525,423
1722,"0131",1086,740,789,346,297
1722,"0135",940,698,730,242,210
1723,"0131",2174,1161,1180,1013,994
1723,"0135",963,1016,1180,-53,-217
1724,"0131",750,719,780,31,-30
1724,"0135",1256,607,742,649,514
1725,"0131",987,659,710,328,277
1725,"0135",733,476,596,257,137
1726,"0131",878,600,554,278,324
1726,"0135",678,420,555,258,123
1727,"0131",76,213,250,-137,-174
1727,"0135",494,164,191,330,303
1728,"0131",545,625,667,-80,-122
1728,"0135",1204,520,650,684,554
1729,"0131",1235,994,1056,241,179
1729,"0135",1629,909,1171,720,458
1730,"0131",604,526,553,78,51
1730,"0135",851,453,554,398,297
1731,"0131",1324,1110,1168,214,156
1731,"0135",1544,846,1054,698,490
1732,"0131",75,215,216,-140,-141
1732,"0135",553,213,265,340,288
1733,"0131",309,191,234,118,75
1733,"0135",731,483,595,248,136
1734,"0131",40,9,10,31,30
1734,"0135",14,14,30,0,-16
1735,"0131",28,2,5,26,23
1735,"0135",7,8,28,-1,-21
1736,"0131",23,6,20,17,3
1736,"0135",76,45,66,31,10
1737,"0131",20,20,26,0,-6
1737,"0135",74,42,56,32,18
1738,"0131",22,7,9,15,13
1738,"0135",44,25,45,19,-1
1739,"0131",50,12,17,38,33
1739,"0135",16,22,34,-6,-18
1740,"0131",22,25,27,-3,-5
1740,"0135",42,19,24,23,18
1741,"0131",402,547,589,-145,-187
1741,"0135",1277,596,765,681,512
1742,"0131",315,184,202,131,113
1742,"0135",200,164,214,36,-14
1743,"0131",1167,650,746,517,421
1743,"0135",1613,959,1218,654,395
1744,"0131",1406,545,630,861,776
1744,"0135",900,702,963,198,-63
1745,"0131",599,287,385,312,214
1745,"0135",815,498,596,317,219
1746,"0131",1515,746,902,769,613
1746,"0135",1589,1066,1248,523,341
1747,"0131",712,346,444,366,268
1747,"0135",1033,651,807,382,226
1748,"0131",518,286,320,232,198
1748,"0135",609,370,437,239,172
1749,"0131",781,643,712,138,69
1749,"0135",2056,1027,1278,1029,778
1750,"0131",439,244,279,195,160
1750,"0135",696,405,501,291,195
1751,"0131",487,242,305,245,182
1751,"0135",623,323,434,300,189
1752,"0131",844,469,589,375,255
1752,"0135",1425,734,1042,691,383
1753,"0131",648,248,288,400,360
1753,"0135",432,354,444,78,-12
1754,"0131",424,226,257,198,167
1754,"0135",313,268,241,45,72
1755,"0131",1525,757,868,768,657
1755,"0135",1231,768,1008,463,223
1756,"0131",35,13,12,22,23
1756,"0135",93,21,55,72,38
1757,"0131",41,10,7,31,34
1757,"0135",17,18,30,-1,-13
1758,"0131",16,4,20,12,-4
1758,"0135",102,12,60,90,42
1759,"0131",12,13,14,-1,-2
1759,"0135",36,9,18,27,18
1760,"0131",44,24,30,20,14
1760,"0135",73,29,48,44,25
1761,"0131",0,3,0,-3,0
1761,"0135",0,3,0,-3,0
1762,"0131",476,193,244,283,232
1762,"0135",91,139,149,-48,-58
1763,"0131",714,519,630,195,84
1763,"0135",732,345,383,387,349
1764,"0131",1368,895,1025,473,343
1764,"0135",1260,694,772,566,488
1765,"0131",1645,917,1067,728,578
1765,"0135",1020,712,770,308,250
1766,"0131",1055,548,640,507,415
1766,"0135",732,486,561,246,171
1767,"0131",740,373,432,367,308
1767,"0135",398,261,316,137,82
1768,"0131",745,566,665,179,80
1768,"0135",1017,445,517,572,500
1769,"0131",315,184,206,131,109
1769,"0135",265,149,180,116,85
1770,"0131",1344,827,908,517,436
1770,"0135",999,557,689,442,310
1771,"0131",1293,594,683,699,610
1771,"0135",408,438,484,-30,-76
1772,"0131",1199,613,698,586,501
1772,"0135",533,415,482,118,51
1773,"0131",601,380,406,221,195
1773,"0135",553,251,323,302,230
1774,"0131",1115,606,705,509,410
1774,"0135",574,365,430,209,144
1775,"0131",275,304,359,-29,-84
1775,"0135",605,208,254,397,351
1776,"0131",1205,841,984,364,221
1776,"0135",1091,503,591,588,500
1777,"0131",581,503,594,78,-13
1777,"0135",861,355,407,506,454
1778,"0131",444,636,706,-192,-262
1778,"0135",1319,402,495,917,824
1779,"0131",443,616,605,-173,-162
1779,"0135",1005,404,373,601,632
1780,"0131",1056,631,737,425,319
1780,"0135",670,407,443,263,227
1781,"0131",1025,629,755,396,270
1781,"0135",708,395,436,313,272
1782,"0131",861,557,655,304,206
1782,"0135",871,434,510,437,361
1783,"0131",869,581,720,288,149
1783,"0135",842,385,435,457,407
1784,"0131",935,600,730,335,205
1784,"0135",1068,503,595,565,473
1785,"0131",609,530,632,79,-23
1785,"0135",826,278,341,548,485
1786,"0131",1541,1073,1266,468,275
1786,"0135",1788,891,969,897,819
1787,"0131",85,22,41,63,44
1787,"0135",34,26,30,8,4
1788,"0131",16,1,3,15,13
1788,"0135",2,5,9,-3,-7
1789,"0131",8,6,7,2,1
1789,"0135",12,8,9,4,3
1790,"0131",21,25,28,-4,-7
1790,"0135",104,48,54,56,50
1791,"0131",110,38,58,72,52
1791,"0135",31,25,31,6,0
1792,"0131",10,1,7,9,3
1792,"0135",7,7,8,0,-1
1793,"0131",163,81,133,82,30
1793,"0135",153,92,105,61,48
1794,"0131",59,17,23,42,36
1794,"0135",17,14,28,3,-11
1795,"0131",5,22,30,-17,-25
1795,"0135",140,44,67,96,73
1796,"0131",44,15,54,29,-10
1796,"0135",139,35,57,104,82
1797,"0131",247,169,208,78,39
1797,"0135",602,199,250,403,352
1798,"0131",468,201,251,267,217
1798,"0135",474,183,259,291,215
1799,"0131",1,0,0,1,1
1799,"0135",7,4,4,3,3
1800,"0131",11,67,96,-56,-85
1800,"0135",220,36,0,184,220
1801,"0131",7,0,2,7,5
1801,"0135",18,2,12,16,6
1802,"0131",35,0,9,35,26
1802,"0135",10,15,18,-5,-8
1803,"0131",1452,987,1106,465,346
1803,"0135",1476,1258,1362,218,114
1804,"0131",922,482,558,440,364
1804,"0135",526,637,656,-111,-130
1805,"0131",728,577,625,151,103
1805,"0135",1044,774,845,270,199
1806,"0131",922,598,684,324,238
1806,"0135",821,779,770,42,51
1807,"0131",680,544,597,136,83
1807,"0135",900,595,678,305,222
1808,"0131",240,139,126,101,114
1808,"0135",243,242,275,1,-32
1809,"0131",142,47,58,95,84
1809,"0135",26,75,80,-49,-54
1810,"0131",74,14,27,60,47
1810,"0135",7,35,38,-28,-31
1811,"0131",148,169,195,-21,-47
1811,"0135",428,277,273,151,155
1812,"0131",488,345,401,143,87
1812,"0135",584,486,459,98,125
1813,"0131",475,173,179,302,296
1813,"0135",95,98,238,-3,-143
1814,"0131",1500,845,861,655,639
1814,"0135",1801,1354,1550,447,251
1815,"0131",675,473,493,202,182
1815,"0135",1039,630,731,409,308
1816,"0131",770,418,429,352,341
1816,"0135",880,699,788,181,92
1817,"0131",326,212,148,114,178
1817,"0135",221,325,256,-104,-35
1818,"0131",964,432,439,532,525
1818,"0135",654,606,669,48,-15
1819,"0131",1177,713,768,464,409
1819,"0135",1521,1075,1230,446,291
1820,"0131",933,453,456,480,477
1820,"0135",696,583,699,113,-3
1821,"0131",807,429,428,378,379
1821,"0135",874,729,772,145,102
1822,"0131",758,244,263,514,495
1822,"0135",81,333,377,-252,-296
1823,"0131",928,416,382,512,546
1823,"0135",660,680,798,-20,-138
1824,"0131",37,11,14,26,23
1824,"0135",2,20,20,-18,-18
1825,"0131",2,0,0,2,2
1825,"0135",1,1,3,0,-2
1826,"0131",151,53,61,98,90
1826,"0135",2,56,58,-54,-56
1827,"0131",1685,1117,1150,568,535
1827,"0135",1382,668,899,714,483
1828,"0131",886,647,639,239,247
1828,"0135",768,290,448,478,320
1829,"0131",882,685,706,197,176
1829,"0135",1056,449,586,607,470
1830,"0131",1027,614,611,413,416
1830,"0135",610,378,479,232,131
1831,"0131",440,234,249,206,191
1831,"0135",235,143,203,92,32
1832,"0131",1565,1245,1257,320,308
1832,"0135",1569,631,829,938,740
1833,"0131",1823,1482,1516,341,307
1833,"0135",1899,769,978,1130,921
1834,"0131",909,910,918,-1,-9
1834,"0135",1343,460,576,883,767
1835,"0131",938,1043,1026,-105,-88
1835,"0135",1577,479,642,1098,935
1836,"0131",307,485,544,-178,-237
1836,"0135",1080,223,327,857,753
1837,"0131",1780,1304,1326,476,454
1837,"0135",1578,706,907,872,671
1838,"0131",1034,673,581,361,453
1838,"0135",597,354,480,243,117
1839,"0131",1248,842,853,406,395
1839,"0135",726,376,513,350,213
1840,"0131",391,546,386,-155,5
1840,"0135",463,216,208,247,255
1841,"0131",1494,874,987,620,507
1841,"0135",1028,564,728,464,300
1842,"0131",521,444,434,77,87
1842,"0135",572,266,305,306,267
1843,"0131",1036,1252,1293,-216,-257
1843,"0135",1722,421,651,1301,1071
1844,"0131",1154,1246,1198,-92,-44
1844,"0135",1319,419,540,900,779
1845,"0131",603,478,494,125,109
1845,"0135",453,171,245,282,208
1846,"0131",26,45,38,-19,-12
1846,"0135",87,11,18,76,69
1847,"0131",947,554,623,393,324
1847,"0135",767,402,541,365,226
1848,"0131",706,431,468,275,238
1848,"0135",695,349,452,346,243
1849,"0131",1239,788,934,451,305
1849,"0135",1605,708,885,897,720
1850,"0131",483,541,574,-58,-91
1850,"0135",1175,385,503,790,672
1851,"0131",1181,739,740,442,441
1851,"0135",1099,527,769,572,330
1852,"0131",1144,908,964,236,180
1852,"0135",1583,618,814,965,769
1853,"0131",792,798,831,-6,-39
1853,"0135",1477,490,707,987,770
1854,"0131",678,311,387,367,291
1854,"0135",482,221,397,261,85
1855,"0131",2261,1554,1641,707,620
1855,"0135",1686,658,861,1028,825
1856,"0131",1771,1100,1168,671,603
1856,"0135",1165,613,770,552,395
1857,"0131",1190,1126,1188,64,2
1857,"0135",1714,613,772,1101,942
1858,"0131",1617,1078,1084,539,533
1858,"0135",1229,626,775,603,454
1859,"0131",1980,1132,1176,848,804
1859,"0135",931,580,754,351,177
1860,"0131",2203,1269,1377,934,826
1860,"0135",1293,793,972,500,321
1861,"0131",1671,1102,1286,569,385
1861,"0135",1455,508,802,947,653
1862,"0131",1251,1050,1124,201,127
1862,"0135",1624,708,806,916,818
1863,"0131",1817,1196,1265,621,552
1863,"0135",1355,700,880,655,475
1864,"0131",1862,1428,1525,434,337
1864,"0135",1810,682,912,1128,898
1865,"0131",1369,820,1065,549,304
1865,"0135",1503,476,783,1027,720
1866,"0131",742,1009,1228,-267,-486
1866,"0135",2114,499,698,1615,1416
1867,"0131",847,712,725,135,122
1867,"0135",1159,301,410,858,749
1868,"0131",573,581,625,-8,-52
1868,"0135",873,305,372,568,501
1869,"0131",425,479,509,-54,-84
1869,"0135",733,216,261,517,472
1870,"0131",957,734,763,223,194
1870,"0135",1019,442,562,577,457
1871,"0131",1308,1002,1020,306,288
1871,"0135",1240,526,666,714,574
1872,"0131",1827,1448,1533,379,294
1872,"0135",1046,441,514,605,532
1873,"0131",1174,1380,1150,-206,24
1873,"0135",1328,442,552,886,776
1874,"0131",1367,1467,1518,-100,-151
1874,"0135",1509,444,547,1065,962
1875,"0131",1444,1421,1393,23,51
1875,"0135",1152,348,470,804,682
1876,"0131",1179,1307,1420,-128,-241
1876,"0135",1392,416,487,976,905
1877,"0131",1100,842,1012,258,88
1877,"0135",915,532,446,383,469
1878,"0131",387,307,366,80,21
1878,"0135",295,120,133,175,162
1879,"0131",1524,996,1089,528,435
1879,"0135",1603,804,1103,799,500
1880,"0131",425,533,425,-108,0
1880,"0135",984,542,565,442,419
1881,"0131",1013,743,825,270,188
1881,"0135",1657,830,1070,827,587
1882,"0131",1138,877,920,261,218
1882,"0135",1939,969,1306,970,633
1883,"0131",876,453,458,423,418
1883,"0135",845,529,757,316,88
1884,"0131",1577,818,813,759,764
1884,"0135",1199,828,1139,371,60
1885,"0131",985,682,627,303,358
1885,"0135",998,726,757,272,241
1886,"0131",1334,834,709,500,625
1886,"0135",958,956,934,2,24
1887,"0131",1408,864,817,544,591
1887,"0135",1407,1024,1150,383,257
1888,"0131",754,331,348,423,406
1888,"0135",404,410,481,-6,-77
1889,"0131",1415,813,826,602,589
1889,"0135",1393,927,1173,466,220
1890,"0131",1835,694,734,1141,1101
1890,"0135",668,827,1040,-159,-372
1891,"0131",979,697,723,282,256
1891,"0135",1287,701,872,586,415
1892,"0131",1218,804,815,414,403
1892,"0135",1596,941,1198,655,398
1893,"0131",644,592,615,52,29
1893,"0135",1349,655,826,694,523
1894,"0131",888,619,700,269,188
1894,"0135",1352,627,853,725,499
1895,"0131",1705,968,1020,737,685
1895,"0135",1185,716,1004,469,181
1896,"0131",1169,797,762,372,407
1896,"0135",1313,784,849,529,464
1897,"0131",1594,971,898,623,696
1897,"0135",1277,1032,1031,245,246
1898,"0131",1036,521,589,515,447
1898,"0135",737,537,628,200,109
1899,"0131",385,384,391,1,-6
1899,"0135",763,384,394,379,369
1900,"0131",1374,861,943,513,431
1900,"0135",1318,770,908,548,410
1901,"0131",17,11,12,6,5
1901,"0135",21,10,11,11,10
1902,"0131",1638,1373,1426,265,212
1902,"0135",891,319,457,572,434
1903,"0131",49,131,136,-82,-87
1903,"0135",195,31,47,164,148
1904,"0131",729,866,775,-137,-46
1904,"0135",779,225,295,554,484
1905,"0131",1617,1581,1698,36,-81
1905,"0135",1508,363,526,1145,982
1906,"0131",2008,1686,1798,322,210
1906,"0135",1394,596,639,798,755
1907,"0131",565,1027,1061,-462,-496
1907,"0135",1413,203,359,1210,1054
1908,"0131",1212,1356,1383,-144,-171
1908,"0135",1313,312,444,1001,869
1909,"0131",463,620,654,-157,-191
1909,"0135",926,114,136,812,790
1910,"0131",817,680,764,137,53
1910,"0135",590,146,213,444,377
1911,"0131",1324,1289,1379,35,-55
1911,"0135",1215,320,438,895,777
1912,"0131",1353,1393,1508,-40,-155
1912,"0135",1459,358,576,1101,883
1913,"0131",133,219,244,-86,-111
1913,"0135",328,65,95,263,233
1914,"0131",1938,1501,1736,437,202
1914,"0135",1971,513,729,1458,1242
1915,"0131",1021,1350,1412,-329,-391
1915,"0135",1734,384,598,1350,1136
1916,"0131",2233,2322,2393,-89,-160
1916,"0135",2416,609,897,1807,1519
1917,"0131",553,983,1038,-430,-485
1917,"0135",1470,282,391,1188,1079
1918,"0131",888,1236,1288,-348,-400
1918,"0135",1700,384,505,1316,1195
1919,"0131",644,532,649,112,-5
1919,"0135",799,164,332,635,467
1920,"0131",57,123,127,-66,-70
1920,"0135",263,65,78,198,185
1921,"0131",668,808,788,-140,-120
1921,"0135",1069,297,419,772,650
1922,"0131",775,1208,1240,-433,-465
1922,"0135",2190,569,772,1621,1418
1923,"0131",1078,789,951,289,127
1923,"0135",957,315,495,642,462
1924,"0131",975,777,1049,198,-74
1924,"0135",1330,324,603,1006,727
1925,"0131",541,411,430,130,111
1925,"0135",344,136,208,208,136
1926,"0131",1535,745,1246,790,289
1926,"0135",1293,289,735,1004,558
1927,"0131",253,375,393,-122,-140
1927,"0135",609,108,214,501,395
1928,"0131",1259,408,347,851,912
1928,"0135",195,833,821,-638,-626
1929,"0131",1184,431,441,753,743
1929,"0135",515,799,949,-284,-434
1930,"0131",1400,1312,1364,88,36
1930,"0135",1127,282,472,845,655
1931,"0131",1195,1331,1471,-136,-276
1931,"0135",1645,386,552,1259,1093
1932,"0131",1097,690,881,407,216
1932,"0135",625,227,348,398,277
1933,"0131",950,979,1023,-29,-73
1933,"0135",997,263,354,734,643
1934,"0131",821,468,577,353,244
1934,"0135",280,137,194,143,86
1935,"0131",48,184,196,-136,-148
1935,"0135",331,48,72,283,259
1936,"0131",1946,1233,1222,713,724
1936,"0135",625,377,555,248,70
1937,"0131",1012,1025,1154,-13,-142
1937,"0135",1327,377,537,950,790
1938,"0131",1574,1363,1434,211,140
1938,"0135",1314,527,694,787,620
1939,"0131",1378,1254,1349,124,29
1939,"0135",1495,443,612,1052,883
1940,"0131",1683,1587,1604,96,79
1940,"0135",1453,521,671,932,782
1941,"0131",1026,1103,1109,-77,-83
1941,"0135",1354,418,536,936,818
1942,"0131",722,338,321,384,401
1942,"0135",397,271,453,126,-56
1943,"0131",1189,778,799,411,390
1943,"0135",1678,959,1272,719,406
1944,"0131",1467,731,799,736,668
1944,"0135",1690,1152,1508,538,182
1945,"0131",1622,760,768,862,854
1945,"0135",1235,986,1288,249,-53
1946,"0131",1241,611,628,630,613
1946,"0135",1086,844,1085,242,1
1947,"0131",537,289,284,248,253
1947,"0135",628,467,573,161,55
1948,"0131",1644,799,788,845,856
1948,"0135",1355,1034,1334,321,21
1949,"0131",1498,674,776,824,722
1949,"0135",1091,747,1092,344,-1
1950,"0131",1236,847,755,389,481
1950,"0135",1634,1038,1301,596,333
1951,"0131",490,267,260,223,230
1951,"0135",427,372,375,55,52
1952,"0131",1113,712,735,401,378
1952,"0135",1480,786,1109,694,371
1953,"0131",975,454,342,521,633
1953,"0135",647,602,761,45,-114
1954,"0131",1294,802,814,492,480
1954,"0135",1567,990,1244,577,323
1955,"0131",1545,1008,982,537,563
1955,"0135",1773,1150,1334,623,439
1956,"0131",1152,627,672,525,480
1956,"0135",1137,742,938,395,199
1957,"0131",262,110,107,152,155
1957,"0135",137,144,161,-7,-24
1958,"0131",1444,1549,1452,-105,-8
1958,"0135",1701,563,760,1138,941
1959,"0131",1873,1452,1461,421,412
1959,"0135",1317,513,768,804,549
1960,"0131",1466,1363,1385,103,81
1960,"0135",1428,605,687,823,741
1961,"0131",1187,646,836,541,351
1961,"0135",556,262,428,294,128
1962,"0131",1303,1406,1470,-103,-167
1962,"0135",1840,492,729,1348,1111
1963,"0131",929,739,901,190,28
1963,"0135",1059,255,452,804,607
1964,"0131",836,716,730,120,106
1964,"0135",852,318,432,534,420
1965,"0131",635,672,652,-37,-17
1965,"0135",843,259,365,584,478
1966,"0131",1407,692,723,715,684
1966,"0135",937,735,927,202,10
1967,"0131",1843,1279,1268,564,575
1967,"0135",2537,1439,1823,1098,714
1968,"0131",1582,893,893,689,689
1968,"0135",1381,883,1118,498,263
1969,"0131",1075,567,580,508,495
1969,"0135",945,591,800,354,145
1970,"0131",542,342,338,200,204
1970,"0135",577,355,424,222,153
1971,"0131",390,545,553,-155,-163
1971,"0135",793,218,259,575,534
1972,"0131",1248,1069,1087,179,161
1972,"0135",1371,587,692,784,679
1973,"0131",1114,1083,945,31,169
1973,"0135",1150,511,613,639,537
1974,"0131",1231,944,1080,287,151
1974,"0135",1365,515,682,850,683
1975,"0131",1279,911,994,368,285
1975,"0135",1127,431,611,696,516
1976,"0131",963,767,781,196,182
1976,"0135",996,438,574,558,422
1977,"0131",1368,770,792,598,576
1977,"0135",348,303,415,45,-67
1978,"0131",563,483,484,80,79
1978,"0135",584,221,326,363,258
1979,"0131",513,254,237,259,276
1979,"0135",81,108,160,-27,-79
1980,"0131",258,217,221,41,37
1980,"0135",191,90,87,101,104
1981,"0131",871,705,733,166,138
1981,"0135",1399,662,771,737,628
1982,"0131",1122,712,729,410,393
1982,"0135",1176,724,881,452,295
1983,"0131",1247,807,917,440,330
1983,"0135",1239,680,850,559,389
1984,"0131",395,926,432,-531,-37
1984,"0135",758,741,373,17,385
1985,"0131",1548,797,821,751,727
1985,"0135",758,682,825,76,-67
1986,"0131",0,105,0,-105,0
1986,"0135",0,76,0,-76,0
1987,"0131",628,619,634,9,-6
1987,"0135",1117,516,624,601,493
1988,"0131",232,346,356,-114,-124
1988,"0135",651,277,300,374,351
1989,"0131",498,337,358,161,140
1989,"0135",588,350,464,238,124
1990,"0131",1316,963,1009,353,307
1990,"0135",1877,1079,1322,798,555
1991,"0131",84,102,110,-18,-26
1991,"0135",249,118,134,131,115
1992,"0131",177,7,169,170,8
1992,"0135",254,24,143,230,111
1993,"0131",8,53,67,-45,-59
1993,"0135",200,79,83,121,117
1994,"0131",1664,1357,1344,307,320
1994,"0135",1225,449,668,776,557
1995,"0131",912,1436,1509,-524,-597
1995,"0135",2205,516,709,1689,1496
1996,"0131",946,1432,1382,-486,-436
1996,"0135",1929,480,669,1449,1260
1997,"0131",1203,1550,1473,-347,-270
1997,"0135",2259,723,938,1536,1321
1998,"0131",1410,1181,1091,229,319
1998,"0135",1166,521,663,645,503
1999,"0131",13,1388,136,-1375,-123
1999,"0135",268,504,69,-236,199
2000,"0131",749,858,917,-109,-168
2000,"0135",1291,437,539,854,752
2001,"0131",880,1075,1016,-195,-136
2001,"0135",1403,432,557,971,846
2002,"0131",1074,1230,1082,-156,-8
2002,"0135",1482,686,709,796,773
2003,"0131",1324,935,764,389,560
2003,"0135",704,382,494,322,210
2004,"0131",1806,1570,1389,236,417
2004,"0135",1320,663,748,657,572
2005,"0131",1040,1044,1166,-4,-126
2005,"0135",1544,430,656,1114,888
2006,"0131",1328,1136,1098,192,230
2006,"0135",1180,386,419,794,761
2007,"0131",2071,2055,1835,16,236
2007,"0135",1881,687,875,1194,1006
2008,"0131",710,787,784,-77,-74
2008,"0135",1002,296,402,706,600
2009,"0131",1054,752,743,302,311
2009,"0135",683,335,462,348,221
2010,"0131",1104,1311,1303,-207,-199
2010,"0135",1741,501,699,1240,1042
2011,"0131",1192,1312,1207,-120,-15
2011,"0135",1348,520,571,828,777
2012,"0131",1179,631,716,548,463
2012,"0135",511,276,404,235,107
2013,"0131",1893,1656,1542,237,351
2013,"0135",1455,522,807,933,648
2014,"0131",1050,890,869,160,181
2014,"0135",844,367,501,477,343
2015,"0131",1484,1170,1262,314,222
2015,"0135",1646,503,599,1143,1047
2016,"0131",358,576,339,-218,19
2016,"0135",493,244,225,249,268
2017,"0131",1536,1186,976,350,560
2017,"0135",728,451,567,277,161
2018,"0131",1868,1291,1278,577,590
2018,"0135",961,532,660,429,301
2019,"0131",1055,795,780,260,275
2019,"0135",648,305,398,343,250
2020,"0131",527,548,539,-21,-12
2020,"0135",628,194,239,434,389
2021,"0131",1406,1281,1251,125,155
2021,"0135",1126,429,547,697,579
2022,"0131",1710,1307,1235,403,475
2022,"0135",1124,530,709,594,415
2023,"0131",433,228,237,205,196
2023,"0135",137,124,157,13,-20
2024,"0131",1245,1031,1023,214,222
2024,"0135",1051,446,573,605,478
2025,"0131",1046,815,659,231,387
2025,"0135",360,299,331,61,29
2026,"0131",1517,1203,1033,314,484
2026,"0135",713,419,515,294,198
2027,"0131",666,798,815,-132,-149
2027,"0135",954,250,285,704,669
2028,"0131",871,738,726,133,145
2028,"0135",815,344,469,471,346
2029,"0131",1553,2029,2011,-476,-458
2029,"0135",1859,350,456,1509,1403
2030,"0131",1186,1775,1679,-589,-493
2030,"0135",1628,274,372,1354,1256
2031,"0131",1235,2169,2216,-934,-981
2031,"0135",2605,316,472,2289,2133
2032,"0131",1827,1682,2031,145,-204
2032,"0135",1522,294,451,1228,1071
2033,"0131",2115,2184,2190,-69,-75
2033,"0135",1538,314,449,1224,1089
2034,"0131",1191,1927,1838,-736,-647
2034,"0135",1866,313,353,1553,1513
2035,"0131",985,1537,1704,-552,-719
2035,"0135",1754,381,371,1373,1383
2036,"0131",1373,1307,1492,66,-119
2036,"0135",1078,188,279,890,799
2037,"0131",2016,1790,1985,226,31
2037,"0135",1352,323,442,1029,910
2038,"0131",1235,1578,1573,-343,-338
2038,"0135",1644,369,394,1275,1250
2039,"0131",1793,1880,1727,-87,66
2039,"0135",1406,421,554,985,852
2040,"0131",1664,2043,2017,-379,-353
2040,"0135",1992,420,619,1572,1373
2041,"0131",647,887,987,-240,-340
2041,"0135",1119,218,320,901,799
2042,"0131",1100,1028,1033,72,67
2042,"0135",828,233,317,595,511
2043,"0131",1542,1793,1829,-251,-287
2043,"0135",1637,375,492,1262,1145
2044,"0131",1524,1454,1431,70,93
2044,"0135",1389,422,585,967,804
2045,"0131",2536,1704,1832,832,704
2045,"0135",1447,609,838,838,609
2046,"0131",864,1479,1387,-615,-523
2046,"0135",2028,443,599,1585,1429
2047,"0131",1662,1349,1290,313,372
2047,"0135",1184,465,598,719,586
2048,"0131",1401,1794,1776,-393,-375
2048,"0135",2496,537,725,1959,1771
2049,"0131",1624,1883,1835,-259,-211
2049,"0135",2144,557,733,1587,1411
2050,"0131",1692,1350,1319,342,373
2050,"0135",950,371,514,579,436
2051,"0131",605,1264,722,-659,-117
2051,"0135",862,308,277,554,585
2052,"0131",1822,1779,1737,43,85
2052,"0135",1654,411,646,1243,1008
2053,"0131",1714,1504,1321,210,393
2053,"0135",815,291,411,524,404
2054,"0131",2399,2411,2341,-12,58
2054,"0135",2218,639,823,1579,1395
2055,"0131",328,443,433,-115,-105
2055,"0135",559,96,127,463,432
2056,"0131",729,1012,985,-283,-256
2056,"0135",1217,261,350,956,867
2057,"0131",1494,1602,1665,-108,-171
2057,"0135",1638,413,497,1225,1141
2058,"0131",1482,1968,1950,-486,-468
2058,"0135",2453,565,734,1888,1719
2059,"0131",1528,1531,1244,-3,284
2059,"0135",939,340,441,599,498
2060,"0131",2200,1759,1689,441,511
2060,"0135",1144,376,530,768,614
2061,"0131",967,2373,1025,-1406,-58
2061,"0135",994,487,325,507,669
2062,"0131",2873,2080,2099,793,774
2062,"0135",1433,516,882,917,551
2063,"0131",796,1165,1165,-369,-369
2063,"0135",1409,302,386,1107,1023
2064,"0131",896,1120,1164,-224,-268
2064,"0135",1313,351,367,962,946
2065,"0131",1350,1476,1409,-126,-59
2065,"0135",1412,335,488,1077,924
2066,"0131",316,283,288,33,28
2066,"0135",234,71,85,163,149
2067,"0131",1724,1975,1983,-251,-259
2067,"0135",1980,421,567,1559,1413
2068,"0131",1935,2352,2195,-417,-260
2068,"0135",1934,344,562,1590,1372
2069,"0131",712,1053,1113,-341,-401
2069,"0135",1417,278,373,1139,1044
2070,"0131",278,302,316,-24,-38
2070,"0135",291,66,107,225,184
2071,"0131",2056,1713,1937,343,119
2071,"0135",1352,333,511,1019,841
2072,"0131",1911,1617,1655,294,256
2072,"0135",1120,336,481,784,639
2073,"0131",2020,1812,1870,208,150
2073,"0135",1544,350,552,1194,992
2074,"0131",1169,781,916,388,253
2074,"0135",520,195,268,325,252
2075,"0131",1896,1652,1587,244,309
2075,"0135",1095,383,472,712,623
2076,"0131",1913,1599,1736,314,177
2076,"0135",1370,351,505,1019,865
2077,"0131",1776,1814,1857,-38,-81
2077,"0135",1620,413,499,1207,1121
2078,"0131",1508,1722,1303,-214,205
2078,"0135",1005,384,401,621,604
2079,"0131",964,622,643,342,321
2079,"0135",1257,656,742,601,515
2080,"0131",1063,477,446,586,617
2080,"0135",538,489,524,49,14
2081,"0131",908,504,480,404,428
2081,"0135",733,482,549,251,184
2082,"0131",691,494,413,197,278
2082,"0135",669,488,435,181,234
2083,"0131",631,290,312,341,319
2083,"0135",470,364,401,106,69
2084,"0131",540,218,243,322,297
2084,"0135",287,222,262,65,25
2085,"0131",998,477,471,521,527
2085,"0135",642,483,559,159,83
2086,"0131",1238,759,721,479,517
2086,"0135",1220,826,852,394,368
2087,"0131",806,610,692,196,114
2087,"0135",1374,534,707,840,667
2088,"0131",716,463,478,253,238
2088,"0135",855,454,522,401,333
2089,"0131",649,372,364,277,285
2089,"0135",725,449,496,276,229
2090,"0131",553,306,317,247,236
2090,"0135",601,353,389,248,212
2091,"0131",1350,870,904,480,446
2091,"0135",1160,710,760,450,400
2092,"0131",869,835,805,34,64
2092,"0135",1443,647,749,796,694
2093,"0131",480,242,245,238,235
2093,"0135",715,589,562,126,153
2094,"0131",324,127,117,197,207
2094,"0135",43,97,125,-54,-82
2095,"0131",29,14,17,15,12
2095,"0135",36,21,21,15,15
2096,"0131",884,697,658,187,226
2096,"0135",849,568,802,281,47
2097,"0131",647,521,537,126,110
2097,"0135",841,553,693,288,148
2098,"0131",675,588,553,87,122
2098,"0135",1052,674,906,378,146
2099,"0131",501,437,383,64,118
2099,"0135",639,405,598,234,41
2100,"0131",218,203,182,15,36
2100,"0135",323,190,258,133,65
2101,"0131",13,0,25,13,-12
2101,"0135",50,0,27,50,23
2102,"0131",68,21,27,47,41
2102,"0135",29,31,50,-2,-21
2103,"0131",3,5,2,-2,1
2103,"0135",8,3,6,5,2
2104,"0131",1004,521,610,483,394
2104,"0135",513,533,667,-20,-154
2105,"0131",991,594,650,397,341
2105,"0135",794,628,813,166,-19
2106,"0131",80,179,180,-99,-100
2106,"0135",462,221,285,241,177
2107,"0131",1,6,10,-5,-9
2107,"0135",23,3,6,20,17
2108,"0131",18,45,49,-27,-31
2108,"0135",152,71,99,81,53
2109,"0131",1084,468,502,616,582
2109,"0135",665,809,994,-144,-329
2110,"0131",500,297,313,203,187
2110,"0135",659,617,693,42,-34
2111,"0131",459,162,147,297,312
2111,"0135",74,249,304,-175,-230
2112,"0131",89,159,145,-70,-56
2112,"0135",211,98,123,113,88
2113,"0131",919,773,748,146,171
2113,"0135",863,773,832,90,31
2114,"0131",623,580,548,43,75
2114,"0135",1051,573,784,478,267
2115,"0131",275,208,209,67,66
2115,"0135",381,227,307,154,74
2116,"0131",456,385,464,71,-8
2116,"0135",702,417,481,285,221
2117,"0131",1240,794,939,446,301
2117,"0135",1402,978,1176,424,226
2118,"0131",1706,847,932,859,774
2118,"0135",888,877,1147,11,-259
2119,"0131",884,656,759,228,125
2119,"0135",1115,719,842,396,273
2120,"0131",806,733,865,73,-59
2120,"0135",1489,863,964,626,525
2121,"0131",770,485,577,285,193
2121,"0135",732,487,639,245,93
2122,"0131",75,9,30,66,45
2122,"0135",16,28,35,-12,-19
2123,"0131",5,0,2,5,3
2123,"0135",8,5,7,3,1
2124,"0131",64,36,33,28,31
2124,"0135",36,26,42,10,-6
2125,"0131",19,3,2,16,17
2125,"0135",6,12,21,-6,-15
2126,"0131",13,95,104,-82,-91
2126,"0135",203,78,94,125,109
2127,"0131",106,113,139,-7,-33
2127,"0135",460,358,299,102,161
2128,"0131",103,118,134,-15,-31
2128,"0135",560,407,348,153,212
2129,"0131",301,233,297,68,4
2129,"0135",472,392,316,80,156
2130,"0131",15,1,1,14,14
2130,"0135",7,14,19,-7,-12
2131,"0131",145,206,224,-61,-79
2131,"0135",437,195,244,242,193
2132,"0131",437,174,197,263,240
2132,"0135",108,221,268,-113,-160
2133,"0131",977,546,595,431,382
2133,"0135",451,477,587,-26,-136
2134,"0131",504,103,230,401,274
2134,"0135",72,109,251,-37,-179
2135,"0131",977,823,859,154,118
2135,"0135",1296,784,990,512,306
2136,"0131",507,355,400,152,107
2136,"0135",594,444,536,150,58
2137,"0131",1,1,0,0,1
2137,"0135",5,2,5,3,0
2138,"0131",117,95,101,22,16
2138,"0135",102,72,89,30,13
2139,"0131",5,3,3,2,2
2139,"0135",2,2,3,0,-1
2140,"0131",209,198,218,11,-9
2140,"0135",308,147,185,161,123
2141,"0131",148,83,92,65,56
2141,"0135",150,146,159,4,-9
2142,"0131",44,38,40,6,4
2142,"0135",24,5,18,19,6
2143,"0131",830,708,581,122,249
2143,"0135",971,618,676,353,295
2144,"0131",1071,666,721,405,350
2144,"0135",1018,446,658,572,360
2145,"0131",626,796,761,-170,-135
2145,"0135",1438,520,664,918,774
2146,"0131",421,524,321,-103,100
2146,"0135",456,328,257,128,199
2147,"0131",520,586,590,-66,-70
2147,"0135",1030,340,427,690,603
2148,"0131",184,264,403,-80,-219
2148,"0135",655,87,147,568,508
2149,"0131",201,114,110,87,91
2149,"0135",55,62,82,-7,-27
2150,"0131",60,33,35,27,25
2150,"0135",20,8,16,12,4
2151,"0131",463,133,92,330,371
2151,"0135",109,217,286,-108,-177
2152,"0131",245,227,172,18,73
2152,"0135",633,343,425,290,208
2153,"0131",367,131,105,236,262
2153,"0135",209,214,272,-5,-63
2154,"0131",396,222,193,174,203
2154,"0135",378,181,262,197,116
2155,"0131",50,73,56,-23,-6
2155,"0135",168,60,82,108,86
2156,"0131",1474,512,763,962,711
2156,"0135",748,670,859,78,-111
2157,"0131",1651,641,786,1010,865
2157,"0135",562,647,851,-85,-289
2158,"0131",838,585,741,253,97
2158,"0135",1415,763,966,652,449
2159,"0131",349,436,368,-87,-19
2159,"0135",748,552,418,196,330
2160,"0131",582,555,685,27,-103
2160,"0135",1328,652,745,676,583
2161,"0131",615,379,494,236,121
2161,"0135",749,493,532,256,217
2162,"0131",396,417,520,-21,-124
2162,"0135",1130,485,603,645,527
2163,"0131",12,2,7,10,5
2163,"0135",6,7,10,-1,-4
2164,"0131",19,17,20,2,-1
2164,"0135",35,15,20,20,15
2165,"0131",75,10,24,65,51
2165,"0135",15,16,39,-1,-24
2166,"0131",571,499,515,72,56
2166,"0135",669,553,496,116,173
2167,"0131",825,633,788,192,37
2167,"0135",1307,883,947,424,360
2168,"0131",758,291,390,467,368
2168,"0135",156,322,342,-166,-186
2169,"0131",1114,628,814,486,300
2169,"0135",853,729,781,124,72
2170,"0131",50,33,45,17,5
2170,"0135",45,27,30,18,15
2171,"0131",269,124,157,145,112
2171,"0135",82,105,127,-23,-45
2172,"0131",94,237,288,-143,-194
2172,"0135",605,208,281,397,324
2173,"0131",43,23,33,20,10
2173,"0135",30,26,32,4,-2
2174,"0131",47,8,13,39,34
2174,"0135",7,18,30,-11,-23
2175,"0131",198,268,311,-70,-113
2175,"0135",619,218,271,401,348
2176,"0131",89,29,40,60,49
2176,"0135",62,63,76,-1,-14
2177,"0131",453,483,345,-30,108
2177,"0135",391,306,280,85,111
2178,"0131",728,434,410,294,318
2178,"0135",437,380,416,57,21
2179,"0131",1180,693,664,487,516
2179,"0135",546,537,600,9,-54
2180,"0131",536,339,303,197,233
2180,"0135",318,253,304,65,14
2181,"0131",196,87,82,109,114
2181,"0135",37,75,76,-38,-39
2182,"0131",8,6,5,2,3
2182,"0135",6,4,3,2,3
2183,"0131",524,557,487,-33,37
2183,"0135",601,181,308,420,293
2184,"0131",67,36,30,31,37
2184,"0135",11,20,20,-9,-9
2185,"0131",523,273,259,250,264
2185,"0135",414,387,459,27,-45
2186,"0131",306,224,201,82,105
2186,"0135",273,169,231,104,42
2187,"0131",1706,1117,1285,589,421
2187,"0135",1592,826,1054,766,538
2188,"0131",1729,952,1095,777,634
2188,"0135",1242,800,998,442,244
2189,"0131",1279,767,886,512,393
2189,"0135",1384,823,951,561,433
2190,"0131",1254,767,747,487,507
2190,"0135",868,695,756,173,112
2191,"0131",1246,731,854,515,392
2191,"0135",1349,848,931,501,418
2192,"0131",763,408,473,355,290
2192,"0135",612,500,474,112,138
2193,"0131",1179,736,846,443,333
2193,"0135",1197,761,839,436,358
2194,"0131",905,528,491,377,414
2194,"0135",412,459,439,-47,-27
2195,"0131",1732,1079,1272,653,460
2195,"0135",1701,955,1164,746,537
2196,"0131",250,361,392,-111,-142
2196,"0135",732,323,270,409,462
2197,"0131",394,367,393,27,1
2197,"0135",674,271,307,403,367
2198,"0131",1638,779,893,859,745
2198,"0135",1247,962,1061,285,186
2199,"0131",528,0,230,528,298
2199,"0135",308,0,401,308,-93
2200,"0131",421,314,256,107,165
2200,"0135",387,320,300,67,87
2201,"0131",288,184,378,104,-90
2201,"0135",785,840,357,-55,428
2202,"0131",515,358,375,157,140
2202,"0135",562,324,378,238,184
2203,"0131",1734,966,1203,768,531
2203,"0135",1712,952,1200,760,512
2204,"0131",407,259,312,148,95
2204,"0135",403,390,251,13,152
2205,"0131",1082,637,736,445,346
2205,"0135",1053,691,767,362,286
2206,"0131",472,306,357,166,115
2206,"0135",604,340,368,264,236
2207,"0131",1236,563,754,673,482
2207,"0135",909,544,699,365,210
2208,"0131",985,618,684,367,301
2208,"0135",848,529,602,319,246
2209,"0131",910,483,561,427,349
2209,"0135",674,422,515,252,159
2210,"0131",1240,863,966,377,274
2210,"0135",1361,840,857,521,504
2211,"0131",1400,1000,1132,400,268
2211,"0135",1714,713,978,1001,736
2212,"0131",1302,871,1040,431,262
2212,"0135",1329,757,807,572,522
2213,"0131",0,381,0,-381,0
2213,"0135",0,291,0,-291,0
2214,"0131",1203,613,743,590,460
2214,"0135",915,650,690,265,225
2215,"0131",1430,739,790,691,640
2215,"0135",957,752,835,205,122
2216,"0131",1248,875,989,373,259
2216,"0135",1663,915,1030,748,633
2217,"0131",1486,787,870,699,616
2217,"0135",1013,660,743,353,270
2218,"0131",1328,986,906,342,422
2218,"0135",1301,1058,961,243,340
2219,"0131",1222,970,960,252,262
2219,"0135",1184,781,717,403,467
2220,"0131",285,243,272,42,13
2220,"0135",540,197,304,343,236
2221,"0131",553,401,445,152,108
2221,"0135",756,231,496,525,260
2222,"0131",896,469,544,427,352
2222,"0135",669,543,526,126,143
2223,"0131",1041,662,750,379,291
2223,"0135",1275,851,908,424,367
2224,"0131",1032,497,685,535,347
2224,"0135",763,422,564,341,199
2225,"0131",1101,687,686,414,415
2225,"0135",1000,713,748,287,252
2226,"0131",797,534,626,263,171
2226,"0135",792,460,481,332,311
2227,"0131",1709,1001,1173,708,536
2227,"0135",1465,916,1082,549,383
2228,"0131",1059,657,771,402,288
2228,"0135",1205,727,841,478,364
2229,"0131",1090,518,541,572,549
2229,"0135",493,504,576,-11,-83
2230,"0131",1832,941,1080,891,752
2230,"0135",1071,810,967,261,104
2231,"0131",1336,616,703,720,633
2231,"0135",758,671,746,87,12
2232,"0131",860,511,548,349,312
2232,"0135",744,571,535,173,209
2233,"0131",597,443,477,154,120
2233,"0135",735,395,452,340,283
2234,"0131",1180,742,918,438,262
2234,"0135",1522,845,928,677,594
2235,"0131",17,22,27,-5,-10
2235,"0135",78,36,39,42,39
2236,"0131",1466,875,1148,591,318
2236,"0135",1238,597,718,641,520
2237,"0131",1422,729,819,693,603
2237,"0135",925,767,858,158,67
2238,"0131",967,907,864,60,103
2238,"0135",1525,687,851,838,674
2239,"0131",408,379,432,29,-24
2239,"0135",635,251,306,384,329
2240,"0131",755,332,391,423,364
2240,"0135",324,312,376,12,-52
2241,"0131",1331,862,843,469,488
2241,"0135",1123,822,877,301,246
2242,"0131",1206,1046,1124,160,82
2242,"0135",1487,751,841,736,646
2243,"0131",1319,876,908,443,411
2243,"0135",1120,765,839,355,281
2244,"0131",1133,851,1058,282,75
2244,"0135",1585,760,870,825,715
2245,"0131",1179,654,711,525,468
2245,"0135",692,535,598,157,94
2246,"0131",1712,838,1052,874,660
2246,"0135",1295,907,1076,388,219
2247,"0131",1486,801,948,685,538
2247,"0135",1379,749,844,630,535
2248,"0131",833,765,993,68,-160
2248,"0135",1886,655,891,1231,995
2249,"0131",1045,407,562,638,483
2249,"0135",539,427,534,112,5
2250,"0131",1177,670,766,507,411
2250,"0135",907,655,617,252,290
2251,"0131",1010,813,919,197,91
2251,"0135",1434,612,748,822,686
2252,"0131",1135,886,949,249,186
2252,"0135",1311,649,756,662,555
2253,"0131",1436,932,1193,504,243
2253,"0135",1795,1044,1075,751,720
2254,"0131",1603,1254,1471,349,132
2254,"0135",1678,778,881,900,797
2255,"0131",848,852,975,-4,-127
2255,"0135",1536,520,692,1016,844
2256,"0131",1000,854,965,146,35
2256,"0135",1671,689,929,982,742
2257,"0131",1162,510,585,652,577
2257,"0135",432,470,527,-38,-95
2258,"0131",1421,890,966,531,455
2258,"0135",1231,792,916,439,315
2259,"0131",1015,860,977,155,38
2259,"0135",1604,731,848,873,756
2260,"0131",347,537,633,-190,-286
2260,"0135",1279,562,535,717,744
2261,"0131",647,386,449,261,198
2261,"0135",439,301,335,138,104
2262,"0131",759,569,613,190,146
2262,"0135",858,422,512,436,346
2263,"0131",183,151,184,32,-1
2263,"0135",356,173,195,183,161
2264,"0131",507,425,500,82,7
2264,"0135",843,376,426,467,417
2265,"0131",359,186,191,173,168
2265,"0135",168,148,183,20,-15
2266,"0131",253,177,187,76,66
2266,"0135",263,151,162,112,101
2267,"0131",775,640,713,135,62
2267,"0135",1342,670,747,672,595
2268,"0131",1432,1056,1210,376,222
2268,"0135",1720,745,1011,975,709
2269,"0131",1747,836,1000,911,747
2269,"0135",631,590,684,41,-53
2270,"0131",1382,978,1106,404,276
2270,"0135",1320,737,853,583,467
2271,"0131",1494,954,1071,540,423
2271,"0135",1506,917,1064,589,442
2272,"0131",825,467,498,358,327
2272,"0135",461,367,412,94,49
2273,"0131",457,185,215,272,242
2273,"0135",103,144,174,-41,-71
2274,"0131",293,196,214,97,79
2274,"0135",245,126,172,119,73
2275,"0131",146,257,298,-111,-152
2275,"0135",700,217,269,483,431
2276,"0131",311,153,180,158,131
2276,"0135",220,161,191,59,29
2277,"0131",1259,748,859,511,400
2277,"0135",1173,703,849,470,324
2278,"0131",501,295,337,206,164
2278,"0135",336,226,260,110,76
2279,"0131",1150,388,449,762,701
2279,"0135",171,353,452,-182,-281
2280,"0131",529,378,438,151,91
2280,"0135",701,379,421,322,280
2281,"0131",598,262,285,336,313
2281,"0135",698,608,584,90,114
2282,"0131",900,296,315,604,585
2282,"0135",833,873,998,-40,-165
2283,"0131",927,422,518,505,409
2283,"0135",1638,1235,1450,403,188
2284,"0131",1652,510,520,1142,1132
2284,"0135",1202,1541,1626,-339,-424
2285,"0131",1327,463,570,864,757
2285,"0135",1794,1471,1814,323,-20
2286,"0131",1488,744,803,744,685
2286,"0135",2294,1984,2171,310,123
2287,"0131",694,256,289,438,405
2287,"0135",891,838,977,53,-86
2288,"0131",1097,473,479,624,618
2288,"0135",1219,1254,1304,-35,-85
2289,"0131",787,411,455,376,332
2289,"0135",1523,1156,1332,367,191
2290,"0131",1269,434,478,835,791
2290,"0135",1278,1324,1510,-46,-232
2291,"0131",1879,633,713,1246,1166
2291,"0135",1463,1580,1865,-117,-402
2292,"0131",348,138,154,210,194
2292,"0135",438,420,496,18,-58
2293,"0131",204,88,45,116,159
2293,"0135",32,239,129,-207,-97
2294,"0131",2053,572,687,1481,1366
2294,"0135",1553,1759,2068,-206,-515
2295,"0131",844,167,227,677,617
2295,"0135",163,353,575,-190,-412
2296,"0131",472,214,220,258,252
2296,"0135",543,491,567,52,-24
2297,"0131",1049,285,317,764,732
2297,"0135",496,749,879,-253,-383
2298,"0131",838,175,189,663,649
2298,"0135",188,542,629,-354,-441
2299,"0131",618,218,257,400,361
2299,"0135",691,671,785,20,-94
2300,"0131",329,150,163,179,166
2300,"0135",420,373,435,47,-15
2301,"0131",1351,362,430,989,921
2301,"0135",950,1056,1353,-106,-403
2302,"0131",204,74,89,130,115
2302,"0135",306,291,326,15,-20
2303,"0131",1674,695,720,979,954
2303,"0135",1654,1754,1859,-100,-205
2304,"0131",905,349,395,556,510
2304,"0135",908,919,1063,-11,-155
2305,"0131",2053,483,527,1570,1526
2305,"0135",713,1441,1675,-728,-962
2306,"0131",1211,283,331,928,880
2306,"0135",335,779,849,-444,-514
2307,"0131",1005,308,368,697,637
2307,"0135",769,865,1012,-96,-243
2308,"0131",1020,368,421,652,599
2308,"0135",973,909,1132,64,-159
2309,"0131",1365,540,560,825,805
2309,"0135",1373,1368,1601,5,-228
2310,"0131",1403,561,623,842,780
2310,"0135",1611,1482,1741,129,-130
2311,"0131",223,194,211,29,12
2311,"0135",780,472,573,308,207
2312,"0131",292,92,97,200,195
2312,"0135",205,250,298,-45,-93
2313,"0131",0,40,0,-40,0
2313,"0135",0,118,0,-118,0
2314,"0131",90,58,65,32,25
2314,"0135",247,187,212,60,35
2315,"0131",1760,677,772,1083,988
2315,"0135",917,1014,1136,-97,-219
2316,"0131",679,468,567,211,112
2316,"0135",1369,788,840,581,529
2317,"0131",1223,563,672,660,551
2317,"0135",1436,954,1204,482,232
2318,"0131",601,314,281,287,320
2318,"0135",432,490,478,-58,-46
2319,"0131",1142,691,749,451,393
2319,"0135",1526,976,1124,550,402
2320,"0131",1111,649,740,462,371
2320,"0135",1515,1026,1138,489,377
2321,"0131",915,640,700,275,215
2321,"0135",1543,904,1050,639,493
2322,"0131",716,308,308,408,408
2322,"0135",565,453,596,112,-31
2323,"0131",1228,537,661,691,567
2323,"0135",1118,884,1008,234,110
2324,"0131",360,255,289,105,71
2324,"0135",707,389,439,318,268
2325,"0131",1233,665,560,568,673
2325,"0135",829,947,877,-118,-48
2326,"0131",511,435,498,76,13
2326,"0135",1314,637,831,677,483
2327,"0131",465,279,296,186,169
2327,"0135",607,418,490,189,117
2328,"0131",612,183,207,429,405
2328,"0135",164,299,342,-135,-178
2329,"0131",439,349,372,90,67
2329,"0135",864,499,558,365,306
2330,"0131",1354,612,609,742,745
2330,"0135",979,1124,1036,-145,-57
2331,"0131",840,454,521,386,319
2331,"0135",994,738,831,256,163
2332,"0131",1139,593,725,546,414
2332,"0135",1476,905,1158,571,318
2333,"0131",1245,518,569,727,676
2333,"0135",850,869,919,-19,-69
2334,"0131",1424,655,727,769,697
2334,"0135",1220,1018,1165,202,55
2335,"0131",1077,371,397,706,680
2335,"0135",480,589,695,-109,-215
2336,"0131",1390,552,590,838,800
2336,"0135",674,694,869,-20,-195
2337,"0131",523,331,380,192,143
2337,"0135",872,597,624,275,248
2338,"0131",1587,536,642,1051,945
2338,"0135",1136,1043,1398,93,-262
2339,"0131",1215,452,538,763,677
2339,"0135",1138,1011,1186,127,-48
2340,"0131",1096,594,645,502,451
2340,"0135",1850,1327,1519,523,331
2341,"0131",1317,553,572,764,745
2341,"0135",1084,1132,1181,-48,-97
2342,"0131",814,479,526,335,288
2342,"0135",1578,1085,1240,493,338
2343,"0131",896,327,355,569,541
2343,"0135",689,694,824,-5,-135
2344,"0131",822,248,271,574,551
2344,"0135",466,602,710,-136,-244
2345,"0131",1648,681,760,967,888
2345,"0135",1758,1496,1762,262,-4
2346,"0131",1017,518,575,499,442
2346,"0135",1331,1021,1201,310,130
2347,"0131",1173,438,526,735,647
2347,"0135",1217,955,929,262,288
2348,"0131",1926,663,718,1263,1208
2348,"0135",935,1211,1396,-276,-461
2349,"0131",374,195,216,179,158
2349,"0135",614,437,544,177,70
2350,"0131",240,61,123,179,117
2350,"0135",280,122,257,158,23
2351,"0131",1617,651,722,966,895
2351,"0135",1575,1366,1652,209,-77
2352,"0131",1784,716,691,1068,1093
2352,"0135",1353,1451,1604,-98,-251
2353,"0131",265,125,128,140,137
2353,"0135",269,220,271,49,-2
2354,"0131",429,221,231,208,198
2354,"0135",634,488,551,146,83
2355,"0131",1667,600,720,1067,947
2355,"0135",1483,1236,1615,247,-132
2356,"0131",528,190,211,338,317
2356,"0135",519,496,555,23,-36
2357,"0131",1436,576,599,860,837
2357,"0135",1172,1216,1354,-44,-182
2358,"0131",162,124,137,38,25
2358,"0135",375,209,252,166,123
2359,"0131",1517,628,675,889,842
2359,"0135",1403,1251,1459,152,-56
2360,"0131",2211,719,848,1492,1363
2360,"0135",1529,1581,1930,-52,-401
2361,"0131",1744,665,769,1079,975
2361,"0135",1394,1324,1554,70,-160
2362,"0131",617,583,714,34,-97
2362,"0135",916,315,407,601,509
2363,"0131",1592,1038,1040,554,552
2363,"0135",743,563,651,180,92
2364,"0131",355,273,353,82,2
2364,"0135",414,200,210,214,204
2365,"0131",1009,669,861,340,148
2365,"0135",758,412,483,346,275
2366,"0131",383,191,241,192,142
2366,"0135",117,93,117,24,0
2367,"0131",658,553,727,105,-69
2367,"0135",917,353,438,564,479
2368,"0131",512,375,487,137,25
2368,"0135",508,241,267,267,241
2369,"0131",322,186,213,136,109
2369,"0135",187,120,156,67,31
2370,"0131",462,323,444,139,18
2370,"0135",503,207,269,296,234
2371,"0131",772,555,855,217,-83
2371,"0135",1136,425,550,711,586
2372,"0131",744,597,657,147,87
2372,"0135",1069,729,697,340,372
2373,"0131",1343,545,687,798,656
2373,"0135",384,515,602,-131,-218
2374,"0131",552,611,758,-59,-206
2374,"0135",959,282,342,677,617
2375,"0131",1336,913,1288,423,48
2375,"0135",1673,588,830,1085,843
2376,"0131",1775,1054,1414,721,361
2376,"0135",1229,713,775,516,454
2377,"0131",435,391,478,44,-43
2377,"0135",598,223,284,375,314
2378,"0131",483,395,536,88,-53
2378,"0135",715,256,333,459,382
2379,"0131",754,468,541,286,213
2379,"0135",443,277,313,166,130
2380,"0131",750,829,1043,-79,-293
2380,"0135",1538,600,662,938,876
2381,"0131",1532,1033,1286,499,246
2381,"0135",1244,512,741,732,503
2382,"0131",538,609,693,-71,-155
2382,"0135",930,315,385,615,545
2383,"0131",1618,913,1157,705,461
2383,"0135",898,513,642,385,256
2384,"0131",1039,528,844,511,195
2384,"0135",676,240,430,436,246
2385,"0131",1082,1106,1127,-24,-45
2385,"0135",1281,522,603,759,678
2386,"0131",620,390,467,230,153
2386,"0135",397,220,297,177,100
2387,"0131",1494,923,1186,571,308
2387,"0135",1007,533,632,474,375
2388,"0131",841,477,770,364,71
2388,"0135",709,257,379,452,330
2389,"0131",1733,1061,1451,672,282
2389,"0135",1212,570,697,642,515
2390,"0131",646,434,561,212,85
2390,"0135",625,269,350,356,275
2391,"0131",779,0,652,779,127
2391,"0135",636,0,373,636,263
2392,"0131",2562,1055,1256,1507,1306
2392,"0135",849,729,896,120,-47
2393,"0131",895,439,648,456,247
2393,"0135",820,300,467,520,353
2394,"0131",1860,833,1092,1027,768
2394,"0135",1000,690,945,310,55
2395,"0131",1039,526,660,513,379
2395,"0135",877,367,482,510,395
2396,"0131",1572,705,872,867,700
2396,"0135",680,564,703,116,-23
2397,"0131",1038,654,779,384,259
2397,"0135",1211,575,771,636,440
2398,"0131",1574,1060,1256,514,318
2398,"0135",1855,836,1078,1019,777
2399,"0131",1167,644,774,523,393
2399,"0135",1046,544,722,502,324
2400,"0131",1102,1106,1264,-4,-162
2400,"0135",1923,672,915,1251,1008
2401,"0131",555,358,448,197,107
2401,"0135",547,219,274,328,273
2402,"0131",1233,803,923,430,310
2402,"0135",1299,624,815,675,484
2403,"0131",949,572,694,377,255
2403,"0135",996,454,609,542,387
2404,"0131",1648,878,1091,770,557
2404,"0135",1222,646,874,576,348
2405,"0131",851,566,739,285,112
2405,"0135",1100,469,594,631,506
2406,"0131",1404,871,1120,533,284
2406,"0135",1379,630,831,749,548
2407,"0131",1046,655,712,391,334
2407,"0135",991,489,654,502,337
2408,"0131",2125,1013,1124,1112,1001
2408,"0135",961,783,1028,178,-67
2409,"0131",1551,807,970,744,581
2409,"0135",970,536,735,434,235
2410,"0131",1396,831,995,565,401
2410,"0135",1126,577,773,549,353
2411,"0131",1185,653,782,532,403
2411,"0135",724,418,543,306,181
2412,"0131",1138,767,955,371,183
2412,"0135",1375,627,797,748,578
2413,"0131",1282,917,1074,365,208
2413,"0135",1276,502,673,774,603
2414,"0131",1542,708,705,834,837
2414,"0135",1189,910,1105,279,84
2415,"0131",620,277,285,343,335
2415,"0135",459,321,448,138,11
2416,"0131",597,652,479,-55,118
2416,"0135",1628,873,996,755,632
2417,"0131",423,281,278,142,145
2417,"0135",662,376,450,286,212
2418,"0131",1321,827,788,494,533
2418,"0135",1695,1030,1251,665,444
2419,"0131",860,383,363,477,497
2419,"0135",523,458,556,65,-33
2420,"0131",1886,684,752,1202,1134
2420,"0135",948,925,1150,23,-202
2421,"0131",1133,623,718,510,415
2421,"0135",1623,831,1132,792,491
2422,"0131",1113,722,615,391,498
2422,"0135",1331,953,1022,378,309
2423,"0131",1098,558,521,540,577
2423,"0135",547,466,588,81,-41
2424,"0131",1064,706,716,358,348
2424,"0135",1644,826,1121,818,523
2425,"0131",291,77,145,214,146
2425,"0135",261,92,235,169,26
2426,"0131",2094,959,1024,1135,1070
2426,"0135",1532,1093,1464,439,68
2427,"0131",648,345,325,303,323
2427,"0135",472,352,443,120,29
2428,"0131",2115,955,984,1160,1131
2428,"0135",1381,1141,1336,240,45
2429,"0131",700,576,471,124,229
2429,"0135",888,705,612,183,276
2430,"0131",1216,731,718,485,498
2430,"0135",1360,795,966,565,394
2431,"0131",1305,948,891,357,414
2431,"0135",1894,1105,1244,789,650
2432,"0131",705,359,351,346,354
2432,"0135",671,470,597,201,74
2433,"0131",729,423,415,306,314
2433,"0135",602,394,474,208,128
2434,"0131",883,383,464,500,419
2434,"0135",746,435,643,311,103
2435,"0131",1763,939,904,824,859
2435,"0135",1497,947,1335,550,162
2436,"0131",1097,1111,1437,-14,-340
2436,"0135",2213,463,850,1750,1363
2437,"0131",950,1119,1069,-169,-119
2437,"0135",1710,659,694,1051,1016
2438,"0131",1140,653,1050,487,90
2438,"0135",1641,384,802,1257,839
2439,"0131",1337,774,964,563,373
2439,"0135",1424,524,910,900,514
2440,"0131",1247,764,870,483,377
2440,"0135",950,426,629,524,321
2441,"0131",826,312,545,514,281
2441,"0135",577,211,421,366,156
2442,"0131",1832,1376,1142,456,690
2442,"0135",979,625,766,354,213
2443,"0131",1264,997,938,267,326
2443,"0135",1256,630,754,626,502
2444,"0131",1418,986,1295,432,123
2444,"0135",1862,509,889,1353,973
2445,"0131",981,571,747,410,234
2445,"0135",949,332,599,617,350
2446,"0131",1176,447,698,729,478
2446,"0135",702,251,532,451,170
2447,"0131",1036,354,707,682,329
2447,"0135",663,177,476,486,187
2448,"0131",854,585,624,269,230
2448,"0135",809,310,498,499,311
2449,"0131",1983,1419,1426,564,557
2449,"0135",1340,641,884,699,456
2450,"0131",1666,986,983,680,683
2450,"0135",999,686,832,313,167
2451,"0131",1026,800,942,226,84
2451,"0135",1477,405,795,1072,682
2452,"0131",1499,867,925,632,574
2452,"0135",943,507,694,436,249
2453,"0131",252,193,105,59,147
2453,"0135",32,149,88,-117,-56
2454,"0131",895,686,672,209,223
2454,"0135",1017,438,650,579,367
2455,"0131",2091,1088,1072,1003,1019
2455,"0135",1299,981,1218,318,81
2456,"0131",1749,986,982,763,767
2456,"0135",1063,798,965,265,98
2457,"0131",1855,1070,1135,785,720
2457,"0135",1483,846,1101,637,382
2458,"0131",714,539,463,175,251
2458,"0135",643,358,467,285,176
2459,"0131",500,212,201,288,299
2459,"0135",74,142,175,-68,-101
2460,"0131",1059,792,704,267,355
2460,"0135",887,516,654,371,233
2461,"0131",665,603,557,62,108
2461,"0135",962,431,537,531,425
2462,"0131",110,287,280,-177,-170
2462,"0135",718,208,289,510,429
2463,"0131",1623,1119,1075,504,548
2463,"0135",1424,788,1009,636,415
2464,"0131",802,427,499,375,303
2464,"0135",744,367,507,377,237
2465,"0131",315,494,464,-179,-149
2465,"0135",1097,388,489,709,608
2466,"0131",1628,1002,1065,626,563
2466,"0135",1753,946,1191,807,562
2467,"0131",666,624,535,42,131
2467,"0135",1057,605,622,452,435
2468,"0131",1076,670,648,406,428
2468,"0135",915,608,690,307,225
2469,"0131",673,553,507,120,166
2469,"0135",992,519,609,473,383
2470,"0131",329,287,268,42,61
2470,"0135",506,251,302,255,204
2471,"0131",1401,878,867,523,534
2471,"0135",1412,806,985,606,427
2472,"0131",1514,912,767,602,747
2472,"0135",960,750,853,210,107
2473,"0131",374,183,159,191,215
2473,"0135",189,157,202,32,-13
2474,"0131",82,112,97,-30,-15
2474,"0135",273,114,137,159,136
2475,"0131",1196,584,571,612,625
2475,"0135",718,601,693,117,25
2476,"0131",382,550,444,-168,-62
2476,"0135",1249,618,640,631,609
2477,"0131",836,468,437,368,399
2477,"0135",770,518,594,252,176
2478,"0131",1420,941,884,479,536
2478,"0135",1437,941,986,496,451
2479,"0131",1073,693,640,380,433
2479,"0135",1154,666,827,488,327
2480,"0131",1416,642,757,774,659
2480,"0135",1064,668,938,396,126
2481,"0131",798,733,855,65,-57
2481,"0135",1196,403,535,793,661
2482,"0131",1877,1576,1114,301,763
2482,"0135",1029,896,925,133,104
2483,"0131",913,576,775,337,138
2483,"0135",1109,379,611,730,498
2484,"0131",1815,1043,1119,772,696
2484,"0135",1333,633,1026,700,307
2485,"0131",1224,571,752,653,472
2485,"0135",746,388,595,358,151
2486,"0131",1171,910,834,261,337
2486,"0135",847,509,574,338,273
2487,"0131",1299,478,1043,821,256
2487,"0135",1459,234,818,1225,641
2488,"0131",868,743,748,125,120
2488,"0135",1091,528,563,563,528
2489,"0131",1004,1018,1343,-14,-339
2489,"0135",2390,589,1011,1801,1379
2490,"0131",1644,911,1181,733,463
2490,"0135",1495,504,961,991,534
2491,"0131",1344,1050,1019,294,325
2491,"0135",1209,602,741,607,468
2492,"0131",962,760,904,202,58
2492,"0135",1597,502,831,1095,766
2493,"0131",1071,1010,1107,61,-36
2493,"0135",1781,612,856,1169,925
2494,"0131",1707,805,762,902,945
2494,"0135",1780,1168,1555,612,225
2495,"0131",828,402,355,426,473
2495,"0135",904,645,766,259,138
2496,"0131",1129,676,723,453,406
2496,"0135",2124,1122,1526,1002,598
2497,"0131",1138,411,450,727,688
2497,"0135",870,718,893,152,-23
2498,"0131",710,635,588,75,122
2498,"0135",963,425,519,538,444
2499,"0131",823,653,582,170,241
2499,"0135",1089,566,624,523,465
2500,"0131",976,800,795,176,181
2500,"0135",1568,695,851,873,717
2501,"0131",184,408,383,-224,-199
2501,"0135",918,278,348,640,570
2502,"0131",1064,758,733,306,331
2502,"0135",1167,583,691,584,476
2503,"0131",918,678,651,240,267
2503,"0135",1057,540,631,517,426
2504,"0131",587,460,430,127,157
2504,"0135",801,360,449,441,352
2505,"0131",791,484,454,307,337
2505,"0135",492,328,419,164,73
2506,"0131",564,404,401,160,163
2506,"0135",293,140,186,153,107
2507,"0131",2174,1536,1512,638,662
2507,"0135",1232,595,798,637,434
2508,"0131",948,790,735,158,213
2508,"0135",773,320,422,453,351
2509,"0131",463,699,679,-236,-216
2509,"0135",1260,337,465,923,795
2510,"0131",1156,841,893,315,263
2510,"0135",1151,459,587,692,564
2511,"0131",1904,1476,1386,428,518
2511,"0135",1525,613,828,912,697
2512,"0131",1259,830,721,429,538
2512,"0135",903,470,671,433,232
2513,"0131",1687,1517,1396,170,291
2513,"0135",1728,664,855,1064,873
2514,"0131",1440,877,765,563,675
2514,"0135",532,309,503,223,29
2515,"0131",1239,1065,986,174,253
2515,"0135",1049,427,572,622,477
2516,"0131",1131,1672,1405,-541,-274
2516,"0135",2233,816,861,1417,1372
2517,"0131",665,703,656,-38,9
2517,"0135",1042,288,428,754,614
2518,"0131",1819,1397,1234,422,585
2518,"0135",1236,661,746,575,490
2519,"0131",1316,1113,1045,203,271
2519,"0135",1211,522,673,689,538
2520,"0131",651,685,575,-34,76
2520,"0135",762,344,341,418,421
2521,"0131",968,899,755,69,213
2521,"0135",800,324,473,476,327
2522,"0131",988,520,585,468,403
2522,"0135",417,213,360,204,57
2523,"0131",2378,1615,1545,763,833
2523,"0135",1291,612,868,679,423
2524,"0131",1264,1126,1007,138,257
2524,"0135",1273,562,630,711,643
2525,"0131",1326,1283,1388,43,-62
2525,"0135",2090,677,886,1413,1204
2526,"0131",1116,727,687,389,429
2526,"0135",592,328,447,264,145
2527,"0131",902,421,507,481,395
2527,"0135",777,399,570,378,207
2528,"0131",532,488,481,44,51
2528,"0135",1136,454,580,682,556
2529,"0131",1781,1003,975,778,806
2529,"0135",1632,1032,1297,600,335
2530,"0131",1500,894,899,606,601
2530,"0135",1865,1004,1336,861,529
2531,"0131",989,734,710,255,279
2531,"0135",1541,727,961,814,580
2532,"0131",1296,663,619,633,677
2532,"0135",959,468,810,491,149
2533,"0131",1773,828,891,945,882
2533,"0135",1043,660,977,383,66
2534,"0131",1257,605,586,652,671
2534,"0135",1033,636,870,397,163
2535,"0131",1781,1028,997,753,784
2535,"0135",1648,916,1253,732,395
2536,"0131",952,642,642,310,310
2536,"0135",1306,610,865,696,441
2537,"0131",2487,886,1090,1601,1397
2537,"0135",901,703,1153,198,-252
2538,"0131",1292,679,664,613,628
2538,"0135",972,615,769,357,203
2539,"0131",1965,1080,1077,885,888
2539,"0135",1430,856,1143,574,287
2540,"0131",856,600,580,256,276
2540,"0135",1107,562,721,545,386
2541,"0131",377,251,259,126,118
2541,"0135",740,207,293,533,447
2542,"0131",540,338,344,202,196
2542,"0135",628,293,393,335,235
2543,"0131",1237,742,707,495,530
2543,"0135",470,271,384,199,86
2544,"0131",1547,1413,1402,134,145
2544,"0135",1906,579,786,1327,1120
2545,"0131",1620,1449,1314,171,306
2545,"0135",1538,521,696,1017,842
2546,"0131",1241,838,826,403,415
2546,"0135",793,308,472,485,321
2547,"0131",657,482,477,175,180
2547,"0135",490,167,271,323,219
2548,"0131",1426,882,934,544,492
2548,"0135",872,387,521,485,351
2549,"0131",990,818,785,172,205
2549,"0135",997,306,448,691,549
2550,"0131",386,498,502,-112,-116
2550,"0135",823,191,284,632,539
2551,"0131",1166,1164,1178,2,-12
2551,"0135",1165,220,397,945,768
2552,"0131",2095,1976,2096,119,-1
2552,"0135",1956,434,640,1522,1316
2553,"0131",1030,858,912,172,118
2553,"0135",699,178,264,521,435
2554,"0131",2383,1978,2077,405,306
2554,"0135",1708,616,654,1092,1054
2555,"0131",1624,1994,1919,-370,-295
2555,"0135",2146,461,612,1685,1534
2556,"0131",2067,1975,2031,92,36
2556,"0135",1947,334,616,1613,1331
2557,"0131",214,608,601,-394,-387
2557,"0135",948,101,160,847,788
2558,"0131",1778,988,1475,790,303
2558,"0135",1134,250,453,884,681
2559,"0131",1066,718,873,348,193
2559,"0135",664,145,277,519,387
2560,"0131",440,646,529,-206,-89
2560,"0135",623,130,170,493,453
2561,"0131",1368,1146,1166,222,202
2561,"0135",913,224,345,689,568
2562,"0131",1231,1529,1496,-298,-265
2562,"0135",1879,317,553,1562,1326
2563,"0131",1624,1453,1456,171,168
2563,"0135",1287,280,465,1007,822
2564,"0131",2026,1674,1620,352,406
2564,"0135",1371,426,610,945,761
2565,"0131",1600,1244,1438,356,162
2565,"0135",1295,246,455,1049,840
2566,"0131",1056,1056,1084,0,-28
2566,"0135",972,248,342,724,630
2567,"0131",1857,1666,1695,191,162
2567,"0135",1528,332,595,1196,933
2568,"0131",1124,1162,1179,-38,-55
2568,"0135",1166,226,342,940,824
2569,"0131",1158,802,832,356,326
2569,"0135",544,186,303,358,241
2570,"0131",753,614,644,139,109
2570,"0135",487,125,199,362,288
2571,"0131",952,408,482,544,470
2571,"0135",803,505,670,298,133
2572,"0131",1677,950,1000,727,677
2572,"0135",2036,1156,1488,880,548
2573,"0131",1780,934,907,846,873
2573,"0135",1663,1111,1365,552,298
2574,"0131",1866,918,925,948,941
2574,"0135",1567,980,1378,587,189
2575,"0131",1469,601,663,868,806
2575,"0135",1117,805,1065,312,52
2576,"0131",782,669,663,113,119
2576,"0135",1760,757,1028,1003,732
2577,"0131",797,532,545,265,252
2577,"0135",1096,535,777,561,319
2578,"0131",406,177,169,229,237
2578,"0135",571,346,527,225,44
2579,"0131",1210,576,641,634,569
2579,"0135",1272,714,1107,558,165
2580,"0131",1460,627,621,833,839
2580,"0135",1074,855,1113,219,-39
2581,"0131",1565,582,635,983,930
2581,"0135",999,798,1176,201,-177
2582,"0131",1195,383,401,812,794
2582,"0135",429,574,735,-145,-306
2583,"0131",952,652,668,300,284
2583,"0135",1529,821,1044,708,485
2584,"0131",718,335,307,383,411
2584,"0135",679,522,664,157,15
2585,"0131",2083,962,969,1121,1114
2585,"0135",1795,1384,1770,411,25
2586,"0131",1212,520,596,692,616
2586,"0135",1297,873,1138,424,159
2587,"0131",1328,603,590,725,738
2587,"0135",854,722,947,132,-93
2588,"0131",1353,654,632,699,721
2588,"0135",1160,873,1163,287,-3
2589,"0131",618,365,353,253,265
2589,"0135",744,472,621,272,123
2590,"0131",420,145,130,275,290
2590,"0135",279,298,358,-19,-79
2591,"0131",1296,1256,1261,40,35
2591,"0135",1625,594,804,1031,821
2592,"0131",1345,1185,1255,160,90
2592,"0135",1538,654,823,884,715
2593,"0131",1330,1160,1210,170,120
2593,"0135",1301,546,750,755,551
2594,"0131",1963,1297,1337,666,626
2594,"0135",1240,728,906,512,334
2595,"0131",399,339,371,60,28
2595,"0135",456,164,247,292,209
2596,"0131",650,413,461,237,189
2596,"0135",481,260,343,221,138
2597,"0131",1490,1104,1123,386,367
2597,"0135",1090,594,730,496,360
2598,"0131",656,459,480,197,176
2598,"0135",491,261,342,230,149
2599,"0131",1097,870,995,227,102
2599,"0135",1097,402,559,695,538
2600,"0131",983,612,573,371,410
2600,"0135",730,552,673,178,57
2601,"0131",534,610,586,-76,-52
2601,"0135",1176,522,646,654,530
2602,"0131",1060,655,594,405,466
2602,"0135",633,474,649,159,-16
2603,"0131",925,602,572,323,353
2603,"0135",790,574,681,216,109
2604,"0131",1212,627,611,585,601
2604,"0135",494,600,667,-106,-173
2605,"0131",972,669,657,303,315
2605,"0135",830,591,735,239,95
2606,"0131",75,78,93,-3,-18
2606,"0135",134,50,61,84,73
2607,"0131",101,56,80,45,21
2607,"0135",119,56,83,63,36
2608,"0131",18,6,10,12,8
2608,"0135",36,14,27,22,9
2609,"0131",102,417,95,-315,7
2609,"0135",185,459,110,-274,75
2610,"0131",137,73,75,64,62
2610,"0135",165,106,147,59,18
2611,"0131",9,5,5,4,4
2611,"0135",10,7,10,3,0
2612,"0131",657,342,329,315,328
2612,"0135",736,518,535,218,201
2613,"0131",860,368,315,492,545
2613,"0135",821,621,667,200,154
2614,"0131",381,111,115,270,266
2614,"0135",187,222,220,-35,-33
2615,"0131",380,236,214,144,166
2615,"0135",739,461,489,278,250
2616,"0131",626,197,169,429,457
2616,"0135",243,304,335,-61,-92
2617,"0131",1392,500,435,892,957
2617,"0135",847,837,890,10,-43
2618,"0131",473,72,144,401,329
2618,"0135",97,101,215,-4,-118
2619,"0131",851,283,325,568,526
2619,"0135",801,576,658,225,143
2620,"0131",63,112,110,-49,-47
2620,"0135",490,180,197,310,293
2621,"0131",446,165,136,281,310
2621,"0135",403,348,367,55,36
2622,"0131",747,257,235,490,512
2622,"0135",428,431,443,-3,-15
2623,"0131",34,9,13,25,21
2623,"0135",22,15,20,7,2
2624,"0131",520,154,123,366,397
2624,"0135",408,333,402,75,6
2625,"0131",46,80,58,-34,-12
2625,"0135",225,77,79,148,146
2626,"0131",1006,182,140,824,866
2626,"0135",445,508,664,-63,-219
2627,"0131",647,271,276,376,371
2627,"0135",1014,663,706,351,308
2628,"0131",142,32,37,110,105
2628,"0135",110,136,141,-26,-31
2629,"0131",515,156,109,359,406
2629,"0135",463,333,381,130,82
2630,"0131",269,85,71,184,198
2630,"0135",135,165,162,-30,-27
2631,"0131",192,50,69,142,123
2631,"0135",322,185,226,137,96
2632,"0131",107,35,34,72,73
2632,"0135",101,58,64,43,37
2633,"0131",2,0,0,2,2
2633,"0135",1,2,3,-1,-2
2634,"0131",497,319,310,178,187
2634,"0135",342,228,296,114,46
2635,"0131",1497,849,899,648,598
2635,"0135",742,651,788,91,-46
2636,"0131",843,688,725,155,118
2636,"0135",810,413,503,397,307
2637,"0131",802,803,844,-1,-42
2637,"0135",1127,490,586,637,541
2638,"0131",750,562,633,188,117
2638,"0135",678,391,460,287,218
2639,"0131",25,64,96,-39,-71
2639,"0135",129,20,27,109,102
2640,"0131",494,451,493,43,1
2640,"0135",616,411,461,205,155
2641,"0131",798,329,366,469,432
2641,"0135",276,458,498,-182,-222
2642,"0131",1058,702,757,356,301
2642,"0135",686,693,705,-7,-19
2643,"0131",566,439,493,127,73
2643,"0135",602,469,507,133,95
2644,"0131",348,276,284,72,64
2644,"0135",318,257,268,61,50
2645,"0131",546,489,355,57,191
2645,"0135",346,586,388,-240,-42
2646,"0131",79,53,48,26,31
2646,"0135",84,90,91,-6,-7
2647,"0131",545,332,336,213,209
2647,"0135",219,250,260,-31,-41
2648,"0131",879,525,647,354,232
2648,"0135",771,637,670,134,101
2649,"0131",553,443,548,110,5
2649,"0135",825,565,591,260,234
2650,"0131",309,306,395,3,-86
2650,"0135",879,471,505,408,374
2651,"0131",522,253,292,269,230
2651,"0135",320,358,388,-38,-68
2652,"0131",366,245,287,121,79
2652,"0135",471,361,398,110,73
2653,"0131",22,6,7,16,15
2653,"0135",1,6,8,-5,-7
2654,"0131",52,13,25,39,27
2654,"0135",3,22,25,-19,-22
2655,"0131",761,593,556,168,205
2655,"0135",635,401,439,234,196
2656,"0131",965,564,558,401,407
2656,"0135",395,397,450,-2,-55
2657,"0131",343,630,596,-287,-253
2657,"0135",1340,579,650,761,690
2658,"0131",625,517,498,108,127
2658,"0135",752,463,496,289,256
2659,"0131",748,634,632,114,116
2659,"0135",919,507,566,412,353
2660,"0131",427,223,193,204,234
2660,"0135",118,169,200,-51,-82
2661,"0131",532,487,466,45,66
2661,"0135",561,292,323,269,238
2662,"0131",559,561,497,-2,62
2662,"0135",822,417,469,405,353
2663,"0131",197,114,116,83,81
2663,"0135",104,107,111,-3,-7
2664,"0131",0,19,0,-19,0
2664,"0135",0,23,0,-23,0
2665,"0131",0,2,0,-2,0
2665,"0135",10,3,7,7,3
2666,"0131",542,457,404,85,138
2666,"0135",608,242,312,366,296
2667,"0131",345,388,327,-43,18
2667,"0135",501,249,212,252,289
2668,"0131",78,56,50,22,28
2668,"0135",84,59,70,25,14
2669,"0131",41,66,76,-25,-35
2669,"0135",111,38,49,73,62
2670,"0131",13,43,49,-30,-36
2670,"0135",112,49,54,63,58
2671,"0131",10,20,16,-10,-6
2671,"0135",41,20,25,21,16
2672,"0131",388,303,299,85,89
2672,"0135",702,354,417,348,285
2673,"0131",787,262,332,525,455
2673,"0135",315,352,405,-37,-90
2674,"0131",1947,734,791,1213,1156
2674,"0135",1064,1008,1237,56,-173
2675,"0131",997,459,518,538,479
2675,"0135",931,650,785,281,146
2676,"0131",1196,728,797,468,399
2676,"0135",1442,772,960,670,482
2677,"0131",1693,930,998,763,695
2677,"0135",1592,1073,1298,519,294
2678,"0131",881,578,609,303,272
2678,"0135",1371,716,859,655,512
2679,"0131",1446,664,718,782,728
2679,"0135",1078,753,930,325,148
2680,"0131",1299,549,665,750,634
2680,"0135",923,680,831,243,92
2681,"0131",1787,718,801,1069,986
2681,"0135",995,881,1075,114,-80
2682,"0131",1394,743,806,651,588
2682,"0135",1375,828,1042,547,333
2683,"0131",1496,675,775,821,721
2683,"0135",1211,896,1063,315,148
2684,"0131",1302,818,888,484,414
2684,"0135",1457,833,1043,624,414
2685,"0131",832,450,492,382,340
2685,"0135",859,536,653,323,206
2686,"0131",973,507,620,466,353
2686,"0135",1201,631,878,570,323
2687,"0131",1651,962,1010,689,641
2687,"0135",1635,913,1222,722,413
2688,"0131",897,315,328,582,569
2688,"0135",197,321,409,-124,-212
2689,"0131",414,315,321,99,93
2689,"0135",659,331,428,328,231
2690,"0131",1391,782,878,609,513
2690,"0135",1684,971,1153,713,531
2691,"0131",559,361,414,198,145
2691,"0135",1083,539,674,544,409
2692,"0131",1204,526,737,678,467
2692,"0135",1266,586,878,680,388
2693,"0131",924,346,386,578,538
2693,"0135",438,481,585,-43,-147
2694,"0131",1002,566,502,436,500
2694,"0135",687,554,666,133,21
2695,"0131",1253,648,706,605,547
2695,"0135",1223,804,988,419,235
2696,"0131",1506,740,809,766,697
2696,"0135",1179,721,1001,458,178
2697,"0131",251,105,234,146,17
2697,"0135",391,94,196,297,195
2698,"0131",125,177,200,-52,-75
2698,"0135",508,183,225,325,283
2699,"0131",213,94,135,119,78
2699,"0135",220,89,156,131,64
2700,"0131",14,13,11,1,3
2700,"0135",45,22,33,23,12
2701,"0131",27,0,6,27,21
2701,"0135",17,12,29,5,-12
2702,"0131",431,184,170,247,261
2702,"0135",365,321,403,44,-38
2703,"0131",165,194,214,-29,-49
2703,"0135",582,285,269,297,313
2704,"0131",157,60,77,97,80
2704,"0135",224,145,193,79,31
2705,"0131",7,1,2,6,5
2705,"0135",40,16,33,24,7
2706,"0131",36,22,24,14,12
2706,"0135",65,31,42,34,23
2707,"0131",10,5,4,5,6
2707,"0135",15,10,13,5,2
2708,"0131",240,65,73,175,167
2708,"0135",16,78,124,-62,-108
2709,"0131",527,397,366,130,161
2709,"0135",616,346,411,270,205
2710,"0131",976,559,678,417,298
2710,"0135",1008,398,682,610,326
2711,"0131",919,509,520,410,399
2711,"0135",747,498,629,249,118
2712,"0131",1569,810,809,759,760
2712,"0135",1159,860,1069,299,90
2713,"0131",1394,988,905,406,489
2713,"0135",1736,1030,1208,706,528
2714,"0131",1349,803,786,546,563
2714,"0135",1457,915,1171,542,286
2715,"0131",1393,776,776,617,617
2715,"0135",1150,776,965,374,185
2716,"0131",1323,934,716,389,607
2716,"0135",990,795,862,195,128
2717,"0131",778,614,499,164,279
2717,"0135",901,593,621,308,280
2718,"0131",781,606,608,175,173
2718,"0135",1199,579,722,620,477
2719,"0131",1147,635,583,512,564
2719,"0135",811,587,757,224,54
2720,"0131",1534,869,844,665,690
2720,"0135",1258,866,1027,392,231
2721,"0131",1819,1173,1057,646,762
2721,"0135",1635,1024,1304,611,331
2722,"0131",1632,1043,1009,589,623
2722,"0135",1694,993,1241,701,453
2723,"0131",1631,919,975,712,656
2723,"0135",1131,919,956,212,175
2724,"0131",1743,797,751,946,992
2724,"0135",1144,927,1120,217,24
2725,"0131",571,460,463,111,108
2725,"0135",854,414,507,440,347
2726,"0131",679,332,332,347,347
2726,"0135",497,390,464,107,33
2727,"0131",1126,696,795,430,331
2727,"0135",873,397,539,476,334
2728,"0131",1722,1380,1262,342,460
2728,"0135",1684,746,983,938,701
2729,"0131",843,570,635,273,208
2729,"0135",855,403,491,452,364
2730,"0131",1643,1070,1068,573,575
2730,"0135",1366,735,933,631,433
2731,"0131",1957,1322,1326,635,631
2731,"0135",1460,743,978,717,482
2732,"0131",562,341,422,221,140
2732,"0135",538,215,307,323,231
2733,"0131",545,443,435,102,110
2733,"0135",485,251,234,234,251
2734,"0131",350,330,317,20,33
2734,"0135",499,196,243,303,256
2735,"0131",502,457,468,45,34
2735,"0135",630,219,281,411,349
2736,"0131",1551,1028,982,523,569
2736,"0135",996,537,681,459,315
2737,"0131",821,854,972,-33,-151
2737,"0135",1437,435,555,1002,882
2738,"0131",666,326,430,340,236
2738,"0135",465,212,326,253,139
2739,"0131",1112,1153,1146,-41,-34
2739,"0135",1687,574,735,1113,952
2740,"0131",1458,1000,932,458,526
2740,"0135",1070,524,745,546,325
2741,"0131",1154,761,738,393,416
2741,"0135",803,413,560,390,243
2742,"0131",296,373,344,-77,-48
2742,"0135",601,176,231,425,370
2743,"0131",929,780,763,149,166
2743,"0135",1412,643,781,769,631
2744,"0131",719,635,635,84,84
2744,"0135",1277,598,721,679,556
2745,"0131",761,754,779,7,-18
2745,"0135",1462,596,731,866,731
2746,"0131",1355,804,792,551,563
2746,"0135",1427,631,897,796,530
2747,"0131",600,361,361,239,239
2747,"0135",525,303,378,222,147
2748,"0131",2076,829,954,1247,1122
2748,"0135",961,757,1053,204,-92
2749,"0131",802,337,336,465,466
2749,"0135",209,264,335,-55,-126
2750,"0131",657,402,410,255,247
2750,"0135",1054,689,804,365,250
2751,"0131",1885,829,852,1056,1033
2751,"0135",1816,1518,1853,298,-37
2752,"0131",614,524,525,90,89
2752,"0135",1667,878,1101,789,566
2753,"0131",1020,496,503,524,517
2753,"0135",1263,881,1113,382,150
2754,"0131",1308,766,775,542,533
2754,"0135",2101,1448,1697,653,404
2755,"0131",1907,839,846,1068,1061
2755,"0135",1798,1466,1806,332,-8
2756,"0131",1488,861,836,627,652
2756,"0135",2208,1592,1800,616,408
2757,"0131",1102,543,538,559,564
2757,"0135",1206,855,1160,351,46
2758,"0131",1203,495,506,708,697
2758,"0135",1091,943,1147,148,-56
2759,"0131",1014,410,397,604,617
2759,"0135",720,710,837,10,-117
2760,"0131",1737,639,682,1098,1055
2760,"0135",1648,1360,1715,288,-67
2761,"0131",1187,496,491,691,696
2761,"0135",1055,888,1108,167,-53
2762,"0131",1051,489,524,562,527
2762,"0135",1232,914,1102,318,130
2763,"0131",1920,752,764,1168,1156
2763,"0135",1499,1367,1699,132,-200
2764,"0131",669,256,264,413,405
2764,"0135",514,473,580,41,-66
2765,"0131",531,286,310,245,221
2765,"0135",685,476,551,209,134
2766,"0131",1026,536,856,490,170
2766,"0135",721,309,326,412,395
2767,"0131",1314,1083,1166,231,148
2767,"0135",1009,389,434,620,575
2768,"0131",1639,1305,1266,334,373
2768,"0135",1026,445,611,581,415
2769,"0131",1440,1807,1788,-367,-348
2769,"0135",2038,424,661,1614,1377
2770,"0131",1565,1536,1559,29,6
2770,"0135",1566,451,601,1115,965
2771,"0131",1280,1414,1419,-134,-139
2771,"0135",1566,444,541,1122,1025
2772,"0131",1991,1559,1581,432,410
2772,"0135",1111,429,589,682,522
2773,"0131",1406,1442,1436,-36,-30
2773,"0135",1501,467,619,1034,882
2774,"0131",815,670,622,145,193
2774,"0135",497,202,265,295,232
2775,"0131",1135,867,973,268,162
2775,"0135",630,241,302,389,328
2776,"0131",1479,1920,1908,-441,-429
2776,"0135",2087,541,630,1546,1457
2777,"0131",1862,1191,1510,671,352
2777,"0135",1062,292,497,770,565
2778,"0131",1793,1384,1388,409,405
2778,"0135",826,330,450,496,376
2779,"0131",1286,1413,1363,-127,-77
2779,"0135",1390,420,530,970,860
2780,"0131",1599,1589,1522,10,77
2780,"0135",1369,431,549,938,820
2781,"0131",1464,1890,1828,-426,-364
2781,"0135",2031,523,664,1508,1367
2782,"0131",1982,1930,2154,52,-172
2782,"0135",2098,515,693,1583,1405
2783,"0131",1141,1389,1364,-248,-223
2783,"0135",1461,399,477,1062,984
2784,"0131",623,601,606,22,17
2784,"0135",524,123,205,401,319
2785,"0131",1632,1835,2072,-203,-440
2785,"0135",2408,543,783,1865,1625
2786,"0131",823,902,744,-79,79
2786,"0135",616,191,247,425,369
2787,"0131",371,816,633,-445,-262
2787,"0135",810,188,212,622,598
2788,"0131",1933,1675,1651,258,282
2788,"0135",1256,464,596,792,660
2789,"0131",1754,2085,2000,-331,-246
2789,"0135",1962,456,638,1506,1324
2790,"0131",1291,1069,1117,222,174
2790,"0135",713,260,327,453,386
2791,"0131",1724,1800,1636,-76,88
2791,"0135",1186,385,496,801,690
2792,"0131",1366,1881,1865,-515,-499
2792,"0135",1828,358,473,1470,1355
2793,"0131",1472,1401,1461,71,11
2793,"0135",1137,325,442,812,695
2794,"0131",1692,2058,1748,-366,-56
2794,"0135",1680,471,522,1209,1158
2795,"0131",1418,1496,1482,-78,-64
2795,"0135",1203,397,418,806,785
2796,"0131",1606,1663,1628,-57,-22
2796,"0135",1341,387,506,954,835
2797,"0131",755,838,974,-83,-219
2797,"0135",1025,180,314,845,711
2798,"0131",1175,1098,1058,77,117
2798,"0135",853,274,360,579,493
2799,"0131",1282,1165,1252,117,30
2799,"0135",1230,269,417,961,813
2800,"0131",507,1001,1051,-494,-544
2800,"0135",1245,166,247,1079,998
2801,"0131",1501,1285,1291,216,210
2801,"0135",840,275,372,565,468
2802,"0131",1332,773,770,559,562
2802,"0135",1436,822,1130,614,306
2803,"0131",920,748,757,172,163
2803,"0135",1904,946,1149,958,755
2804,"0131",385,245,242,140,143
2804,"0135",745,444,508,301,237
2805,"0131",946,523,540,423,406
2805,"0135",1051,685,804,366,247
2806,"0131",1582,892,937,690,645
2806,"0135",1782,1106,1371,676,411
2807,"0131",1128,692,679,436,449
2807,"0135",1439,853,1065,586,374
2808,"0131",1639,935,935,704,704
2808,"0135",1758,1145,1387,613,371
2809,"0131",1589,787,714,802,875
2809,"0135",1201,931,1169,270,32
2810,"0131",597,522,548,75,49
2810,"0135",1379,681,847,698,532
2811,"0131",1119,662,676,457,443
2811,"0135",1433,844,1030,589,403
2812,"0131",1028,636,594,392,434
2812,"0135",1274,800,952,474,322
2813,"0131",395,210,154,185,241
2813,"0135",177,258,223,-81,-46
2814,"0131",1677,1476,1439,201,238
2814,"0135",2147,906,1027,1241,1120
2815,"0131",1277,712,675,565,602
2815,"0135",685,514,597,171,88
2816,"0131",1037,1054,1012,-17,25
2816,"0135",1811,725,895,1086,916
2817,"0131",15,219,120,-204,-105
2817,"0135",288,150,93,138,195
2818,"0131",1612,1109,1082,503,530
2818,"0135",1181,752,762,429,419
2819,"0131",1841,1263,1224,578,617
2819,"0135",1561,885,1026,676,535
2820,"0131",868,873,853,-5,15
2820,"0135",1373,534,691,839,682
2821,"0131",1335,658,685,677,650
2821,"0135",583,444,579,139,4
2822,"0131",646,548,437,98,209
2822,"0135",479,325,333,154,146
2823,"0131",411,322,323,89,88
2823,"0135",455,195,259,260,196
2824,"0131",415,308,307,107,108
2824,"0135",445,201,269,244,176
2825,"0131",964,560,584,404,380
2825,"0135",437,303,378,134,59
2826,"0131",50,25,23,25,27
2826,"0135",28,22,24,6,4
2827,"0131",258,780,650,-522,-392
2827,"0135",849,147,181,702,668
2828,"0131",1653,1648,1673,5,-20
2828,"0135",1526,485,653,1041,873
2829,"0131",2099,2136,2292,-37,-193
2829,"0135",2132,581,814,1551,1318
2830,"0131",1081,1142,1224,-61,-143
2830,"0135",1545,490,630,1055,915
2831,"0131",1341,1262,1494,79,-153
2831,"0135",1452,369,575,1083,877
2832,"0131",450,271,423,179,27
2832,"0135",369,86,155,283,214
2833,"0131",1783,1501,1297,282,486
2833,"0135",729,375,522,354,207
2834,"0131",342,1002,542,-660,-200
2834,"0135",810,355,272,455,538
2835,"0131",1133,1182,1187,-49,-54
2835,"0135",1078,313,445,765,633
2836,"0131",757,1057,1053,-300,-296
2836,"0135",1176,280,331,896,845
2837,"0131",633,849,883,-216,-250
2837,"0135",1012,235,316,777,696
2838,"0131",1366,2053,2075,-687,-709
2838,"0135",2573,591,819,1982,1754
2839,"0131",1674,1502,1596,172,78
2839,"0135",1354,653,651,701,703
2840,"0131",1716,851,847,865,869
2840,"0135",1170,945,1255,225,-85
2841,"0131",1602,823,840,779,762
2841,"0135",1273,1050,1265,223,8
2842,"0131",429,179,168,250,261
2842,"0135",207,229,290,-22,-83
2843,"0131",1034,1515,1560,-481,-526
2843,"0135",1950,433,552,1517,1398
2844,"0131",1880,1446,1408,434,472
2844,"0135",1013,442,601,571,412
2845,"0131",1292,1482,1455,-190,-163
2845,"0135",1677,405,553,1272,1124
2846,"0131",1238,1364,1356,-126,-118
2846,"0135",1389,380,452,1009,937
2847,"0131",857,865,849,-8,8
2847,"0135",880,236,318,644,562
2848,"0131",609,544,536,65,73
2848,"0135",450,156,229,294,221
2849,"0131",1660,1395,1392,265,268
2849,"0135",1207,474,598,733,609
2850,"0131",1179,1261,1270,-82,-91
2850,"0135",1431,469,531,962,900
2851,"0131",1159,1212,1199,-53,-40
2851,"0135",1363,390,521,973,842
2852,"0131",1565,1220,1209,345,356
2852,"0135",1167,419,519,748,648
2853,"0131",1554,1364,1361,190,193
2853,"0135",1295,443,581,852,714
2854,"0131",1576,1448,1401,128,175
2854,"0135",1274,454,629,820,645
2855,"0131",1309,973,986,336,323
2855,"0135",558,307,403,251,155
2856,"0131",715,812,536,-97,179
2856,"0135",424,255,257,169,167
2857,"0131",826,725,715,101,111
2857,"0135",661,213,294,448,367
2858,"0131",1320,1406,1452,-86,-132
2858,"0135",1480,352,517,1128,963
2859,"0131",821,521,517,300,304
2859,"0135",306,187,236,119,70
2860,"0131",473,814,683,-341,-210
2860,"0135",973,307,314,666,659
2861,"0131",804,680,801,124,3
2861,"0135",833,225,350,608,483
2862,"0131",293,179,184,114,109
2862,"0135",95,65,91,30,4
2863,"0131",1336,1120,1035,216,301
2863,"0135",1606,832,930,774,676
2864,"0131",848,733,773,115,75
2864,"0135",1442,643,775,799,667
2865,"0131",761,674,593,87,168
2865,"0135",985,549,572,436,413
2866,"0131",860,531,531,329,329
2866,"0135",700,410,544,290,156
2867,"0131",883,847,846,36,37
2867,"0135",1088,372,535,716,553
2868,"0131",1570,1515,1484,55,86
2868,"0135",2303,923,1070,1380,1233
2869,"0131",750,814,787,-64,-37
2869,"0135",1310,428,572,882,738
2870,"0131",929,574,658,355,271
2870,"0135",716,323,420,393,296
2871,"0131",995,798,653,197,342
2871,"0135",1105,679,725,426,380
2872,"0131",181,95,86,86,95
2872,"0135",102,81,99,21,3
2873,"0131",1844,1150,1139,694,705
2873,"0135",1189,686,923,503,266
2874,"0131",2135,1036,1045,1099,1090
2874,"0135",953,828,1005,125,-52
2875,"0131",697,744,467,-47,230
2875,"0135",673,550,485,123,188
2876,"0131",714,713,573,1,141
2876,"0135",923,487,532,436,391
2877,"0131",1953,1405,1384,548,569
2877,"0135",2139,1105,1351,1034,788
2878,"0131",1274,657,691,617,583
2878,"0135",621,488,634,133,-13
2879,"0131",1048,696,697,352,351
2879,"0135",854,468,598,386,256
2880,"0131",924,620,620,304,304
2880,"0135",705,419,550,286,155
2881,"0131",1646,1085,1085,561,561
2881,"0135",1387,764,944,623,443
2882,"0131",2027,952,1202,1075,825
2882,"0135",1290,739,1117,551,173
2883,"0131",1455,1020,946,435,509
2883,"0135",939,591,686,348,253
2884,"0131",754,675,692,79,62
2884,"0135",1184,517,622,667,562
2885,"0131",1627,884,872,743,755
2885,"0135",1087,722,945,365,142
2886,"0131",1498,977,1106,521,392
2886,"0135",1567,690,771,877,796
2887,"0131",758,598,602,160,156
2887,"0135",896,411,534,485,362
2888,"0131",443,423,436,20,7
2888,"0135",661,255,311,406,350
2889,"0131",1204,1001,993,203,211
2889,"0135",1556,731,838,825,718
2890,"0131",636,526,589,110,47
2890,"0135",871,361,485,510,386
2891,"0131",1254,536,633,718,621
2891,"0135",476,290,512,186,-36
2892,"0131",1613,1124,1236,489,377
2892,"0135",1781,832,1018,949,763
2893,"0131",636,310,301,326,335
2893,"0135",326,206,259,120,67
2894,"0131",1299,885,883,414,416
2894,"0135",1256,617,790,639,466
2895,"0131",557,600,714,-43,-157
2895,"0135",1392,334,571,1058,821
2896,"0131",282,333,418,-51,-136
2896,"0135",813,161,314,652,499
2897,"0131",1360,940,937,420,423
2897,"0135",1206,506,761,700,445
2898,"0131",1019,528,631,491,388
2898,"0135",661,382,455,279,206
2899,"0131",1025,959,928,66,97
2899,"0135",1556,582,762,974,794
2900,"0131",1146,970,986,176,160
2900,"0135",1658,665,839,993,819
2901,"0131",215,281,205,-66,10
2901,"0135",326,198,165,128,161
2902,"0131",0,399,0,-399,0
2902,"0135",0,247,0,-247,0
2903,"0131",375,302,312,73,63
2903,"0135",462,177,236,285,226
2904,"0131",103,35,34,68,69
2904,"0135",8,34,38,-26,-30
2905,"0131",1167,1742,1813,-575,-646
2905,"0135",1732,272,336,1460,1396
2906,"0131",832,1453,1685,-621,-853
2906,"0135",1998,300,401,1698,1597
2907,"0131",1047,1836,1902,-789,-855
2907,"0135",2351,299,417,2052,1934
2908,"0131",1870,1622,1683,248,187
2908,"0135",975,331,395,644,580
2909,"0131",301,625,706,-324,-405
2909,"0135",840,86,144,754,696
2910,"0131",920,1770,1748,-850,-828
2910,"0135",2010,302,379,1708,1631
2911,"0131",2027,2699,2729,-672,-702
2911,"0135",2550,440,554,2110,1996
2912,"0131",1368,2055,2150,-687,-782
2912,"0135",2226,384,521,1842,1705
2913,"0131",1837,2099,2111,-262,-274
2913,"0135",1641,337,436,1304,1205
2914,"0131",987,1529,1585,-542,-598
2914,"0135",1644,237,318,1407,1326
2915,"0131",1098,1540,1768,-442,-670
2915,"0135",1749,392,381,1357,1368
2916,"0131",2125,2325,2442,-200,-317
2916,"0135",1893,387,528,1506,1365
2917,"0131",1976,2205,2228,-229,-252
2917,"0135",1721,572,491,1149,1230
2918,"0131",2567,2682,2725,-115,-158
2918,"0135",2000,470,615,1530,1385
2919,"0131",1038,917,979,121,59
2919,"0135",631,197,266,434,365
2920,"0131",1280,2393,2337,-1113,-1057
2920,"0135",2407,316,444,2091,1963
2921,"0131",1081,1002,1029,79,52
2921,"0135",618,188,191,430,427
2922,"0131",1204,1618,1664,-414,-460
2922,"0135",1603,278,371,1325,1232
2923,"0131",1368,1702,1766,-334,-398
2923,"0135",1487,254,346,1233,1141
2924,"0131",2108,2435,2534,-327,-426
2924,"0135",1917,419,517,1498,1400
2925,"0131",1250,1579,1718,-329,-468
2925,"0135",1556,282,372,1274,1184
2926,"0131",1442,1895,1643,-453,-201
2926,"0135",1320,373,423,947,897
2927,"0131",2007,1670,2317,337,-310
2927,"0135",1704,250,473,1454,1231
2928,"0131",1752,2272,2404,-520,-652
2928,"0135",2197,446,531,1751,1666
2929,"0131",2048,2182,2256,-134,-208
2929,"0135",1609,360,502,1249,1107
2930,"0131",1190,1607,1697,-417,-507
2930,"0135",1657,302,418,1355,1239
2931,"0131",2326,2781,2718,-455,-392
2931,"0135",2171,553,683,1618,1488
2932,"0131",1226,1309,1360,-83,-134
2932,"0135",1081,268,378,813,703
2933,"0131",1711,1916,2002,-205,-291
2933,"0135",1734,438,597,1296,1137
2934,"0131",2080,2340,2476,-260,-396
2934,"0135",2139,482,672,1657,1467
2935,"0131",1680,1980,2133,-300,-453
2935,"0135",2031,429,571,1602,1460
2936,"0131",2393,2653,2804,-260,-411
2936,"0135",2169,469,624,1700,1545
2937,"0131",1791,1784,1730,7,61
2937,"0135",1071,363,429,708,642
2938,"0131",1048,1455,1507,-407,-459
2938,"0135",1489,304,408,1185,1081
2939,"0131",1513,1564,1620,-51,-107
2939,"0135",1294,322,427,972,867
2940,"0131",1246,1975,2063,-729,-817
2940,"0135",2202,354,503,1848,1699
2941,"0131",1934,2112,2007,-178,-73
2941,"0135",1435,360,476,1075,959
2942,"0131",1521,1854,2002,-333,-481
2942,"0135",1891,406,525,1485,1366
2943,"0131",1716,1972,2075,-256,-359
2943,"0135",1846,531,564,1315,1282
2944,"0131",1613,1934,2010,-321,-397
2944,"0135",1812,344,510,1468,1302
2945,"0131",1500,2010,2137,-510,-637
2945,"0135",2181,391,561,1790,1620
2946,"0131",1773,1814,1639,-41,134
2946,"0135",1068,398,494,670,574
2947,"0131",672,943,983,-271,-311
2947,"0135",1016,195,267,821,749
2948,"0131",747,811,866,-64,-119
2948,"0135",643,137,209,506,434
2949,"0131",735,844,890,-109,-155
2949,"0135",713,162,204,551,509
2950,"0131",233,419,438,-186,-205
2950,"0135",463,72,101,391,362
2951,"0131",2290,2015,2197,275,93
2951,"0135",1573,471,613,1102,960
2952,"0131",729,1296,1283,-567,-554
2952,"0135",1616,311,396,1305,1220
2953,"0131",1465,1658,1654,-193,-189
2953,"0135",1481,381,477,1100,1004
2954,"0131",1356,1628,1745,-272,-389
2954,"0135",1815,473,581,1342,1234
2955,"0131",1345,2096,2167,-751,-822
2955,"0135",2402,459,631,1943,1771
2956,"0131",2447,2222,2418,225,29
2956,"0135",1905,575,715,1330,1190
2957,"0131",1478,1434,1448,44,30
2957,"0135",1192,423,545,769,647
2958,"0131",1378,1540,1635,-162,-257
2958,"0135",1480,325,463,1155,1017
2959,"0131",844,1636,1722,-792,-878
2959,"0135",2066,355,433,1711,1633
2960,"0131",1542,1735,1797,-193,-255
2960,"0135",1619,411,522,1208,1097
2961,"0131",563,963,821,-400,-258
2961,"0135",919,209,228,710,691
2962,"0131",1824,2107,2201,-283,-377
2962,"0135",1976,518,641,1458,1335
2963,"0131",2142,1869,1919,273,223
2963,"0135",1351,424,582,927,769
2964,"0131",2736,2609,2786,127,-50
2964,"0135",2156,641,777,1515,1379
2965,"0131",1596,2059,2171,-463,-575
2965,"0135",2208,506,671,1702,1537
2966,"0131",1538,2035,2220,-497,-682
2966,"0135",2554,563,701,1991,1853
2967,"0131",1076,1423,1501,-347,-425
2967,"0135",1539,329,384,1210,1155
2968,"0131",1394,1143,1680,251,-286
2968,"0135",1529,256,489,1273,1040
2969,"0131",1726,1365,1583,361,143
2969,"0135",1119,352,473,767,646
2970,"0131",1548,1662,1720,-114,-172
2970,"0135",1579,401,529,1178,1050
2971,"0131",1904,1807,1858,97,46
2971,"0135",1273,382,492,891,781
2972,"0131",1233,1858,2083,-625,-850
2972,"0135",2532,461,624,2071,1908
2973,"0131",1274,1231,1340,43,-66
2973,"0135",1054,270,382,784,672
2974,"0131",1087,1108,1109,-21,-22
2974,"0135",910,194,306,716,604
2975,"0131",1214,1357,1411,-143,-197
2975,"0135",1402,349,442,1053,960
2976,"0131",1357,1758,2104,-401,-747
2976,"0135",2445,436,683,2009,1762
2977,"0131",399,191,262,208,137
2977,"0135",112,93,100,19,12
2978,"0131",2088,2362,2352,-274,-264
2978,"0135",1687,386,488,1301,1199
2979,"0131",1479,1726,1954,-247,-475
2979,"0135",1713,381,382,1332,1331
2980,"0131",608,1274,760,-666,-152
2980,"0135",557,193,151,364,406
2981,"0131",1089,1624,1672,-535,-583
2981,"0135",1519,225,338,1294,1181
2982,"0131",1244,1940,1453,-696,-209
2982,"0135",1124,295,313,829,811
2983,"0131",2039,1876,2099,163,-60
2983,"0135",1396,250,473,1146,923
2984,"0131",2303,1886,2170,417,133
2984,"0135",1131,315,455,816,676
2985,"0131",1716,1971,1625,-255,91
2985,"0135",910,287,337,623,573
2986,"0131",870,1078,897,-208,-27
2986,"0135",801,157,177,644,624
2987,"0131",1377,2081,2199,-704,-822
2987,"0135",2163,291,461,1872,1702
2988,"0131",1765,1926,1972,-161,-207
2988,"0135",1409,352,438,1057,971
2989,"0131",1331,1860,1469,-529,-138
2989,"0135",980,325,306,655,674
2990,"0131",1409,1474,1637,-65,-228
2990,"0135",1124,224,320,900,804
2991,"0131",0,1318,0,-1318,0
2991,"0135",0,189,0,-189,0
2992,"0131",1183,1303,1416,-120,-233
2992,"0135",1076,215,309,861,767
2993,"0131",1122,1363,1444,-241,-322
2993,"0135",1178,242,266,936,912
2994,"0131",1111,1682,1433,-571,-322
2994,"0135",1144,266,297,878,847
2995,"0131",1386,1709,1778,-323,-392
2995,"0135",1377,230,333,1147,1044
2996,"0131",1650,2376,1621,-726,29
2996,"0135",854,338,294,516,560
2997,"0131",1514,1711,1789,-197,-275
2997,"0135",1289,228,380,1061,909
2998,"0131",1281,2005,1845,-724,-564
2998,"0135",1519,251,305,1268,1214
2999,"0131",1863,2108,2294,-245,-431
2999,"0135",1747,339,433,1408,1314
3000,"0131",1629,1894,2004,-265,-375
3000,"0135",1322,221,295,1101,1027
3001,"0131",1825,1888,2218,-63,-393
3001,"0135",1631,318,371,1313,1260
3002,"0131",1678,2100,2164,-422,-486
3002,"0135",1684,308,392,1376,1292
3003,"0131",1566,1869,2091,-303,-525
3003,"0135",1569,213,340,1356,1229
3004,"0131",1862,2127,2260,-265,-398
3004,"0135",1636,237,368,1399,1268
3005,"0131",1869,2316,2559,-447,-690
3005,"0135",1877,258,390,1619,1487
3006,"0131",1067,1735,1870,-668,-803
3006,"0135",1820,220,329,1600,1491
3007,"0131",1614,1579,1689,35,-75
3007,"0135",928,167,279,761,649
3008,"0131",1622,2445,1961,-823,-339
3008,"0135",1420,233,327,1187,1093
3009,"0131",1316,1465,1682,-149,-366
3009,"0135",1201,204,273,997,928
3010,"0131",0,268,0,-268,0
3010,"0135",0,85,0,-85,0
3011,"0131",1352,667,682,685,670
3011,"0135",911,750,858,161,53
3012,"0131",287,154,155,133,132
3012,"0135",274,175,217,99,57
3013,"0131",1494,1109,1172,385,322
3013,"0135",2237,1145,1383,1092,854
3014,"0131",53,183,90,-130,-37
3014,"0135",230,159,92,71,138
3015,"0131",352,221,213,131,139
3015,"0135",387,228,287,159,100
3016,"0131",1491,942,885,549,606
3016,"0135",1375,956,1096,419,279
3017,"0131",1094,542,588,552,506
3017,"0135",920,667,799,253,121
3018,"0131",1534,795,819,739,715
3018,"0135",1319,907,1128,412,191
3019,"0131",604,376,416,228,188
3019,"0135",815,474,588,341,227
3020,"0131",624,455,447,169,177
3020,"0135",1052,655,685,397,367
3021,"0131",1590,851,938,739,652
3021,"0135",1490,996,1225,494,265
3022,"0131",1211,820,874,391,337
3022,"0135",1890,1006,1163,884,727
3023,"0131",1468,944,994,524,474
3023,"0135",1966,1132,1361,834,605
3024,"0131",1529,758,812,771,717
3024,"0135",1009,798,978,211,31
3025,"0131",564,613,643,-49,-79
3025,"0135",1713,784,967,929,746
3026,"0131",348,268,267,80,81
3026,"0135",524,269,330,255,194
3027,"0131",1990,1200,1299,790,691
3027,"0135",1481,766,1020,715,461
3028,"0131",1455,897,913,558,542
3028,"0135",1094,642,804,452,290
3029,"0131",1372,1018,1021,354,351
3029,"0135",1455,731,892,724,563
3030,"0131",1097,687,828,410,269
3030,"0135",1152,444,683,708,469
3031,"0131",855,603,603,252,252
3031,"0135",845,469,559,376,286
3032,"0131",1091,980,1121,111,-30
3032,"0135",2022,725,1051,1297,971
3033,"0131",941,525,539,416,402
3033,"0135",463,325,414,138,49
3034,"0131",642,408,369,234,273
3034,"0135",493,303,376,190,117
3035,"0131",804,619,621,185,183
3035,"0135",898,366,527,532,371
3036,"0131",1036,738,832,298,204
3036,"0135",1200,475,693,725,507
3037,"0131",1531,776,807,755,724
3037,"0135",697,568,674,129,23
3038,"0131",604,422,449,182,155
3038,"0135",639,325,409,314,230
3039,"0131",261,728,914,-467,-653
3039,"0135",1397,332,343,1065,1054
3040,"0131",798,663,850,135,-52
3040,"0135",917,221,385,696,532
3041,"0131",1465,792,1318,673,147
3041,"0135",1087,278,515,809,572
3042,"0131",993,251,803,742,190
3042,"0135",715,144,412,571,303
3043,"0131",1549,1444,1500,105,49
3043,"0135",1611,513,715,1098,896
3044,"0131",2248,2151,2160,97,88
3044,"0135",2306,878,1074,1428,1232
3045,"0131",2403,1528,1622,875,781
3045,"0135",780,511,661,269,119
3046,"0131",1177,1210,1255,-33,-78
3046,"0135",1388,263,405,1125,983
3047,"0131",468,0,549,468,-81
3047,"0135",644,0,240,644,404
3048,"0131",1798,0,1628,1798,170
3048,"0135",1603,0,774,1603,829
3049,"0131",1226,900,962,326,264
3049,"0135",720,338,436,382,284
3050,"0131",266,243,398,23,-132
3050,"0135",581,103,211,478,370
3051,"0131",445,442,441,3,4
3051,"0135",382,82,177,300,205
3052,"0131",2347,2233,2335,114,12
3052,"0135",2129,643,922,1486,1207
3053,"0131",658,646,718,12,-60
3053,"0135",981,226,260,755,721
3054,"0131",1450,650,1458,800,-8
3054,"0135",1324,161,525,1163,799
3055,"0131",249,402,449,-153,-200
3055,"0135",784,103,104,681,680
3056,"0131",601,669,723,-68,-122
3056,"0135",1062,240,321,822,741
3057,"0131",2064,2055,2120,9,-56
3057,"0135",2216,651,888,1565,1328
3058,"0131",187,251,276,-64,-89
3058,"0135",357,81,107,276,250
3059,"0131",50,285,298,-235,-248
3059,"0135",524,100,125,424,399
3060,"0131",1051,462,593,589,458
3060,"0135",108,76,218,32,-110
3061,"0131",248,183,189,65,59
3061,"0135",162,109,104,53,58
3062,"0131",721,533,604,188,117
3062,"0135",964,443,563,521,401
3063,"0131",688,528,523,160,165
3063,"0135",974,441,594,533,380
3064,"0131",691,522,547,169,144
3064,"0135",980,510,617,470,363
3065,"0131",721,371,446,350,275
3065,"0135",673,311,499,362,174
3066,"0131",1855,905,953,950,902
3066,"0135",920,739,869,181,51
3067,"0131",2114,1160,1302,954,812
3067,"0135",1818,1010,1374,808,444
3068,"0131",272,492,405,-220,-133
3068,"0135",847,370,356,477,491
3069,"0131",950,542,544,408,406
3069,"0135",869,582,674,287,195
3070,"0131",1420,695,817,725,603
3070,"0135",1390,983,1199,407,191
3071,"0131",365,302,314,63,51
3071,"0135",760,410,467,350,293
3072,"0131",547,375,418,172,129
3072,"0135",858,487,586,371,272
3073,"0131",241,243,132,-2,109
3073,"0135",190,298,183,-108,7
3074,"0131",1494,990,1028,504,466
3074,"0135",1350,810,997,540,353
3075,"0131",1279,851,899,428,380
3075,"0135",1312,753,959,559,353
3076,"0131",1073,1112,1152,-39,-79
3076,"0135",2024,797,1005,1227,1019
3077,"0131",1432,826,918,606,514
3077,"0135",1097,592,844,505,253
3078,"0131",1461,1313,1401,148,60
3078,"0135",2224,984,1165,1240,1059
3079,"0131",1001,119,730,882,271
3079,"0135",941,56,684,885,257
3080,"0131",521,597,637,-76,-116
3080,"0135",1260,455,572,805,688
3081,"0131",965,846,876,119,89
3081,"0135",1265,593,708,672,557
3082,"0131",866,725,673,141,193
3082,"0135",1392,993,935,399,457
3083,"0131",1522,681,716,841,806
3083,"0135",1068,854,1083,214,-15
3084,"0131",1429,728,731,701,698
3084,"0135",1150,847,1086,303,64
3085,"0131",1143,689,683,454,460
3085,"0135",1129,801,954,328,175
3086,"0131",183,79,89,104,94
3086,"0135",113,101,117,12,-4
3087,"0131",842,617,840,225,2
3087,"0135",1708,758,991,950,717
3088,"0131",1652,887,875,765,777
3088,"0135",1246,989,1194,257,52
3089,"0131",1270,1030,1098,240,172
3089,"0135",2112,1152,1328,960,784
3090,"0131",2145,1079,1168,1066,977
3090,"0135",1285,1152,1329,133,-44
3091,"0131",463,224,237,239,226
3091,"0135",383,320,357,63,26
3092,"0131",549,259,265,290,284
3092,"0135",208,247,290,-39,-82
3093,"0131",1421,976,1073,445,348
3093,"0135",864,503,594,361,270
3094,"0131",771,1240,1266,-469,-495
3094,"0135",1781,522,646,1259,1135
3095,"0131",1221,856,914,365,307
3095,"0135",740,439,517,301,223
3096,"0131",105,1079,116,-974,-11
3096,"0135",186,561,78,-375,108
3097,"0131",539,665,513,-126,26
3097,"0135",583,340,323,243,260
3098,"0131",1496,1095,1113,401,383
3098,"0135",1096,619,782,477,314
3099,"0131",1395,1155,1215,240,180
3099,"0135",1466,661,768,805,698
3100,"0131",1046,886,950,160,96
3100,"0135",904,394,472,510,432
3101,"0131",681,472,484,209,197
3101,"0135",443,234,293,209,150
3102,"0131",1542,1362,1442,180,100
3102,"0135",1567,829,864,738,703
3103,"0131",823,596,649,227,174
3103,"0135",602,317,397,285,205
3104,"0131",1157,855,934,302,223
3104,"0135",845,474,555,371,290
3105,"0131",230,373,387,-143,-157
3105,"0135",634,205,223,429,411
3106,"0131",583,661,725,-78,-142
3106,"0135",849,340,366,509,483
3107,"0131",1140,1320,1315,-180,-175
3107,"0135",1695,629,731,1066,964
3108,"0131",1590,1192,1239,398,351
3108,"0135",1166,666,784,500,382
3109,"0131",1622,1403,1602,219,20
3109,"0135",1738,658,873,1080,865
3110,"0131",356,249,278,107,78
3110,"0135",208,109,150,99,58
3111,"0131",486,316,347,170,139
3111,"0135",374,227,256,147,118
3112,"0131",1682,1270,1418,412,264
3112,"0135",1465,689,909,776,556
3113,"0131",568,400,455,168,113
3113,"0135",322,175,206,147,116
3114,"0131",275,427,435,-152,-160
3114,"0135",595,160,205,435,390
3115,"0131",244,455,376,-211,-132
3115,"0135",521,250,194,271,327
3116,"0131",1283,982,1013,301,270
3116,"0135",1325,622,826,703,499
3117,"0131",1678,1027,1020,651,658
3117,"0135",1192,817,1005,375,187
3118,"0131",1350,1094,1129,256,221
3118,"0135",1762,836,1021,926,741
3119,"0131",673,632,673,41,0
3119,"0135",1340,618,719,722,621
3120,"0131",696,438,455,258,241
3120,"0135",466,300,387,166,79
3121,"0131",988,804,716,184,272
3121,"0135",1031,663,696,368,335
3122,"0131",2138,1355,1387,783,751
3122,"0135",1601,1064,1258,537,343
3123,"0131",2224,1156,1158,1068,1066
3123,"0135",959,924,1066,35,-107
3124,"0131",1589,831,821,758,768
3124,"0135",638,656,783,-18,-145
3125,"0131",856,428,456,428,400
3125,"0135",294,301,364,-7,-70
3126,"0131",444,549,573,-105,-129
3126,"0135",1019,341,451,678,568
3127,"0131",369,187,197,182,172
3127,"0135",219,189,224,30,-5
3128,"0131",853,718,687,135,166
3128,"0135",1030,482,672,548,358
3129,"0131",853,602,591,251,262
3129,"0135",595,364,451,231,144
3130,"0131",103,302,317,-199,-214
3130,"0135",756,241,306,515,450
3131,"0131",808,778,818,30,-10
3131,"0135",1400,661,736,739,664
3132,"0131",674,518,542,156,132
3132,"0135",771,415,488,356,283
3133,"0131",307,334,330,-27,-23
3133,"0135",556,219,264,337,292
3134,"0131",195,86,86,109,109
3134,"0135",92,84,106,8,-14
3135,"0131",269,184,181,85,88
3135,"0135",206,137,171,69,35
3136,"0131",525,382,364,143,161
3136,"0135",595,373,452,222,143
3137,"0131",681,485,511,196,170
3137,"0135",1003,570,674,433,329
3138,"0131",1211,975,1026,236,185
3138,"0135",2223,1112,1386,1111,837
3139,"0131",682,240,251,442,431
3139,"0135",141,294,341,-153,-200
3140,"0131",1119,476,484,643,635
3140,"0135",585,604,765,-19,-180
3141,"0131",1210,757,814,453,396
3141,"0135",1360,797,971,563,389
3142,"0131",854,348,468,506,386
3142,"0135",838,456,677,382,161
3143,"0131",924,733,744,191,180
3143,"0135",1368,927,874,441,494
3144,"0131",1452,919,931,533,521
3144,"0135",1666,1164,1272,502,394
3145,"0131",1441,693,726,748,715
3145,"0135",1119,971,1061,148,58
3146,"0131",300,256,254,44,46
3146,"0135",447,285,248,162,199
3147,"0131",1703,737,792,966,911
3147,"0135",1324,1201,1437,123,-113
3148,"0131",832,443,447,389,385
3148,"0135",867,675,803,192,64
3149,"0131",1146,743,746,403,400
3149,"0135",1681,1129,1325,552,356
3150,"0131",876,388,310,488,566
3150,"0135",254,541,522,-287,-268
3151,"0131",1326,589,637,737,689
3151,"0135",1257,984,1189,273,68
3152,"0131",1020,571,608,449,412
3152,"0135",1288,992,1026,296,262
3153,"0131",541,242,226,299,315
3153,"0135",301,293,345,8,-44
3154,"0131",257,125,123,132,134
3154,"0135",319,236,289,83,30
3155,"0131",1257,646,698,611,559
3155,"0135",1280,757,1136,523,144
3156,"0131",1078,471,486,607,592
3156,"0135",870,714,927,156,-57
3157,"0131",1094,504,522,590,572
3157,"0135",861,730,888,131,-27
3158,"0131",108,199,218,-91,-110
3158,"0135",743,314,375,429,368
3159,"0131",413,139,156,274,257
3159,"0135",161,210,258,-49,-97
3160,"0131",888,297,317,591,571
3160,"0135",360,503,579,-143,-219
3161,"0131",336,188,205,148,131
3161,"0135",435,328,385,107,50
3162,"0131",357,150,178,207,179
3162,"0135",389,337,396,52,-7
3163,"0131",293,135,143,158,150
3163,"0135",477,405,465,72,12
3164,"0131",42,101,109,-59,-67
3164,"0135",416,190,238,226,178
3165,"0131",137,89,108,48,29
3165,"0135",392,251,312,141,80
3166,"0131",119,90,106,29,13
3166,"0135",387,235,296,152,91
3167,"0131",227,61,58,166,169
3167,"0135",80,152,180,-72,-100
3168,"0131",227,94,85,133,142
3168,"0135",326,264,330,62,-4
3169,"0131",81,49,60,32,21
3169,"0135",226,140,160,86,66
3170,"0131",1170,382,414,788,756
3170,"0135",626,807,930,-181,-304
3171,"0131",677,297,339,380,338
3171,"0135",883,700,801,183,82
3172,"0131",512,136,151,376,361
3172,"0135",289,388,456,-99,-167
3173,"0131",357,163,182,194,175
3173,"0135",578,445,529,133,49
3174,"0131",131,88,105,43,26
3174,"0135",410,279,314,131,96
3175,"0131",434,234,252,200,182
3175,"0135",629,493,567,136,62
3176,"0131",367,180,189,187,178
3176,"0135",436,343,396,93,40
3177,"0131",635,123,214,512,421
3177,"0135",266,278,459,-12,-193
3178,"0131",384,242,258,142,126
3178,"0135",689,415,498,274,191
3179,"0131",446,187,214,259,232
3179,"0135",301,258,328,43,-27
3180,"0131",380,407,406,-27,-26
3180,"0135",1151,542,643,609,508
3181,"0131",435,239,274,196,161
3181,"0135",651,434,510,217,141
3182,"0131",1153,333,363,820,790
3182,"0135",486,699,869,-213,-383
3183,"0131",830,159,308,671,522
3183,"0135",541,360,714,181,-173
3184,"0131",153,90,95,63,58
3184,"0135",301,209,264,92,37
3185,"0131",582,281,241,301,341
3185,"0135",387,625,447,-238,-60
3186,"0131",1085,534,519,551,566
3186,"0135",1268,1177,1252,91,16
3187,"0131",835,362,399,473,436
3187,"0135",847,740,884,107,-37
3188,"0131",1073,332,343,741,730
3188,"0135",560,810,894,-250,-334
3189,"0131",495,323,357,172,138
3189,"0135",1181,764,907,417,274
3190,"0131",1284,410,450,874,834
3190,"0135",682,866,1022,-184,-340
3191,"0131",1211,364,397,847,814
3191,"0135",718,829,1018,-111,-300
3192,"0131",1135,566,518,569,617
3192,"0135",1354,1220,1280,134,74
3193,"0131",732,118,178,614,554
3193,"0135",110,245,465,-135,-355
3194,"0131",251,114,117,137,134
3194,"0135",259,229,273,30,-14
3195,"0131",1452,384,446,1068,1006
3195,"0135",517,891,1053,-374,-536
3196,"0131",288,100,105,188,183
3196,"0135",176,196,236,-20,-60
3197,"0131",938,431,481,507,457
3197,"0135",730,590,699,140,31
3198,"0131",453,333,357,120,96
3198,"0135",911,501,572,410,339
3199,"0131",561,279,297,282,264
3199,"0135",518,377,476,141,42
3200,"0131",428,300,302,128,126
3200,"0135",646,350,467,296,179
3201,"0131",235,96,105,139,130
3201,"0135",157,131,175,26,-18
3202,"0131",698,243,256,455,442
3202,"0135",406,466,564,-60,-158
3203,"0131",347,245,266,102,81
3203,"0135",810,482,588,328,222
3204,"0131",141,161,191,-20,-50
3204,"0135",693,349,424,344,269
3205,"0131",993,247,337,746,656
3205,"0135",392,586,707,-194,-315
3206,"0131",18,63,55,-45,-37
3206,"0135",249,162,156,87,93
3207,"0131",795,294,304,501,491
3207,"0135",602,617,748,-15,-146
3208,"0131",242,236,230,6,12
3208,"0135",610,382,398,228,212
3209,"0131",500,485,520,15,-20
3209,"0135",1720,915,1140,805,580
3210,"0131",900,514,504,386,396
3210,"0135",1322,876,1116,446,206
3211,"0131",1166,69,508,1097,658
3211,"0135",824,99,939,725,-115
3212,"0131",465,391,420,74,45
3212,"0135",1210,619,752,591,458
3213,"0131",439,133,150,306,289
3213,"0135",176,243,297,-67,-121
3214,"0131",950,444,490,506,460
3214,"0135",1010,736,902,274,108
3215,"0131",1253,452,474,801,779
3215,"0135",718,746,899,-28,-181
3216,"0131",166,67,67,99,99
3216,"0135",101,105,117,-4,-16
3217,"0131",227,101,100,126,127
3217,"0135",169,125,152,44,17
3218,"0131",0,0,0,0,0
3218,"0135",0,0,0,0,0
3219,"0131",169,67,68,102,101
3219,"0135",120,118,145,2,-25
3220,"0131",908,484,539,424,369
3220,"0135",1380,1019,1111,361,269
3221,"0131",933,570,480,363,453
3221,"0135",1280,1091,1083,189,197
3222,"0131",653,219,247,434,406
3222,"0135",479,460,550,19,-71
3223,"0131",431,126,130,305,301
3223,"0135",111,212,260,-101,-149
3224,"0131",612,233,260,379,352
3224,"0135",524,444,525,80,-1
3225,"0131",1383,751,740,632,643
3225,"0135",1813,1378,1554,435,259
3226,"0131",1443,540,520,903,923
3226,"0135",817,996,1080,-179,-263
3227,"0131",695,436,418,259,277
3227,"0135",1271,935,980,336,291
3228,"0131",93,173,141,-80,-48
3228,"0135",484,343,273,141,211
3229,"0131",97,174,186,-77,-89
3229,"0135",726,355,418,371,308
3230,"0131",1157,339,392,818,765
3230,"0135",544,720,890,-176,-346
3231,"0131",104,95,99,9,5
3231,"0135",469,255,307,214,162
3232,"0131",365,221,240,144,125
3232,"0135",516,329,404,187,112
3233,"0131",448,234,227,214,221
3233,"0135",347,258,314,89,33
3234,"0131",998,476,494,522,504
3234,"0135",677,493,640,184,37
3235,"0131",453,192,299,261,154
3235,"0135",672,268,470,404,202
3236,"0131",668,555,567,113,101
3236,"0135",1288,649,798,639,490
3237,"0131",800,523,563,277,237
3237,"0135",1109,642,713,467,396
3238,"0131",1893,1084,1073,809,820
3238,"0135",1729,1077,1395,652,334
3239,"0131",167,163,177,4,-10
3239,"0135",403,176,222,227,181
3240,"0131",138,149,185,-11,-47
3240,"0135",419,165,187,254,232
3241,"0131",1442,665,698,777,744
3241,"0135",1086,804,1017,282,69
3242,"0131",664,287,290,377,374
3242,"0135",467,394,471,73,-4
3243,"0131",396,224,178,172,218
3243,"0135",411,287,351,124,60
3244,"0131",1596,819,822,777,774
3244,"0135",1177,798,1045,379,132
3245,"0131",1337,611,611,726,726
3245,"0135",919,697,928,222,-9
3246,"0131",454,300,330,154,124
3246,"0135",663,315,400,348,263
3247,"0131",308,102,105,206,203
3247,"0135",95,129,158,-34,-63
3248,"0131",1237,1466,1223,-229,14
3248,"0135",1257,585,595,672,662
3249,"0131",656,490,515,166,141
3249,"0135",461,178,258,283,203
3250,"0131",475,340,358,135,117
3250,"0135",347,172,233,175,114
3251,"0131",1799,1198,1285,601,514
3251,"0135",982,520,698,462,284
3252,"0131",143,327,355,-184,-212
3252,"0135",555,131,120,424,435
3253,"0131",1346,1318,1401,28,-55
3253,"0135",2289,774,1119,1515,1170
3254,"0131",1966,1115,1136,851,830
3254,"0135",1156,902,1058,254,98
3255,"0131",196,201,211,-5,-15
3255,"0135",468,146,197,322,271
3256,"0131",213,189,191,24,22
3256,"0135",249,102,126,147,123
3257,"0131",1360,769,1028,591,332
3257,"0135",1432,600,952,832,480
3258,"0131",562,494,542,68,20
3258,"0135",865,295,459,570,406
3259,"0131",703,355,374,348,329
3259,"0135",415,296,370,119,45
3260,"0131",440,265,300,175,140
3260,"0135",412,223,288,189,124
3261,"0131",1027,591,691,436,336
3261,"0135",959,534,694,425,265
3262,"0131",432,280,282,152,150
3262,"0135",441,241,307,200,134
3263,"0131",478,169,178,309,300
3263,"0135",69,126,190,-57,-121
3264,"0131",1460,981,994,479,466
3264,"0135",1425,718,934,707,491
3265,"0131",1836,1082,1140,754,696
3265,"0135",1540,943,1160,597,380
3266,"0131",1418,876,963,542,455
3266,"0135",1640,732,971,908,669
3267,"0131",249,173,182,76,67
3267,"0135",301,136,194,165,107
3268,"0131",441,188,308,253,133
3268,"0135",398,202,301,196,97
3269,"0131",994,556,580,438,414
3269,"0135",631,419,538,212,93
3270,"0131",202,202,205,0,-3
3270,"0135",356,138,189,218,167
3271,"0131",513,386,395,127,118
3271,"0135",621,309,389,312,232
3272,"0131",742,334,379,408,363
3272,"0135",469,219,296,250,173
3273,"0131",120,36,41,84,79
3273,"0135",9,35,48,-26,-39
3274,"0131",1888,723,810,1165,1078
3274,"0135",1517,1195,1631,322,-114
3275,"0131",1614,698,788,916,826
3275,"0135",1737,1254,1560,483,177
3276,"0131",1783,727,773,1056,1010
3276,"0135",1296,1077,1381,219,-85
3277,"0131",184,123,133,61,51
3277,"0135",400,222,287,178,113
3278,"0131",185,206,214,-21,-29
3278,"0135",692,337,393,355,299
3279,"0131",132,77,65,55,67
3279,"0135",107,68,77,39,30
3280,"0131",221,163,185,58,36
3280,"0135",241,144,109,97,132
3281,"0131",1331,780,782,551,549
3281,"0135",1202,759,924,443,278
3282,"0131",356,328,332,28,24
3282,"0135",748,243,435,505,313
3283,"0131",315,235,253,80,62
3283,"0135",513,249,323,264,190
3284,"0131",386,283,370,103,16
3284,"0135",701,316,386,385,315
3285,"0131",84,96,143,-12,-59
3285,"0135",374,141,155,233,219
3286,"0131",1443,1177,1221,266,222
3286,"0135",1876,814,1040,1062,836
3287,"0131",528,431,439,97,89
3287,"0135",598,273,360,325,238
3288,"0131",667,384,444,283,223
3288,"0135",459,214,314,245,145
3289,"0131",864,463,495,401,369
3289,"0135",422,302,313,120,109
3290,"0131",876,732,768,144,108
3290,"0135",1692,773,974,919,718
3291,"0131",440,314,334,126,106
3291,"0135",717,306,425,411,292
3292,"0131",653,495,491,158,162
3292,"0135",1046,471,643,575,403
3293,"0131",151,140,156,11,-5
3293,"0135",425,188,224,237,201
3294,"0131",657,293,333,364,324
3294,"0135",483,329,328,154,155
3295,"0131",161,75,122,86,39
3295,"0135",255,74,141,181,114
3296,"0131",789,527,591,262,198
3296,"0135",899,398,555,501,344
3297,"0131",1348,909,973,439,375
3297,"0135",1490,741,997,749,493
3298,"0131",964,541,575,423,389
3298,"0135",695,423,575,272,120
3299,"0131",197,98,105,99,92
3299,"0135",66,63,76,3,-10
3300,"0131",295,77,170,218,125
3300,"0135",272,79,220,193,52
3301,"0131",223,195,206,28,17
3301,"0135",370,151,180,219,190
3302,"0131",230,551,447,-321,-217
3302,"0135",1125,345,396,780,729
3303,"0131",234,166,161,68,73
3303,"0135",275,117,173,158,102
3304,"0131",287,312,320,-25,-33
3304,"0135",415,151,184,264,231
3305,"0131",1543,701,855,842,688
3305,"0135",1624,1006,1399,618,225
3306,"0131",1746,876,983,870,763
3306,"0135",2278,1579,1914,699,364
3307,"0131",2279,971,963,1308,1316
3307,"0135",1986,1700,2034,286,-48
3308,"0131",777,334,349,443,428
3308,"0135",646,532,660,114,-14
3309,"0131",1581,856,896,725,685
3309,"0135",1810,1170,1556,640,254
3310,"0131",1177,441,454,736,723
3310,"0135",535,629,785,-94,-250
3311,"0131",1482,592,635,890,847
3311,"0135",1014,932,1125,82,-111
3312,"0131",945,357,430,588,515
3312,"0135",737,534,794,203,-57
3313,"0131",1244,623,674,621,570
3313,"0135",1312,846,1134,466,178
3314,"0131",1440,655,797,785,643
3314,"0135",1419,1050,1195,369,224
3315,"0131",2105,978,1094,1127,1011
3315,"0135",1805,1278,1770,527,35
3316,"0131",627,265,320,362,307
3316,"0135",496,431,517,65,-21
3317,"0131",627,287,299,340,328
3317,"0135",509,433,512,76,-3
3318,"0131",972,429,439,543,533
3318,"0135",730,661,797,69,-67
3319,"0131",475,259,243,216,232
3319,"0135",527,351,469,176,58
3320,"0131",246,181,188,65,58
3320,"0135",318,149,221,169,97
3321,"0131",908,565,505,343,403
3321,"0135",782,621,711,161,71
3322,"0131",808,349,441,459,367
3322,"0135",588,422,572,166,16
3323,"0131",2303,1123,1344,1180,959
3323,"0135",1938,1367,1712,571,226
3324,"0131",654,248,273,406,381
3324,"0135",195,277,331,-82,-136
3325,"0131",479,78,169,401,310
3325,"0135",99,103,247,-4,-148
3326,"0131",549,309,331,240,218
3326,"0135",559,359,460,200,99
3327,"0131",1115,737,769,378,346
3327,"0135",1398,796,1000,602,398
3328,"0131",768,543,557,225,211
3328,"0135",981,577,682,404,299
3329,"0131",665,465,526,200,139
3329,"0135",989,568,656,421,333
3330,"0131",657,507,514,150,143
3330,"0135",974,512,655,462,319
3331,"0131",623,482,439,141,184
3331,"0135",783,594,581,189,202
3332,"0131",1133,650,629,483,504
3332,"0135",795,777,770,18,25
3333,"0131",890,467,479,423,411
3333,"0135",794,567,703,227,91
3334,"0131",1239,702,724,537,515
3334,"0135",1303,877,1081,426,222
3335,"0131",859,488,430,371,429
3335,"0135",480,480,532,0,-52
3336,"0131",503,411,447,92,56
3336,"0135",904,471,581,433,323
3337,"0131",950,497,545,453,405
3337,"0135",721,549,641,172,80
3338,"0131",381,0,160,381,221
3338,"0135",183,0,234,183,-51
3339,"0131",1913,715,756,1198,1157
3339,"0135",680,795,1094,-115,-414
3340,"0131",1469,1145,1123,324,346
3340,"0135",1452,726,938,726,514
3341,"0131",398,234,235,164,163
3341,"0135",183,143,161,40,22
3342,"0131",1317,673,1004,644,313
3342,"0135",1499,448,941,1051,558
3343,"0131",692,412,415,280,277
3343,"0135",447,305,375,142,72
3344,"0131",718,196,482,522,236
3344,"0135",664,139,449,525,215
3345,"0131",2131,1151,1226,980,905
3345,"0135",2205,1400,1772,805,433
3346,"0131",777,491,496,286,281
3346,"0135",942,625,735,317,207
3347,"0131",666,372,408,294,258
3347,"0135",780,519,660,261,120
3348,"0131",1243,723,814,520,429
3348,"0135",1613,1017,1253,596,360
3349,"0131",482,333,365,149,117
3349,"0135",657,393,473,264,184
3350,"0131",503,297,315,206,188
3350,"0135",633,416,519,217,114
3351,"0131",791,241,238,550,553
3351,"0135",76,310,371,-234,-295
3352,"0131",1238,991,1057,247,181
3352,"0135",2270,1190,1538,1080,732
3353,"0131",1148,423,501,725,647
3353,"0135",593,619,779,-26,-186
3354,"0131",450,414,430,36,20
3354,"0135",983,458,597,525,386
3355,"0131",583,408,390,175,193
3355,"0135",499,348,395,151,104
3356,"0131",709,507,508,202,201
3356,"0135",1003,626,761,377,242
3357,"0131",840,403,422,437,418
3357,"0135",581,661,648,-80,-67
3358,"0131",998,451,488,547,510
3358,"0135",530,529,643,1,-113
3359,"0131",1269,758,845,511,424
3359,"0135",1970,1289,1571,681,399
3360,"0131",1285,730,801,555,484
3360,"0135",1932,1293,1550,639,382
3361,"0131",1107,635,681,472,426
3361,"0135",1554,957,1230,597,324
3362,"0131",692,373,487,319,205
3362,"0135",1062,588,827,474,235
3363,"0131",1361,551,589,810,772
3363,"0135",964,830,1072,134,-108
3364,"0131",1389,717,788,672,601
3364,"0135",1493,1072,1334,421,159
3365,"0131",143,124,139,19,4
3365,"0135",446,232,306,214,140
3366,"0131",547,209,289,338,258
3366,"0135",600,331,557,269,43
3367,"0131",1287,292,393,995,894
3367,"0135",437,548,808,-111,-371
3368,"0131",771,414,504,357,267
3368,"0135",974,467,709,507,265
3369,"0131",1296,742,788,554,508
3369,"0135",1289,809,1049,480,240
3370,"0131",1178,610,703,568,475
3370,"0135",1123,703,881,420,242
3371,"0131",1323,878,814,445,509
3371,"0135",1249,832,1006,417,243
3372,"0131",959,525,548,434,411
3372,"0135",812,522,655,290,157
3373,"0131",498,374,385,124,113
3373,"0135",618,398,404,220,214
3374,"0131",112,290,249,-178,-137
3374,"0135",631,366,291,265,340
3375,"0131",1946,1253,1484,693,462
3375,"0135",1281,646,885,635,396
3376,"0131",568,356,362,212,206
3376,"0135",297,195,238,102,59
3377,"0131",57,109,110,-52,-53
3377,"0135",214,58,84,156,130
3378,"0131",949,653,594,296,355
3378,"0135",427,365,412,62,15
3379,"0131",1160,726,812,434,348
3379,"0135",505,246,357,259,148
3380,"0131",19,82,90,-63,-71
3380,"0135",152,20,32,132,120
3381,"0131",1467,963,1056,504,411
3381,"0135",1358,657,863,701,495
3382,"0131",710,695,756,15,-46
3382,"0135",1289,498,637,791,652
3383,"0131",1278,745,817,533,461
3383,"0135",977,531,735,446,242
3384,"0131",14,36,42,-22,-28
3384,"0135",87,28,33,59,54
3385,"0131",1499,771,770,728,729
3385,"0135",1105,831,1046,274,59
3386,"0131",1367,657,669,710,698
3386,"0135",914,594,917,320,-3
3387,"0131",1142,702,748,440,394
3387,"0135",1429,776,950,653,479
3388,"0131",1156,582,601,574,555
3388,"0135",1023,666,881,357,142
3389,"0131",1491,1582,1656,-91,-165
3389,"0135",1919,564,772,1355,1147
3390,"0131",1102,674,722,428,380
3390,"0135",329,227,330,102,-1
3391,"0131",249,142,144,107,105
3391,"0135",66,67,71,-1,-5
3392,"0131",2085,1632,1675,453,410
3392,"0135",1838,893,1128,945,710
3393,"0131",590,483,510,107,80
3393,"0135",550,207,280,343,270
3394,"0131",229,194,218,35,11
3394,"0135",290,113,160,177,130
3395,"0131",761,567,672,194,89
3395,"0135",892,333,520,559,372
3396,"0131",1091,789,750,302,341
3396,"0135",828,521,558,307,270
3397,"0131",1096,790,826,306,270
3397,"0135",785,418,510,367,275
3398,"0131",409,253,255,156,154
3398,"0135",200,122,163,78,37
3399,"0131",1095,760,820,335,275
3399,"0135",1220,586,757,634,463
3400,"0131",456,233,241,223,215
3400,"0135",132,128,173,4,-41
3401,"0131",744,389,460,355,284
3401,"0135",723,318,536,405,187
3402,"0131",397,213,199,184,198
3402,"0135",170,128,188,42,-18
3403,"0131",181,271,312,-90,-131
3403,"0135",613,182,229,431,384
3404,"0131",73,236,72,-163,1
3404,"0135",169,246,104,-77,65
3405,"0131",80,170,193,-90,-113
3405,"0135",289,71,88,218,201
3406,"0131",141,670,352,-529,-211
3406,"0135",712,375,228,337,484
3407,"0131",1649,934,1012,715,637
3407,"0135",742,678,733,64,9
3408,"0131",1084,772,802,312,282
3408,"0135",1481,799,986,682,495
3409,"0131",983,675,684,308,299
3409,"0135",1241,659,854,582,387
3410,"0131",509,253,255,256,254
3410,"0135",347,246,338,101,9
3411,"0131",1448,467,515,981,933
3411,"0135",768,889,1097,-121,-329
3412,"0131",1266,429,494,837,772
3412,"0135",890,995,1076,-105,-186
3413,"0131",297,161,140,136,157
3413,"0135",385,372,374,13,11
3414,"0131",1426,515,559,911,867
3414,"0135",970,981,1164,-11,-194
3415,"0131",587,484,445,103,142
3415,"0135",1038,691,724,347,314
3416,"0131",589,322,347,267,242
3416,"0135",762,470,590,292,172
3417,"0131",213,137,144,76,69
3417,"0135",337,211,239,126,98
3418,"0131",615,264,306,351,309
3418,"0135",543,440,544,103,-1
3419,"0131",1044,560,591,484,453
3419,"0135",1192,863,988,329,204
3420,"0131",880,352,371,528,509
3420,"0135",502,517,622,-15,-120
3421,"0131",515,332,352,183,163
3421,"0135",874,399,594,475,280
3422,"0131",94,146,76,-52,18
3422,"0135",175,209,117,-34,58
3423,"0131",731,505,385,226,346
3423,"0135",698,584,630,114,68
3424,"0131",1037,656,738,381,299
3424,"0135",1728,1004,1247,724,481
3425,"0131",180,62,69,118,111
3425,"0135",149,121,152,28,-3
3426,"0131",704,636,640,68,64
3426,"0135",733,575,586,158,147
3427,"0131",857,721,768,136,89
3427,"0135",826,663,686,163,140
3428,"0131",1300,831,835,469,465
3428,"0135",653,784,811,-131,-158
3429,"0131",791,592,666,199,125
3429,"0135",612,542,554,70,58
3430,"0131",157,256,259,-99,-102
3430,"0135",458,217,276,241,182
3431,"0131",8,5,7,3,1
3431,"0135",6,5,4,1,2
3432,"0131",6,5,5,1,1
3432,"0135",14,9,10,5,4
3433,"0131",0,0,0,0,0
3433,"0135",0,0,0,0,0
3434,"0131",93,74,92,19,1
3434,"0135",134,118,99,16,35
3435,"0131",697,602,527,95,170
3435,"0135",995,436,705,559,290
3436,"0131",950,893,766,57,184
3436,"0135",1257,703,915,554,342
3437,"0131",331,207,174,124,157
3437,"0135",234,181,230,53,4
3438,"0131",1437,1241,1088,196,349
3438,"0135",1529,828,1084,701,445
3439,"0131",157,308,285,-151,-128
3439,"0135",701,265,364,436,337
3440,"0131",1525,952,860,573,665
3440,"0135",1000,760,1000,240,0
3441,"0131",652,324,297,328,355
3441,"0135",197,155,311,42,-114
3442,"0131",505,546,500,-41,5
3442,"0135",911,443,571,468,340
3443,"0131",815,410,394,405,421
3443,"0135",292,328,406,-36,-114
3444,"0131",408,278,277,130,131
3444,"0135",425,268,337,157,88
3445,"0131",358,275,223,83,135
3445,"0135",302,204,280,98,22
3446,"0131",30,13,8,17,22
3446,"0135",29,13,30,16,-1
3447,"0131",14,13,10,1,4
3447,"0135",76,35,58,41,18
3448,"0131",30,5,10,25,20
3448,"0135",22,14,36,8,-14
3449,"0131",20,2,7,18,13
3449,"0135",20,19,24,1,-4
3450,"0131",48,66,58,-18,-10
3450,"0135",178,42,73,136,105
3451,"0131",2,1,3,1,-1
3451,"0135",23,5,14,18,9
3452,"0131",39,16,13,23,26
3452,"0135",25,25,35,0,-10
3453,"0131",1141,938,949,203,192
3453,"0135",1410,831,997,579,413
3454,"0131",753,921,933,-168,-180
3454,"0135",1735,724,920,1011,815
3455,"0131",1069,582,569,487,500
3455,"0135",486,436,583,50,-97
3456,"0131",42,44,52,-2,-10
3456,"0135",53,12,18,41,35
3457,"0131",805,362,452,443,353
3457,"0135",557,378,534,179,23
3458,"0131",383,155,167,228,216
3458,"0135",147,162,218,-15,-71
3459,"0131",762,594,647,168,115
3459,"0135",945,456,558,489,387
3460,"0131",518,412,437,106,81
3460,"0135",591,267,354,324,237
3461,"0131",61,114,108,-53,-47
3461,"0135",223,102,128,121,95
3462,"0131",1726,1243,1309,483,417
3462,"0135",2025,1316,1655,709,370
3463,"0131",1739,1260,1271,479,468
3463,"0135",1994,1343,1644,651,350
3464,"0131",798,902,907,-104,-109
3464,"0135",1811,925,1171,886,640
3465,"0131",2588,1441,1629,1147,959
3465,"0135",2029,1579,1981,450,48
3466,"0131",703,279,272,424,431
3466,"0135",170,297,410,-127,-240
3467,"0131",1204,696,709,508,495
3467,"0135",833,744,885,89,-52
3468,"0131",988,983,1023,5,-35
3468,"0135",1921,1070,1331,851,590
3469,"0131",63,30,35,33,28
3469,"0135",20,27,38,-7,-18
3470,"0131",33,23,23,10,10
3470,"0135",75,44,63,31,12
3471,"0131",19,28,33,-9,-14
3471,"0135",87,30,51,57,36
3472,"0131",16,26,28,-10,-12
3472,"0135",62,24,43,38,19
3473,"0131",214,172,173,42,41
3473,"0135",285,160,231,125,54
3474,"0131",31,13,26,18,5
3474,"0135",36,14,26,22,10
3475,"0131",558,321,422,237,136
3475,"0135",579,358,440,221,139
3476,"0131",887,386,567,501,320
3476,"0135",852,663,780,189,72
3477,"0131",382,140,179,242,203
3477,"0135",223,234,265,-11,-42
3478,"0131",830,402,445,428,385
3478,"0135",605,539,665,66,-60
3479,"0131",570,356,363,214,207
3479,"0135",361,255,347,106,14
3480,"0131",162,62,62,100,100
3480,"0135",7,47,54,-40,-47
3481,"0131",410,350,347,60,63
3481,"0135",763,531,630,232,133
3482,"0131",314,154,151,160,163
3482,"0135",106,154,197,-48,-91
3483,"0131",39,17,22,22,17
3483,"0135",31,22,31,9,0
3484,"0131",157,82,103,75,54
3484,"0135",241,152,221,89,20
3485,"0131",761,545,593,216,168
3485,"0135",960,648,793,312,167
3486,"0131",582,379,373,203,209
3486,"0135",572,499,578,73,-6
3487,"0131",996,979,1002,17,-6
3487,"0135",1816,1179,1333,637,483
3488,"0131",804,576,588,228,216
3488,"0135",873,659,768,214,105
3489,"0131",448,368,374,80,74
3489,"0135",669,420,529,249,140
3490,"0131",695,444,449,251,246
3490,"0135",485,450,515,35,-30
3491,"0131",68,140,141,-72,-73
3491,"0135",258,98,136,160,122
3492,"0131",19,12,16,7,3
3492,"0135",45,37,42,8,3
3493,"0131",4,5,6,-1,-2
3493,"0135",14,7,11,7,3
3494,"0131",33,6,5,27,28
3494,"0135",6,25,25,-19,-19
3495,"0131",1,3,1,-2,0
3495,"0135",7,3,5,4,2
3496,"0131",471,404,344,67,127
3496,"0135",820,540,660,280,160
3497,"0131",1911,1033,1185,878,726
3497,"0135",1857,1515,1702,342,155
3498,"0131",1424,730,852,694,572
3498,"0135",1437,1041,1329,396,108
3499,"0131",949,475,452,474,497
3499,"0135",726,550,770,176,-44
3500,"0131",1255,653,729,602,526
3500,"0135",823,627,866,196,-43
3501,"0131",959,373,511,586,448
3501,"0135",791,657,801,134,-10
3502,"0131",981,684,790,297,191
3502,"0135",1609,963,1139,646,470
3503,"0131",1269,767,861,502,408
3503,"0135",1333,895,1104,438,229
3504,"0131",558,412,496,146,62
3504,"0135",938,551,663,387,275
3505,"0131",964,726,828,238,136
3505,"0135",1272,709,843,563,429
3506,"0131",333,220,256,113,77
3506,"0135",340,109,249,231,91
3507,"0131",95,55,96,40,-1
3507,"0135",215,78,148,137,67
3508,"0131",13,7,16,6,-3
3508,"0135",62,25,45,37,17
3509,"0131",210,72,142,138,68
3509,"0135",340,210,322,130,18
3510,"0131",382,124,139,258,243
3510,"0135",388,318,465,70,-77
3511,"0131",260,71,86,189,174
3511,"0135",109,142,183,-33,-74
3512,"0131",62,26,47,36,15
3512,"0135",158,69,124,89,34
3513,"0131",81,43,76,38,5
3513,"0135",224,76,163,148,61
3514,"0131",731,646,653,85,78
3514,"0135",401,135,172,266,229
3515,"0131",1100,1519,1620,-419,-520
3515,"0135",1457,258,343,1199,1114
3516,"0131",1245,1713,1851,-468,-606
3516,"0135",1874,378,494,1496,1380
3517,"0131",1445,1145,1372,300,73
3517,"0135",830,241,357,589,473
3518,"0131",2020,2099,2259,-79,-239
3518,"0135",1690,400,560,1290,1130
3519,"0131",1911,1973,2156,-62,-245
3519,"0135",1695,461,558,1234,1137
3520,"0131",1488,1505,1941,-17,-453
3520,"0135",1858,384,582,1474,1276
3521,"0131",1724,2089,2217,-365,-493
3521,"0135",1912,387,555,1525,1357
3522,"0131",1098,1722,1863,-624,-765
3522,"0135",1946,347,478,1599,1468
3523,"0131",1804,1478,1523,326,281
3523,"0135",708,310,410,398,298
3524,"0131",2548,2359,2462,189,86
3524,"0135",1663,553,715,1110,948
3525,"0131",1290,1683,1916,-393,-626
3525,"0135",2062,403,548,1659,1514
3526,"0131",1389,1267,1425,122,-36
3526,"0135",1072,296,418,776,654
3527,"0131",1938,1759,1970,179,-32
3527,"0135",1420,358,490,1062,930
3528,"0131",1321,2148,2236,-827,-915
3528,"0135",2377,422,614,1955,1763
3529,"0131",2162,1844,1977,318,185
3529,"0135",1304,384,555,920,749
3530,"0131",1855,1930,2019,-75,-164
3530,"0135",1463,356,525,1107,938
3531,"0131",695,897,972,-202,-277
3531,"0135",972,248,313,724,659
3532,"0131",2208,2524,2744,-316,-536
3532,"0135",2311,384,567,1927,1744
3533,"0131",1574,2159,2280,-585,-706
3533,"0135",2111,339,519,1772,1592
3534,"0131",1604,1922,1876,-318,-272
3534,"0135",1559,384,479,1175,1080
3535,"0131",1051,0,1967,1051,-916
3535,"0135",2326,0,562,2326,1764
3536,"0131",1383,1811,2106,-428,-723
3536,"0135",1963,321,466,1642,1497
3537,"0131",1659,1995,2206,-336,-547
3537,"0135",2003,338,559,1665,1444
3538,"0131",1010,1402,1486,-392,-476
3538,"0135",1475,289,382,1186,1093
3539,"0131",1172,1267,1475,-95,-303
3539,"0135",1306,295,381,1011,925
3540,"0131",783,1415,1212,-632,-429
3540,"0135",1310,306,367,1004,943
3541,"0131",1154,1519,1390,-365,-236
3541,"0135",1356,299,429,1057,927
3542,"0131",1538,1887,2196,-349,-658
3542,"0135",2254,380,626,1874,1628
3543,"0131",1789,2096,2257,-307,-468
3543,"0135",1862,298,524,1564,1338
3544,"0131",1574,1603,1938,-29,-364
3544,"0135",1657,344,517,1313,1140
3545,"0131",1875,1693,1786,182,89
3545,"0135",980,300,402,680,578
3546,"0131",1916,1734,1824,182,92
3546,"0135",1191,363,406,828,785
3547,"0131",972,1227,1284,-255,-312
3547,"0135",1286,276,397,1010,889
3548,"0131",1818,1771,1841,47,-23
3548,"0135",1255,308,478,947,777
3549,"0131",1102,1361,1577,-259,-475
3549,"0135",1672,242,495,1430,1177
3550,"0131",2166,2233,2497,-67,-331
3550,"0135",1778,413,578,1365,1200
3551,"0131",1494,1911,1967,-417,-473
3551,"0135",1897,311,466,1586,1431
3552,"0131",849,1032,1215,-183,-366
3552,"0135",1167,202,307,965,860
3553,"0131",722,728,784,-6,-62
3553,"0135",570,122,217,448,353
3554,"0131",2527,2283,2343,244,184
3554,"0135",1403,438,645,965,758
3555,"0131",1033,1061,1133,-28,-100
3555,"0135",936,246,360,690,576
3556,"0131",678,618,618,60,60
3556,"0135",427,145,215,282,212
3557,"0131",732,974,1025,-242,-293
3557,"0135",902,186,242,716,660
3558,"0131",1319,1107,1166,212,153
3558,"0135",670,234,309,436,361
3559,"0131",2150,2115,2497,35,-347
3559,"0135",1875,365,592,1510,1283
3560,"0131",1258,1681,1457,-423,-199
3560,"0135",1225,375,404,850,821
3561,"0131",390,624,664,-234,-274
3561,"0135",730,126,197,604,533
3562,"0131",1108,613,626,495,482
3562,"0135",1477,1017,1264,460,213
3563,"0131",1496,663,729,833,767
3563,"0135",1539,1148,1497,391,42
3564,"0131",581,328,335,253,246
3564,"0135",782,571,649,211,133
3565,"0131",1053,604,651,449,402
3565,"0135",1541,1063,1308,478,233
3566,"0131",839,468,496,371,343
3566,"0135",1195,822,989,373,206
3567,"0131",588,542,574,46,14
3567,"0135",1666,911,1105,755,561
3568,"0131",893,459,466,434,427
3568,"0135",957,769,913,188,44
3569,"0131",1007,520,633,487,374
3569,"0135",1847,1173,1435,674,412
3570,"0131",1171,629,658,542,513
3570,"0135",1731,1125,1398,606,333
3571,"0131",1199,546,583,653,616
3571,"0135",1282,990,1210,292,72
3572,"0131",1057,717,707,340,350
3572,"0135",1758,1104,1346,654,412
3573,"0131",1868,756,761,1112,1107
3573,"0135",1499,1395,1678,104,-179
3574,"0131",1652,610,650,1042,1002
3574,"0135",1167,1206,1448,-39,-281
3575,"0131",686,344,351,342,335
3575,"0135",714,536,671,178,43
3576,"0131",1464,544,554,920,910
3576,"0135",712,864,1072,-152,-360
3577,"0131",1540,1988,2066,-448,-526
3577,"0135",2681,820,1035,1861,1646
3578,"0131",905,895,924,10,-19
3578,"0135",1095,352,525,743,570
3579,"0131",940,1105,1024,-165,-84
3579,"0135",1610,663,780,947,830
3580,"0131",1208,1062,1082,146,126
3580,"0135",1323,504,760,819,563
3581,"0131",1626,1377,1460,249,166
3581,"0135",1764,899,1018,865,746
3582,"0131",2062,1377,1316,685,746
3582,"0135",1011,784,923,227,88
3583,"0131",864,1012,1075,-148,-211
3583,"0135",1711,737,852,974,859
3584,"0131",2144,1681,1575,463,569
3584,"0135",1487,876,1084,611,403
3585,"0131",637,679,696,-42,-59
3585,"0135",1046,390,513,656,533
3586,"0131",1395,1223,1278,172,117
3586,"0135",1435,625,786,810,649
3587,"0131",606,744,543,-138,63
3587,"0135",497,282,287,215,210
3588,"0131",1458,1041,1174,417,284
3588,"0135",1367,640,921,727,446
3589,"0131",814,484,611,330,203
3589,"0135",855,384,586,471,269
3590,"0131",1349,1248,1285,101,64
3590,"0135",1462,690,796,772,666
3591,"0131",578,583,654,-5,-76
3591,"0135",809,309,373,500,436
3592,"0131",1677,1196,1313,481,364
3592,"0135",1464,716,952,748,512
3593,"0131",1243,1034,1070,209,173
3593,"0135",1015,482,573,533,442
3594,"0131",1064,1091,1102,-27,-38
3594,"0135",1395,596,729,799,666
3595,"0131",1761,1214,1507,547,254
3595,"0135",1597,594,947,1003,650
3596,"0131",661,494,517,167,144
3596,"0135",730,384,463,346,267
3597,"0131",769,937,974,-168,-205
3597,"0135",1530,567,710,963,820
3598,"0131",890,592,605,298,285
3598,"0135",495,308,399,187,96
3599,"0131",1773,1616,1652,157,121
3599,"0135",1653,701,880,952,773
3600,"0131",1634,1665,1420,-31,214
3600,"0135",1671,719,958,952,713
3601,"0131",1649,1307,1458,342,191
3601,"0135",1415,649,845,766,570
3602,"0131",1141,1287,1362,-146,-221
3602,"0135",1932,554,882,1378,1050
3603,"0131",1307,765,864,542,443
3603,"0135",769,415,662,354,107
3604,"0131",1342,617,611,725,731
3604,"0135",1248,979,1207,269,41
3605,"0131",702,308,308,394,394
3605,"0135",419,432,554,-13,-135
3606,"0131",2076,847,854,1229,1222
3606,"0135",1341,1227,1576,114,-235
3607,"0131",1163,442,440,721,723
3607,"0135",753,858,928,-105,-175
3608,"0131",1149,987,977,162,172
3608,"0135",1744,902,1038,842,706
3609,"0131",1030,675,664,355,366
3609,"0135",933,467,701,466,232
3610,"0131",619,708,680,-89,-61
3610,"0135",1413,580,718,833,695
3611,"0131",1761,1123,1110,638,651
3611,"0135",1627,939,1202,688,425
3612,"0131",1297,751,858,546,439
3612,"0135",1316,659,893,657,423
3613,"0131",332,167,177,165,155
3613,"0135",231,176,204,55,27
3614,"0131",978,888,911,90,67
3614,"0135",1579,708,875,871,704
3615,"0131",386,195,203,191,183
3615,"0135",172,145,200,27,-28
3616,"0131",1443,843,856,600,587
3616,"0135",1715,941,1260,774,455
3617,"0131",961,418,440,543,521
3617,"0135",712,571,722,141,-10
3618,"0131",1844,1018,1026,826,818
3618,"0135",1844,1255,1578,589,266
3619,"0131",1778,798,904,980,874
3619,"0135",1308,1028,1258,280,50
3620,"0131",2179,937,977,1242,1202
3620,"0135",1229,1140,1411,89,-182
3621,"0131",1561,707,784,854,777
3621,"0135",1321,1171,1246,150,75
3622,"0131",1916,955,1013,961,903
3622,"0135",1749,1145,1560,604,189
3623,"0131",498,307,301,191,197
3623,"0135",641,388,513,253,128
3624,"0131",606,321,332,285,274
3624,"0135",552,391,491,161,61
3625,"0131",1591,812,814,779,777
3625,"0135",1270,917,1185,353,85
3626,"0131",1054,633,696,421,358
3626,"0135",1210,561,931,649,279
3627,"0131",1963,1820,1910,143,53
3627,"0135",2049,710,894,1339,1155
3628,"0131",1543,1313,1441,230,102
3628,"0135",1833,651,846,1182,987
3629,"0131",1435,1347,1497,88,-62
3629,"0135",1964,650,855,1314,1109
3630,"0131",849,807,706,42,143
3630,"0135",619,318,337,301,282
3631,"0131",1352,1185,1177,167,175
3631,"0135",1284,482,664,802,620
3632,"0131",1446,1449,1562,-3,-116
3632,"0135",2010,675,820,1335,1190
3633,"0131",1499,896,1027,603,472
3633,"0135",785,435,611,350,174
3634,"0131",1131,1251,1271,-120,-140
3634,"0135",1775,588,700,1187,1075
3635,"0131",422,764,758,-342,-336
3635,"0135",1331,365,466,966,865
3636,"0131",579,535,541,44,38
3636,"0135",578,222,264,356,314
3637,"0131",1255,1260,1379,-5,-124
3637,"0135",1653,566,682,1087,971
3638,"0131",1744,1256,1284,488,460
3638,"0135",1137,475,730,662,407
3639,"0131",1428,937,1086,491,342
3639,"0135",1044,465,617,579,427
3640,"0131",1718,786,747,932,971
3640,"0135",1364,1382,1534,-18,-170
3641,"0131",397,243,263,154,134
3641,"0135",710,441,553,269,157
3642,"0131",684,430,465,254,219
3642,"0135",1547,938,1139,609,408
3643,"0131",715,562,578,153,137
3643,"0135",1780,872,1213,908,567
3644,"0131",720,369,440,351,280
3644,"0135",1202,658,1021,544,181
3645,"0131",371,169,189,202,182
3645,"0135",420,290,385,130,35
3646,"0131",1002,345,340,657,662
3646,"0135",377,522,641,-145,-264
3647,"0131",914,355,384,559,530
3647,"0135",477,560,632,-83,-155
3648,"0131",806,436,452,370,354
3648,"0135",892,648,776,244,116
3649,"0131",799,306,291,493,508
3649,"0135",340,434,549,-94,-209
3650,"0131",947,730,742,217,205
3650,"0135",717,336,437,381,280
3651,"0131",519,407,407,112,112
3651,"0135",638,262,370,376,268
3652,"0131",2138,1199,1234,939,904
3652,"0135",1291,855,1084,436,207
3653,"0131",1252,847,821,405,431
3653,"0135",1011,502,657,509,354
3654,"0131",1181,1194,1194,-13,-13
3654,"0135",1940,724,920,1216,1020
3655,"0131",885,784,799,101,86
3655,"0135",1096,495,600,601,496
3656,"0131",660,651,664,9,-4
3656,"0135",985,399,446,586,539
3657,"0131",894,661,780,233,114
3657,"0135",1261,463,632,798,629
3658,"0131",706,493,526,213,180
3658,"0135",1020,531,643,489,377
3659,"0131",713,426,426,287,287
3659,"0135",614,452,466,162,148
3660,"0131",858,497,488,361,370
3660,"0135",817,503,637,314,180
3661,"0131",636,518,546,118,90
3661,"0135",1115,527,633,588,482
3662,"0131",690,473,426,217,264
3662,"0135",671,440,538,231,133
3663,"0131",401,345,363,56,38
3663,"0135",737,327,420,410,317
3664,"0131",38,48,46,-10,-8
3664,"0135",95,32,46,63,49
3665,"0131",1024,643,661,381,363
3665,"0135",1216,644,919,572,297
3666,"0131",2124,881,870,1243,1254
3666,"0135",1236,1204,1589,32,-353
3667,"0131",1517,417,454,1100,1063
3667,"0135",514,766,988,-252,-474
3668,"0131",1058,596,581,462,477
3668,"0135",1219,798,1032,421,187
3669,"0131",266,129,139,137,127
3669,"0135",296,175,250,121,46
3670,"0131",1113,639,650,474,463
3670,"0135",1464,940,1202,524,262
3671,"0131",1440,599,615,841,825
3671,"0135",836,796,1059,40,-223
3672,"0131",2325,1108,1189,1217,1136
3672,"0135",1906,1214,1876,692,30
3673,"0131",2157,1065,1166,1092,991
3673,"0135",2325,1400,2010,925,315
3674,"0131",836,481,452,355,384
3674,"0135",860,546,693,314,167
3675,"0131",188,0,194,188,-6
3675,"0135",655,0,430,655,225
3676,"0131",845,415,458,430,387
3676,"0135",803,512,708,291,95
3677,"0131",1106,357,365,749,741
3677,"0135",309,648,652,-339,-343
3678,"0131",417,289,290,128,127
3678,"0135",684,346,488,338,196
3679,"0131",931,734,755,197,176
3679,"0135",1858,905,1209,953,649
3680,"0131",286,233,219,53,67
3680,"0135",555,260,355,295,200
3681,"0131",533,589,526,-56,7
3681,"0135",1432,749,855,683,577
3682,"0131",1114,506,517,608,597
3682,"0135",842,693,935,149,-93
3683,"0131",1276,729,729,547,547
3683,"0135",1218,638,1078,580,140
3684,"0131",1195,610,593,585,602
3684,"0135",1003,695,948,308,55
3685,"0131",970,640,592,330,378
3685,"0135",1276,904,1049,372,227
3686,"0131",1596,834,921,762,675
3686,"0135",1762,1026,1382,736,380
3687,"0131",1010,423,446,587,564
3687,"0135",731,659,815,72,-84
3688,"0131",3,21,20,-18,-17
3688,"0135",124,59,83,65,41
3689,"0131",797,606,615,191,182
3689,"0135",1183,588,797,595,386
3690,"0131",1276,568,505,708,771
3690,"0135",535,522,687,13,-152
3691,"0131",1239,858,896,381,343
3691,"0135",1370,660,928,710,442
3692,"0131",1352,872,1008,480,344
3692,"0135",1400,590,913,810,487
3693,"0131",574,439,420,135,154
3693,"0135",954,472,584,482,370
3694,"0131",251,193,80,58,171
3694,"0135",12,159,108,-147,-96
3695,"0131",1453,831,861,622,592
3695,"0135",1065,670,956,395,109
3696,"0131",177,167,166,10,11
3696,"0135",410,183,266,227,144
3697,"0131",807,338,548,469,259
3697,"0135",498,174,291,324,207
3698,"0131",661,542,578,119,83
3698,"0135",1494,702,937,792,557
3699,"0131",444,177,179,267,265
3699,"0135",191,168,226,23,-35
3700,"0131",537,409,399,128,138
3700,"0135",1133,645,691,488,442
3701,"0131",884,478,439,406,445
3701,"0135",790,509,643,281,147
3702,"0131",899,497,468,402,431
3702,"0135",718,428,628,290,90
3703,"0131",914,443,424,471,490
3703,"0135",734,578,675,156,59
3704,"0131",656,368,331,288,325
3704,"0135",610,440,498,170,112
3705,"0131",2,25,24,-23,-22
3705,"0135",79,28,29,51,50
3706,"0131",15,34,32,-19,-17
3706,"0135",142,49,70,93,72
3707,"0131",151,62,61,89,90
3707,"0135",153,65,105,88,48
3708,"0131",39,6,7,33,32
3708,"0135",15,15,27,0,-12
3709,"0131",372,397,432,-25,-60
3709,"0135",1308,819,876,489,432
3710,"0131",741,269,309,472,432
3710,"0135",359,538,548,-179,-189
3711,"0131",1027,348,393,679,634
3711,"0135",372,677,688,-305,-316
3712,"0131",562,246,270,316,292
3712,"0135",575,531,607,44,-32
3713,"0131",518,438,490,80,28
3713,"0135",1250,800,888,450,362
3714,"0131",255,95,104,160,151
3714,"0135",125,170,191,-45,-66
3715,"0131",124,13,28,111,96
3715,"0135",1,57,65,-56,-64
3716,"0131",3,0,1,3,2
3716,"0135",9,1,4,8,5
3717,"0131",371,411,467,-40,-96
3717,"0135",785,478,513,307,272
3718,"0131",772,539,609,233,163
3718,"0135",710,520,647,190,63
3719,"0131",838,878,997,-40,-159
3719,"0135",1501,810,963,691,538
3720,"0131",628,415,473,213,155
3720,"0135",468,363,454,105,14
3721,"0131",681,418,457,263,224
3721,"0135",495,492,548,3,-53
3722,"0131",738,403,465,335,273
3722,"0135",429,487,528,-58,-99
3723,"0131",18,15,11,3,7
3723,"0135",35,31,38,4,-3
3724,"0131",6,1,0,5,6
3724,"0135",5,15,11,-10,-6
3725,"0131",428,419,459,9,-31
3725,"0135",655,252,409,403,246
3726,"0131",1467,829,947,638,520
3726,"0135",943,645,831,298,112
3727,"0131",505,392,436,113,69
3727,"0135",578,258,369,320,209
3728,"0131",290,280,307,10,-17
3728,"0135",522,214,270,308,252
3729,"0131",674,586,646,88,28
3729,"0135",986,395,531,591,455
3730,"0131",177,136,164,41,13
3730,"0135",214,100,130,114,84
3731,"0131",627,354,402,273,225
3731,"0135",567,401,494,166,73
3732,"0131",1352,1235,1224,117,128
3732,"0135",1332,505,630,827,702
3733,"0131",1207,1234,1233,-27,-26
3733,"0135",1619,513,651,1106,968
3734,"0131",950,1159,1125,-209,-175
3734,"0135",1614,433,538,1181,1076
3735,"0131",561,673,676,-112,-115
3735,"0135",1131,337,434,794,697
3736,"0131",692,740,754,-48,-62
3736,"0135",1041,282,368,759,673
3737,"0131",1087,805,953,282,134
3737,"0135",897,236,362,661,535
3738,"0131",1122,895,916,227,206
3738,"0135",857,311,405,546,452
3739,"0131",865,765,625,100,240
3739,"0135",562,343,356,219,206
3740,"0131",891,770,735,121,156
3740,"0135",791,317,403,474,388
3741,"0131",872,640,650,232,222
3741,"0135",554,284,298,270,256
3742,"0131",993,1277,1277,-284,-284
3742,"0135",1825,501,618,1324,1207
3743,"0131",714,822,755,-108,-41
3743,"0135",997,344,342,653,655
3744,"0131",554,737,754,-183,-200
3744,"0135",1129,312,361,817,768
3745,"0131",1201,1344,1327,-143,-126
3745,"0135",1623,435,585,1188,1038
3746,"0131",1202,914,939,288,263
3746,"0135",898,344,462,554,436
3747,"0131",63,104,101,-41,-38
3747,"0135",176,26,47,150,129
3748,"0131",1060,587,678,473,382
3748,"0135",1519,1077,1217,442,302
3749,"0131",526,414,377,112,149
3749,"0135",903,689,689,214,214
3750,"0131",1077,545,610,532,467
3750,"0135",1230,976,1116,254,114
3751,"0131",722,387,457,335,265
3751,"0135",976,726,819,250,157
3752,"0131",935,392,434,543,501
3752,"0135",755,664,832,91,-77
3753,"0131",840,333,393,507,447
3753,"0135",583,580,625,3,-42
3754,"0131",566,410,477,156,89
3754,"0135",1118,697,762,421,356
3755,"0131",1034,511,603,523,431
3755,"0135",1252,949,1054,303,198
3756,"0131",1291,497,549,794,742
3756,"0135",651,748,856,-97,-205
3757,"0131",696,595,716,101,-20
3757,"0135",1845,1043,1191,802,654
3758,"0131",446,212,257,234,189
3758,"0135",483,384,432,99,51
3759,"0131",1253,557,770,696,483
3759,"0135",471,400,411,71,60
3760,"0131",957,522,696,435,261
3760,"0135",466,276,328,190,138
3761,"0131",691,408,544,283,147
3761,"0135",510,256,287,254,223
3762,"0131",648,484,600,164,48
3762,"0135",1122,594,635,528,487
3763,"0131",785,534,637,251,148
3763,"0135",971,505,621,466,350
3764,"0131",540,332,426,208,114
3764,"0135",611,345,400,266,211
3765,"0131",249,161,209,88,40
3765,"0135",343,186,232,157,111
3766,"0131",785,330,427,455,358
3766,"0135",467,389,448,78,19
3767,"0131",699,377,467,322,232
3767,"0135",728,479,533,249,195
3768,"0131",140,124,142,16,-2
3768,"0135",252,132,146,120,106
3769,"0131",457,335,426,122,31
3769,"0135",697,355,381,342,316
3770,"0131",1017,834,984,183,33
3770,"0135",1651,763,880,888,771
3771,"0131",1389,884,1070,505,319
3771,"0135",1463,813,912,650,551
3772,"0131",668,487,612,181,56
3772,"0135",619,283,303,336,316
3773,"0131",244,170,242,74,2
3773,"0135",489,217,255,272,234
3774,"0131",112,35,58,77,54
3774,"0135",61,36,54,25,7
3775,"0131",183,33,95,150,88
3775,"0135",110,31,115,79,-5
3776,"0131",102,26,43,76,59
3776,"0135",37,49,56,-12,-19
3777,"0131",116,0,79,116,37
3777,"0135",63,0,59,63,4
3778,"0131",617,738,681,-121,-64
3778,"0135",999,444,453,555,546
3779,"0131",1683,1459,1273,224,410
3779,"0135",1732,697,943,1035,789
3780,"0131",1115,1034,894,81,221
3780,"0135",1436,688,790,748,646
3781,"0131",1747,1257,1157,490,590
3781,"0135",1352,735,953,617,399
3782,"0131",1524,1465,1066,59,458
3782,"0135",1587,780,961,807,626
3783,"0131",730,530,378,200,352
3783,"0135",401,347,354,54,47
3784,"0131",598,766,871,-168,-273
3784,"0135",1966,455,801,1511,1165
3785,"0131",1063,706,643,357,420
3785,"0135",586,335,447,251,139
3786,"0131",1171,790,777,381,394
3786,"0135",1106,446,678,660,428
3787,"0131",1577,861,714,716,863
3787,"0135",391,465,578,-74,-187
3788,"0131",724,893,617,-169,107
3788,"0135",949,476,485,473,464
3789,"0131",520,562,513,-42,7
3789,"0135",876,311,422,565,454
3790,"0131",476,835,532,-359,-56
3790,"0135",932,398,376,534,556
3791,"0131",1512,1049,960,463,552
3791,"0135",1023,552,740,471,283
3792,"0131",1347,1263,1148,84,199
3792,"0135",1738,731,910,1007,828
3793,"0131",810,105,616,705,194
3793,"0135",849,37,450,812,399
3794,"0131",962,879,674,83,288
3794,"0135",769,418,485,351,284
3795,"0131",1720,1216,996,504,724
3795,"0135",820,542,688,278,132
3796,"0131",914,1249,817,-335,97
3796,"0135",1317,676,599,641,718
3797,"0131",452,620,470,-168,-18
3797,"0135",783,384,352,399,431
3798,"0131",1421,1411,1297,10,124
3798,"0135",1007,317,420,690,587
3799,"0131",251,878,706,-627,-455
3799,"0135",1195,211,243,984,952
3800,"0131",899,1340,1185,-441,-286
3800,"0135",1398,297,381,1101,1017
3801,"0131",906,1422,1243,-516,-337
3801,"0135",1599,326,440,1273,1159
3802,"0131",1707,1672,1600,35,107
3802,"0135",1413,318,481,1095,932
3803,"0131",1001,1265,1141,-264,-140
3803,"0135",1279,325,417,954,862
3804,"0131",1116,1136,970,-20,146
3804,"0135",863,268,370,595,493
3805,"0131",636,942,845,-306,-209
3805,"0135",1046,167,292,879,754
3806,"0131",1325,1335,1144,-10,181
3806,"0135",891,262,341,629,550
3807,"0131",446,861,743,-415,-297
3807,"0135",1169,195,308,974,861
3808,"0131",1476,1480,1414,-4,62
3808,"0135",1352,309,497,1043,855
3809,"0131",1296,1678,1650,-382,-354
3809,"0135",2047,404,598,1643,1449
3810,"0131",1648,1543,1694,105,-46
3810,"0135",1728,404,592,1324,1136
3811,"0131",1353,2076,1591,-723,-238
3811,"0135",1755,520,518,1235,1237
3812,"0131",1147,1398,1338,-251,-191
3812,"0135",1580,277,459,1303,1121
3813,"0131",702,673,649,29,53
3813,"0135",647,166,259,481,388
3814,"0131",1747,1479,1283,268,464
3814,"0135",990,299,437,691,553
3815,"0131",1143,1452,1431,-309,-288
3815,"0135",1641,312,463,1329,1178
3816,"0131",1050,1153,1326,-103,-276
3816,"0135",1485,295,377,1190,1108
3817,"0131",1228,1409,1338,-181,-110
3817,"0135",1358,251,427,1107,931
3818,"0131",2392,1872,1884,520,508
3818,"0135",1307,392,634,915,673
3819,"0131",2537,2124,2106,413,431
3819,"0135",1750,466,751,1284,999
3820,"0131",674,1172,395,-498,279
3820,"0135",160,327,161,-167,-1
3821,"0131",2068,1756,1692,312,376
3821,"0135",1297,418,551,879,746
3822,"0131",576,742,877,-166,-301
3822,"0135",1103,194,273,909,830
3823,"0131",642,469,546,173,96
3823,"0135",485,148,216,337,269
3824,"0131",1761,1998,1659,-237,102
3824,"0135",1563,483,577,1080,986
3825,"0131",1714,1600,1634,114,80
3825,"0135",1534,366,514,1168,1020
3826,"0131",1632,1420,1478,212,154
3826,"0135",1395,352,509,1043,886
3827,"0131",1784,1598,1589,186,195
3827,"0135",1292,351,444,941,848
3828,"0131",1750,1873,1821,-123,-71
3828,"0135",1934,443,637,1491,1297
3829,"0131",2140,1692,1707,448,433
3829,"0135",1193,447,617,746,576
3830,"0131",1634,1355,1442,279,192
3830,"0135",1151,237,437,914,714
3831,"0131",1133,847,907,286,226
3831,"0135",612,220,312,392,300
3832,"0131",1240,1739,1526,-499,-286
3832,"0135",1761,398,460,1363,1301
3833,"0131",562,843,770,-281,-208
3833,"0135",1113,220,328,893,785
3834,"0131",788,1018,1002,-230,-214
3834,"0135",1097,218,339,879,758
3835,"0131",882,826,840,56,42
3835,"0135",802,227,292,575,510
3836,"0131",618,574,551,44,67
3836,"0135",504,164,200,340,304
3837,"0131",1244,912,872,332,372
3837,"0135",450,183,314,267,136
3838,"0131",783,795,718,-12,65
3838,"0135",630,146,226,484,404
3839,"0131",112,211,187,-99,-75
3839,"0135",295,69,91,226,204
3840,"0131",2216,2134,2088,82,128
3840,"0135",1583,336,579,1247,1004
3841,"0131",2111,1890,1885,221,226
3841,"0135",1266,334,520,932,746
3842,"0131",2325,2352,2306,-27,19
3842,"0135",1938,454,623,1484,1315
3843,"0131",1972,2507,2418,-535,-446
3843,"0135",2595,451,734,2144,1861
3844,"0131",1778,1840,1848,-62,-70
3844,"0135",1607,336,525,1271,1082
3845,"0131",850,1081,1087,-231,-237
3845,"0135",1202,195,337,1007,865
3846,"0131",1741,1759,1698,-18,43
3846,"0135",1386,319,462,1067,924
3847,"0131",534,477,466,57,68
3847,"0135",356,78,148,278,208
3848,"0131",1986,1868,1980,118,6
3848,"0135",1719,383,577,1336,1142
3849,"0131",1419,1459,1132,-40,287
3849,"0135",580,239,306,341,274
3850,"0131",1588,1965,2032,-377,-444
3850,"0135",2086,383,545,1703,1541
3851,"0131",894,1665,1637,-771,-743
3851,"0135",2251,411,577,1840,1674
3852,"0131",1830,1933,1876,-103,-46
3852,"0135",1561,360,511,1201,1050
3853,"0131",1396,2017,1949,-621,-553
3853,"0135",2297,347,585,1950,1712
3854,"0131",1579,1724,1683,-145,-104
3854,"0135",1564,312,491,1252,1073
3855,"0131",370,499,488,-129,-118
3855,"0135",615,98,168,517,447
3856,"0131",1490,0,1856,1490,-366
3856,"0135",1709,0,434,1709,1275
3857,"0131",1445,1916,1858,-471,-413
3857,"0135",1995,376,572,1619,1423
3858,"0131",853,1292,1271,-439,-418
3858,"0135",1480,227,361,1253,1119
3859,"0131",991,1166,1202,-175,-211
3859,"0135",1054,188,286,866,768
3860,"0131",1522,1277,1553,245,-31
3860,"0135",1310,206,403,1104,907
3861,"0131",2051,1855,1647,196,404
3861,"0135",1141,285,399,856,742
3862,"0131",1253,1616,1781,-363,-528
3862,"0135",1937,300,509,1637,1428
3863,"0131",1012,1601,1526,-589,-514
3863,"0135",1694,238,417,1456,1277
3864,"0131",991,1172,1093,-181,-102
3864,"0135",1883,604,813,1279,1070
3865,"0131",1957,1153,1139,804,818
3865,"0135",1229,649,967,580,262
3866,"0131",368,393,413,-25,-45
3866,"0135",772,241,339,531,433
3867,"0131",908,417,493,491,415
3867,"0135",503,265,424,238,79
3868,"0131",2008,1162,1037,846,971
3868,"0135",1087,874,1068,213,19
3869,"0131",549,336,303,213,246
3869,"0135",316,193,253,123,63
3870,"0131",712,675,600,37,112
3870,"0135",988,402,487,586,501
3871,"0131",569,473,508,96,61
3871,"0135",821,257,405,564,416
3872,"0131",841,896,817,-55,24
3872,"0135",1433,515,686,918,747
3873,"0131",1321,1079,917,242,404
3873,"0135",1234,632,784,602,450
3874,"0131",1590,1179,1168,411,422
3874,"0135",1832,778,1111,1054,721
3875,"0131",1788,1672,1433,116,355
3875,"0135",2218,986,1247,1232,971
3876,"0131",1807,1206,1143,601,664
3876,"0135",1614,846,1154,768,460
3877,"0131",1648,1516,1310,132,338
3877,"0135",2038,945,1134,1093,904
3878,"0131",923,935,872,-12,51
3878,"0135",1616,590,788,1026,828
3879,"0131",1256,1120,1027,136,229
3879,"0135",1728,697,905,1031,823
3880,"0131",2230,1997,2099,233,131
3880,"0135",1693,373,637,1320,1056
3881,"0131",1743,1928,1947,-185,-204
3881,"0135",1872,392,562,1480,1310
3882,"0131",1863,1459,1485,404,378
3882,"0135",929,299,475,630,454
3883,"0131",1116,1616,1251,-500,-135
3883,"0135",1168,264,339,904,829
3884,"0131",1067,1282,1213,-215,-146
3884,"0135",1183,243,355,940,828
3885,"0131",1635,1542,1587,93,48
3885,"0135",1233,345,453,888,780
3886,"0131",1353,1147,1372,206,-19
3886,"0135",1181,258,428,923,753
3887,"0131",1228,982,1054,246,174
3887,"0135",772,219,335,553,437
3888,"0131",1512,1346,1592,166,-80
3888,"0135",1311,223,408,1088,903
3889,"0131",1595,2037,2071,-442,-476
3889,"0135",2355,343,606,2012,1749
3890,"0131",1779,1532,1513,247,266
3890,"0135",942,291,408,651,534
3891,"0131",1767,1788,1642,-21,125
3891,"0135",1332,329,490,1003,842
3892,"0131",163,552,539,-389,-376
3892,"0135",874,109,146,765,728
3893,"0131",849,655,556,194,293
3893,"0135",835,443,585,392,250
3894,"0131",802,846,778,-44,24
3894,"0135",1758,751,969,1007,789
3895,"0131",1225,865,729,360,496
3895,"0135",1057,573,789,484,268
3896,"0131",1295,675,609,620,686
3896,"0135",688,536,738,152,-50
3897,"0131",587,551,461,36,126
3897,"0135",825,269,487,556,338
3898,"0131",704,506,548,198,156
3898,"0135",1003,390,618,613,385
3899,"0131",455,293,263,162,192
3899,"0135",392,243,311,149,81
3900,"0131",87,157,150,-70,-63
3900,"0135",396,120,164,276,232
3901,"0131",92,37,42,55,50
3901,"0135",55,49,58,6,-3
3902,"0131",2,40,55,-38,-53
3902,"0135",141,38,53,103,88
3903,"0131",1,57,62,-56,-61
3903,"0135",147,26,46,121,101
3904,"0131",29,13,10,16,19
3904,"0135",18,17,22,1,-4
3905,"0131",14,36,41,-22,-27
3905,"0135",182,71,95,111,87
3906,"0131",218,190,168,28,50
3906,"0135",324,138,164,186,160
3907,"0131",15,2,3,13,12
3907,"0135",5,3,6,2,-1
3908,"0131",1819,953,943,866,876
3908,"0135",1073,555,843,518,230
3909,"0131",1181,871,768,310,413
3909,"0135",1419,738,891,681,528
3910,"0131",1167,905,852,262,315
3910,"0135",1639,817,956,822,683
3911,"0131",961,877,873,84,88
3911,"0135",1885,732,1001,1153,884
3912,"0131",1091,986,980,105,111
3912,"0135",1796,653,862,1143,934
3913,"0131",1455,772,798,683,657
3913,"0135",1132,633,865,499,267
3914,"0131",1725,791,913,934,812
3914,"0135",1144,655,955,489,189
3915,"0131",842,651,645,191,197
3915,"0135",1148,322,635,826,513
3916,"0131",1115,586,559,529,556
3916,"0135",602,405,545,197,57
3917,"0131",1480,931,941,549,539
3917,"0135",1417,571,878,846,539
3918,"0131",215,586,467,-371,-252
3918,"0135",1229,438,501,791,728
3919,"0131",1436,648,948,788,488
3919,"0135",1440,500,934,940,506
3920,"0131",674,306,357,368,317
3920,"0135",534,274,417,260,117
3921,"0131",863,785,949,78,-86
3921,"0135",1461,415,548,1046,913
3922,"0131",2152,1087,1467,1065,685
3922,"0135",1623,555,984,1068,639
3923,"0131",1288,1255,1250,33,38
3923,"0135",1919,590,880,1329,1039
3924,"0131",1465,1034,1051,431,414
3924,"0135",1388,576,854,812,534
3925,"0131",1819,1092,1384,727,435
3925,"0135",1525,439,867,1086,658
3926,"0131",1347,1108,1129,239,218
3926,"0135",1520,497,745,1023,775
3927,"0131",852,867,875,-15,-23
3927,"0135",1433,397,589,1036,844
3928,"0131",1881,1145,1156,736,725
3928,"0135",1053,563,737,490,316
3929,"0131",1542,1165,1228,377,314
3929,"0135",1555,470,775,1085,780
3930,"0131",1528,1111,1110,417,418
3930,"0135",1355,549,790,806,565
3931,"0131",1723,991,1350,732,373
3931,"0135",1697,498,888,1199,809
3932,"0131",1069,1005,1013,64,56
3932,"0135",1507,522,709,985,798
3933,"0131",460,788,692,-328,-232
3933,"0135",1250,357,440,893,810
3934,"0131",783,975,1031,-192,-248
3934,"0135",1259,215,354,1044,905
3935,"0131",1684,1058,1737,626,-53
3935,"0135",1854,385,656,1469,1198
3936,"0131",814,569,900,245,-86
3936,"0135",913,98,239,815,674
3937,"0131",1617,1308,1374,309,243
3937,"0135",1264,340,516,924,748
3938,"0131",737,789,873,-52,-136
3938,"0135",991,180,310,811,681
3939,"0131",1239,1074,1242,165,-3
3939,"0135",1311,214,457,1097,854
3940,"0131",1684,1451,1535,233,149
3940,"0135",1507,397,583,1110,924
3941,"0131",1351,1294,1118,57,233
3941,"0135",928,361,381,567,547
3942,"0131",1257,1193,1355,64,-98
3942,"0135",1549,278,492,1271,1057
3943,"0131",1281,1113,1165,168,116
3943,"0135",1009,281,415,728,594
3944,"0131",2115,1904,2054,211,61
3944,"0135",1867,372,654,1495,1213
3945,"0131",1979,1530,1707,449,272
3945,"0135",1461,363,595,1098,866
3946,"0131",1410,1455,1549,-45,-139
3946,"0135",1692,341,541,1351,1151
3947,"0131",1065,809,826,256,239
3947,"0135",667,256,285,411,382
3948,"0131",1338,1196,1257,142,81
3948,"0135",1249,319,454,930,795
3949,"0131",1063,820,885,243,178
3949,"0135",700,203,298,497,402
3950,"0131",1455,1424,1473,31,-18
3950,"0135",1386,265,424,1121,962
3951,"0131",1334,1182,1504,152,-170
3951,"0135",1569,221,443,1348,1126
3952,"0131",1573,1460,1672,113,-99
3952,"0135",1582,280,433,1302,1149
3953,"0131",1776,1588,1608,188,168
3953,"0135",1365,308,458,1057,907
3954,"0131",498,664,698,-166,-200
3954,"0135",915,148,236,767,679
3955,"0131",1445,1442,1491,3,-46
3955,"0135",1439,280,421,1159,1018
3956,"0131",680,748,1048,-68,-368
3956,"0135",1617,124,288,1493,1329
3957,"0131",1556,1137,1222,419,334
3957,"0135",960,218,337,742,623
3958,"0131",486,1163,698,-677,-212
3958,"0135",915,226,214,689,701
3959,"0131",1702,1500,1485,202,217
3959,"0135",1187,303,433,884,754
3960,"0131",1851,1602,1508,249,343
3960,"0135",1046,273,429,773,617
3961,"0131",1434,1442,1749,-8,-315
3961,"0135",2032,376,522,1656,1510
3962,"0131",1615,1352,1562,263,53
3962,"0135",1231,231,426,1000,805
3963,"0131",1087,1655,1587,-568,-500
3963,"0135",1969,367,453,1602,1516
3964,"0131",1641,1431,1455,210,186
3964,"0135",1207,308,437,899,770
3965,"0131",1387,1285,1469,102,-82
3965,"0135",1468,252,424,1216,1044
3966,"0131",1838,1446,1523,392,315
3966,"0135",1016,269,405,747,611
3967,"0131",1280,1598,1751,-318,-471
3967,"0135",2166,392,570,1774,1596
3968,"0131",2000,1617,1656,383,344
3968,"0135",1086,440,455,646,631
3969,"0131",1495,1486,1689,9,-194
3969,"0135",1662,273,462,1389,1200
3970,"0131",1294,1625,1643,-331,-349
3970,"0135",1834,307,484,1527,1350
3971,"0131",1775,1670,1755,105,20
3971,"0135",1539,312,469,1227,1070
3972,"0131",1204,1122,1213,82,-9
3972,"0135",814,122,237,692,577
3973,"0131",1568,1607,1722,-39,-154
3973,"0135",1175,186,309,989,866
3974,"0131",1740,1547,1668,193,72
3974,"0135",1119,224,339,895,780
3975,"0131",1191,1468,1677,-277,-486
3975,"0135",1911,162,332,1749,1579
3976,"0131",1488,1491,1459,-3,29
3976,"0135",1064,161,343,903,721
3977,"0131",1220,1375,1430,-155,-210
3977,"0135",1343,210,367,1133,976
3978,"0131",1504,1625,1753,-121,-249
3978,"0135",1319,196,319,1123,1000
3979,"0131",814,898,960,-84,-146
3979,"0135",865,161,231,704,634
3980,"0131",740,805,1287,-65,-547
3980,"0135",1391,81,275,1310,1116
3981,"0131",855,910,837,-55,18
3981,"0135",1119,413,492,706,627
3982,"0131",769,649,924,120,-155
3982,"0135",1553,295,690,1258,863
3983,"0131",268,421,453,-153,-185
3983,"0135",887,264,383,623,504
3984,"0131",917,956,1069,-39,-152
3984,"0135",1645,539,704,1106,941
3985,"0131",1948,1263,1271,685,677
3985,"0135",1199,685,893,514,306
3986,"0131",795,782,774,13,21
3986,"0135",1207,504,474,703,733
3987,"0131",780,601,556,179,224
3987,"0135",623,392,432,231,191
3988,"0131",770,451,455,319,315
3988,"0135",291,188,302,103,-11
3989,"0131",1529,1476,1451,53,78
3989,"0135",1663,450,659,1213,1004
3990,"0131",802,613,652,189,150
3990,"0135",611,187,307,424,304
3991,"0131",1101,737,927,364,174
3991,"0135",888,202,385,686,503
3992,"0131",743,917,821,-174,-78
3992,"0135",1027,261,344,766,683
3993,"0131",1963,1563,1667,400,296
3993,"0135",1696,605,746,1091,950
3994,"0131",1281,908,991,373,290
3994,"0135",737,265,359,472,378
3995,"0131",1151,1239,1309,-88,-158
3995,"0135",1730,371,548,1359,1182
3996,"0131",954,874,961,80,-7
3996,"0135",1047,289,379,758,668
3997,"0131",583,494,576,89,7
3997,"0135",666,174,235,492,431
3998,"0131",1363,1243,1390,120,-27
3998,"0135",1520,386,515,1134,1005
3999,"0131",2006,1279,1407,727,599
3999,"0135",881,358,535,523,346
4000,"0131",1533,1315,1259,218,274
4000,"0135",1038,346,475,692,563
4001,"0131",1156,756,1366,400,-210
4001,"0135",1666,185,468,1481,1198
4002,"0131",1056,640,1251,416,-195
4002,"0135",1507,198,431,1309,1076
4003,"0131",433,543,572,-110,-139
4003,"0135",712,140,207,572,505
4004,"0131",1831,1409,1562,422,269
4004,"0135",1313,329,557,984,756
4005,"0131",1159,1387,1397,-228,-238
4005,"0135",1601,339,440,1262,1161
4006,"0131",1346,858,875,488,471
4006,"0135",924,635,654,289,270
4007,"0131",865,557,591,308,274
4007,"0135",781,422,515,359,266
4008,"0131",1131,1020,1038,111,93
4008,"0135",1677,635,874,1042,803
4009,"0131",1509,942,973,567,536
4009,"0135",1278,654,985,624,293
4010,"0131",1291,887,962,404,329
4010,"0135",1472,628,916,844,556
4011,"0131",1341,938,946,403,395
4011,"0135",1208,642,792,566,416
4012,"0131",903,674,670,229,233
4012,"0135",1249,553,718,696,531
4013,"0131",1570,898,876,672,694
4013,"0135",939,576,778,363,161
4014,"0131",1158,769,757,389,401
4014,"0135",1104,604,793,500,311
4015,"0131",1151,866,859,285,292
4015,"0135",1378,637,822,741,556
4016,"0131",1375,960,941,415,434
4016,"0135",1459,755,945,704,514
4017,"0131",1513,994,981,519,532
4017,"0135",1310,720,934,590,376
4018,"0131",1784,748,951,1036,833
4018,"0135",1037,580,895,457,142
4019,"0131",1302,725,714,577,588
4019,"0135",626,574,579,52,47
4020,"0131",1510,1002,1020,508,490
4020,"0135",1328,686,874,642,454
4021,"0131",801,772,789,29,12
4021,"0135",1409,570,727,839,682
4022,"0131",1588,1391,1487,197,101
4022,"0135",2378,910,1207,1468,1171
4023,"0131",1150,1045,1034,105,116
4023,"0135",1910,828,1041,1082,869
4024,"0131",2050,1008,1006,1042,1044
4024,"0135",994,684,903,310,91
4025,"0131",794,725,623,69,171
4025,"0135",894,506,558,388,336
4026,"0131",1400,625,780,775,620
4026,"0135",831,537,665,294,166
4027,"0131",464,398,423,66,41
4027,"0135",760,270,325,490,435
4028,"0131",1222,807,767,415,455
4028,"0135",922,536,679,386,243
4029,"0131",1288,792,856,496,432
4029,"0135",1275,710,852,565,423
4030,"0131",519,497,523,22,-4
4030,"0135",880,346,440,534,440
4031,"0131",917,932,921,-15,-4
4031,"0135",1588,609,800,979,788
4032,"0131",1213,852,838,361,375
4032,"0135",1040,525,663,515,377
4033,"0131",1529,1155,1132,374,397
4033,"0135",1566,771,921,795,645
4034,"0131",2023,1088,1097,935,926
4034,"0135",1075,786,994,289,81
4035,"0131",1583,1053,1041,530,542
4035,"0135",1453,736,988,717,465
4036,"0131",1226,1118,1124,108,102
4036,"0135",1805,701,906,1104,899
4037,"0131",352,444,458,-92,-106
4037,"0135",909,337,436,572,473
4038,"0131",954,695,736,259,218
4038,"0135",1922,1079,1329,843,593
4039,"0131",1027,349,580,678,447
4039,"0135",1570,704,1304,866,266
4040,"0131",1075,536,610,539,465
4040,"0135",1518,883,1240,635,278
4041,"0131",1842,662,680,1180,1162
4041,"0135",1231,1112,1390,119,-159
4042,"0131",1189,664,684,525,505
4042,"0135",1688,1101,1387,587,301
4043,"0131",1030,598,620,432,410
4043,"0135",1519,1033,1229,486,290
4044,"0131",1003,504,571,499,432
4044,"0135",1563,813,1240,750,323
4045,"0131",1668,697,724,971,944
4045,"0135",1167,1042,1298,125,-131
4046,"0131",1426,530,472,896,954
4046,"0135",783,1053,1089,-270,-306
4047,"0131",1335,575,578,760,757
4047,"0135",957,866,1095,91,-138
4048,"0131",250,329,327,-79,-77
4048,"0135",1165,574,695,591,470
4049,"0131",572,237,253,335,319
4049,"0135",467,389,512,78,-45
4050,"0131",1221,428,498,793,723
4050,"0135",1049,903,1160,146,-111
4051,"0131",626,465,448,161,178
4051,"0135",1371,823,1010,548,361
4052,"0131",1529,560,587,969,942
4052,"0135",1033,969,1252,64,-219
4053,"0131",760,359,366,401,394
4053,"0135",981,703,905,278,76
4054,"0131",624,281,311,343,313
4054,"0135",610,508,611,102,-1
4055,"0131",234,285,303,-51,-69
4055,"0135",616,214,302,402,314
4056,"0131",1021,516,534,505,487
4056,"0135",626,476,615,150,11
4057,"0131",1336,813,812,523,524
4057,"0135",1431,885,1109,546,322
4058,"0131",1209,774,806,435,403
4058,"0135",1319,749,956,570,363
4059,"0131",1537,1031,1026,506,511
4059,"0135",2142,1160,1492,982,650
4060,"0131",907,491,519,416,388
4060,"0135",788,500,621,288,167
4061,"0131",1383,887,896,496,487
4061,"0135",1442,806,1021,636,421
4062,"0131",1088,803,812,285,276
4062,"0135",1430,747,938,683,492
4063,"0131",1751,799,882,952,869
4063,"0135",1047,914,1031,133,16
4064,"0131",581,421,437,160,144
4064,"0135",800,448,554,352,246
4065,"0131",524,231,251,293,273
4065,"0135",315,266,340,49,-25
4066,"0131",1467,939,922,528,545
4066,"0135",1562,962,1179,600,383
4067,"0131",1624,999,968,625,656
4067,"0135",1418,807,1121,611,297
4068,"0131",975,636,689,339,286
4068,"0135",1246,694,864,552,382
4069,"0131",1132,633,665,499,467
4069,"0135",1117,671,877,446,240
4070,"0131",356,349,363,7,-7
4070,"0135",774,312,424,462,350
4071,"0131",1034,521,546,513,488
4071,"0135",991,724,922,267,69
4072,"0131",1641,759,725,882,916
4072,"0135",1217,1147,1362,70,-145
4073,"0131",1680,745,774,935,906
4073,"0135",1246,1074,1349,172,-103
4074,"0131",1015,437,404,578,611
4074,"0135",686,572,820,114,-134
4075,"0131",1575,658,717,917,858
4075,"0135",1270,1038,1327,232,-57
4076,"0131",180,293,296,-113,-116
4076,"0135",972,410,505,562,467
4077,"0131",1405,675,696,730,709
4077,"0135",1486,1115,1384,371,102
4078,"0131",948,459,465,489,483
4078,"0135",797,622,808,175,-11
4079,"0131",1445,632,665,813,780
4079,"0135",1138,959,1219,179,-81
4080,"0131",595,276,281,319,314
4080,"0135",545,432,545,113,0
4081,"0131",609,431,447,178,162
4081,"0135",1088,600,770,488,318
4082,"0131",843,384,387,459,456
4082,"0135",855,640,800,215,55
4083,"0131",1221,646,660,575,561
4083,"0135",1512,1013,1279,499,233
4084,"0131",751,664,656,87,95
4084,"0135",965,437,551,528,414
4085,"0131",1538,872,894,666,644
4085,"0135",1036,701,889,335,147
4086,"0131",618,748,771,-130,-153
4086,"0135",1337,1087,622,250,715
4087,"0131",1293,969,997,324,296
4087,"0135",1548,769,968,779,580
4088,"0131",1607,1084,1115,523,492
4088,"0135",1534,852,1058,682,476
4089,"0131",1395,898,1036,497,359
4089,"0135",1438,727,905,711,533
4090,"0131",1352,881,1017,471,335
4090,"0135",1524,760,911,764,613
4091,"0131",2039,1271,1263,768,776
4091,"0135",1390,927,1134,463,256
4092,"0131",1143,865,939,278,204
4092,"0135",1423,656,856,767,567
4093,"0131",1527,1191,1190,336,337
4093,"0135",1595,756,1022,839,573
4094,"0131",1185,598,612,587,573
4094,"0135",498,430,553,68,-55
4095,"0131",503,345,557,158,-54
4095,"0135",1174,304,584,870,590
4096,"0131",463,373,360,90,103
4096,"0135",553,317,338,236,215
4097,"0131",683,466,722,217,-39
4097,"0135",1101,539,723,562,378
4098,"0131",1295,786,1043,509,252
4098,"0135",1282,969,1036,313,246
4099,"0131",721,606,768,115,-47
4099,"0135",1040,621,705,419,335
4100,"0131",725,524,684,201,41
4100,"0135",1013,582,707,431,306
4101,"0131",580,387,499,193,81
4101,"0135",590,347,459,243,131
4102,"0131",450,231,289,219,161
4102,"0135",227,197,148,30,79
4103,"0131",63,0,57,63,6
4103,"0135",81,0,53,81,28
4104,"0131",65,35,76,30,-11
4104,"0135",153,60,88,93,65
4105,"0131",7,0,29,7,-22
4105,"0135",86,0,29,86,57
4106,"0131",61,19,46,42,15
4106,"0135",113,30,92,83,21
4107,"0131",420,157,259,263,161
4107,"0135",158,86,174,72,-16
4108,"0131",175,64,97,111,78
4108,"0135",4,36,57,-32,-53
4109,"0131",46,13,30,33,16
4109,"0135",49,22,52,27,-3
4110,"0131",102,113,149,-11,-47
4110,"0135",304,110,173,194,131
4111,"0131",525,261,268,264,257
4111,"0135",515,435,484,80,31
4112,"0131",460,237,228,223,232
4112,"0135",640,490,554,150,86
4113,"0131",501,362,348,139,153
4113,"0135",1103,724,793,379,310
4114,"0131",555,322,313,233,242
4114,"0135",805,612,697,193,108
4115,"0131",738,536,597,202,141
4115,"0135",2002,1145,1408,857,594
4116,"0131",1082,565,504,517,578
4116,"0135",1072,1069,1048,3,24
4117,"0131",231,253,270,-22,-39
4117,"0135",858,453,511,405,347
4118,"0131",497,210,306,287,191
4118,"0135",854,648,697,206,157
4119,"0131",171,102,40,69,131
4119,"0135",101,250,163,-149,-62
4120,"0131",566,375,388,191,178
4120,"0135",1062,821,814,241,248
4121,"0131",1053,388,385,665,668
4121,"0135",547,689,754,-142,-207
4122,"0131",623,244,220,379,403
4122,"0135",404,483,560,-79,-156
4123,"0131",859,494,521,365,338
4123,"0135",1513,1004,1171,509,342
4124,"0131",517,275,257,242,260
4124,"0135",569,500,548,69,21
4125,"0131",1084,483,501,601,583
4125,"0135",1333,1238,1282,95,51
4126,"0131",361,194,177,167,184
4126,"0135",458,409,430,49,28
4127,"0131",687,368,373,319,314
4127,"0135",919,693,791,226,128
4128,"0131",849,329,313,520,536
4128,"0135",467,562,637,-95,-170
4129,"0131",1817,776,674,1041,1143
4129,"0135",1056,1307,1402,-251,-346
4130,"0131",1393,572,591,821,802
4130,"0135",1043,922,1199,121,-156
4131,"0131",704,385,406,319,298
4131,"0135",864,655,745,209,119
4132,"0131",567,422,432,145,135
4132,"0135",1271,841,914,430,357
4133,"0131",2177,769,817,1408,1360
4133,"0135",1373,1470,1751,-97,-378
4134,"0131",1066,661,523,405,543
4134,"0135",1618,1244,1437,374,181
4135,"0131",847,462,426,385,421
4135,"0135",1240,957,1075,283,165
4136,"0131",721,258,249,463,472
4136,"0135",344,469,522,-125,-178
4137,"0131",142,83,39,59,103
4137,"0135",118,174,148,-56,-30
4138,"0131",563,282,435,281,128
4138,"0135",788,381,538,407,250
4139,"0131",556,355,359,201,197
4139,"0135",534,380,418,154,116
4140,"0131",937,610,573,327,364
4140,"0135",803,615,611,188,192
4141,"0131",1088,619,627,469,461
4141,"0135",998,709,797,289,201
4142,"0131",313,277,259,36,54
4142,"0135",473,236,266,237,207
4143,"0131",1264,800,792,464,472
4143,"0135",1354,910,1028,444,326
4144,"0131",467,198,202,269,265
4144,"0135",257,226,281,31,-24
4145,"0131",542,309,282,233,260
4145,"0135",559,515,554,44,5
4146,"0131",107,147,134,-40,-27
4146,"0135",396,258,277,138,119
4147,"0131",221,135,123,86,98
4147,"0135",220,194,197,26,23
4148,"0131",2,1,1,1,1
4148,"0135",7,7,6,0,1
4149,"0131",570,426,306,144,264
4149,"0135",805,731,672,74,133
4150,"0131",348,87,77,261,271
4150,"0135",62,203,225,-141,-163
4151,"0131",0,2,0,-2,0
4151,"0135",3,2,3,1,0
4152,"0131",205,109,104,96,101
4152,"0135",232,210,237,22,-5
4153,"0131",688,326,385,362,303
4153,"0135",717,592,659,125,58
4154,"0131",547,394,452,153,95
4154,"0135",905,633,679,272,226
4155,"0131",1255,797,886,458,369
4155,"0135",1938,1415,1515,523,423
4156,"0131",724,317,313,407,411
4156,"0135",377,491,532,-114,-155
4157,"0131",1193,867,862,326,331
4157,"0135",1908,1418,1500,490,408
4158,"0131",757,475,432,282,325
4158,"0135",640,700,623,-60,17
4159,"0131",745,296,301,449,444
4159,"0135",368,480,524,-112,-156
4160,"0131",1649,836,911,813,738
4160,"0135",1474,1398,1460,76,14
4161,"0131",1516,784,870,732,646
4161,"0135",1332,1255,1274,77,58
4162,"0131",1188,584,644,604,544
4162,"0135",1075,938,1021,137,54
4163,"0131",841,413,469,428,372
4163,"0135",848,738,791,110,57
4164,"0131",600,437,453,163,147
4164,"0135",1126,795,854,331,272
4165,"0131",703,223,350,480,353
4165,"0135",476,401,561,75,-85
4166,"0131",41,19,21,22,20
4166,"0135",74,59,64,15,10
4167,"0131",307,139,184,168,123
4167,"0135",126,104,141,22,-15
4168,"0131",100,48,70,52,30
4168,"0135",46,24,37,22,9
4169,"0131",423,214,221,209,202
4169,"0135",258,248,268,10,-10
4170,"0131",224,73,113,151,111
4170,"0135",213,158,174,55,39
4171,"0131",209,121,152,88,57
4171,"0135",267,198,238,69,29
4172,"0131",0,0,2,0,-2
4172,"0135",16,7,12,9,4
4173,"0131",582,355,386,227,196
4173,"0135",541,508,520,33,21
4174,"0131",107,131,150,-24,-43
4174,"0135",281,143,159,138,122
4175,"0131",0,4,0,-4,0
4175,"0135",0,1,0,-1,0
4176,"0131",13,9,15,4,-2
4176,"0135",33,17,22,16,11
4177,"0131",158,117,115,41,43
4177,"0135",170,61,118,109,52
4178,"0131",713,543,696,170,17
4178,"0135",1225,842,814,383,411
4179,"0131",140,105,111,35,29
4179,"0135",153,92,118,61,35
4180,"0131",0,12,0,-12,0
4180,"0135",0,34,0,-34,0
4181,"0131",171,53,60,118,111
4181,"0135",43,71,95,-28,-52
4182,"0131",676,348,342,328,334
4182,"0135",977,686,846,291,131
4183,"0131",1119,332,344,787,775
4183,"0135",548,784,876,-236,-328
4184,"0131",798,329,363,469,435
4184,"0135",748,760,724,-12,24
4185,"0131",826,258,252,568,574
4185,"0135",579,666,765,-87,-186
4186,"0131",879,341,336,538,543
4186,"0135",807,756,864,51,-57
4187,"0131",1229,467,454,762,775
4187,"0135",916,951,1052,-35,-136
4188,"0131",249,259,264,-10,-15
4188,"0135",850,417,479,433,371
4189,"0131",580,325,334,255,246
4189,"0135",805,537,621,268,184
4190,"0131",1217,532,502,685,715
4190,"0135",959,838,950,121,9
4191,"0131",670,335,342,335,328
4191,"0135",662,515,560,147,102
4192,"0131",720,612,579,108,141
4192,"0135",1193,643,680,550,513
4193,"0131",391,236,243,155,148
4193,"0135",430,264,286,166,144
4194,"0131",609,321,285,288,324
4194,"0135",436,318,389,118,47
4195,"0131",1361,904,830,457,531
4195,"0135",1379,837,959,542,420
4196,"0131",161,159,155,2,6
4196,"0135",366,167,189,199,177
4197,"0131",599,533,513,66,86
4197,"0135",1053,509,575,544,478
4198,"0131",768,515,485,253,283
4198,"0135",895,469,538,426,357
4199,"0131",486,84,145,402,341
4199,"0135",86,195,222,-109,-136
4200,"0131",234,177,169,57,65
4200,"0135",313,141,163,172,150
4201,"0131",289,204,202,85,87
4201,"0135",280,161,179,119,101
4202,"0131",1191,723,676,468,515
4202,"0135",1037,640,751,397,286
4203,"0131",585,355,367,230,218
4203,"0135",494,286,339,208,155
4204,"0131",529,463,464,66,65
4204,"0135",848,342,384,506,464
4205,"0131",200,184,194,16,6
4205,"0135",362,151,176,211,186
4206,"0131",81,185,177,-104,-96
4206,"0135",477,147,179,330,298
4207,"0131",40,32,30,8,10
4207,"0135",47,26,29,21,18
4208,"0131",1085,550,526,535,559
4208,"0135",616,478,563,138,53
4209,"0131",936,556,539,380,397
4209,"0135",742,474,553,268,189
4210,"0131",593,339,334,254,259
4210,"0135",558,307,343,251,215
4211,"0131",1475,1052,1028,423,447
4211,"0135",1910,966,1073,944,837
4212,"0131",1167,867,908,300,259
4212,"0135",1638,769,900,869,738
4213,"0131",1075,540,511,535,564
4213,"0135",558,399,494,159,64
4214,"0131",1025,511,478,514,547
4214,"0135",643,494,563,149,80
4215,"0131",621,268,237,353,384
4215,"0135",133,220,258,-87,-125
4216,"0131",1544,865,890,679,654
4216,"0135",1188,713,795,475,393
4217,"0131",1053,556,525,497,528
4217,"0135",632,452,552,180,80
4218,"0131",1033,831,803,202,230
4218,"0135",1467,653,721,814,746
4219,"0131",690,350,343,340,347
4219,"0135",416,297,339,119,77
4220,"0131",687,354,356,333,331
4220,"0135",418,289,343,129,75
4221,"0131",1504,766,741,738,763
4221,"0135",660,580,643,80,17
4222,"0131",126,212,213,-86,-87
4222,"0135",485,145,165,340,320
4223,"0131",119,57,62,62,57
4223,"0135",42,40,51,2,-9
4224,"0131",2,3,2,-1,0
4224,"0135",7,5,0,2,7
4225,"0131",203,262,252,-59,-49
4225,"0135",513,177,219,336,294
4226,"0131",441,394,389,47,52
4226,"0135",657,289,315,368,342
4227,"0131",876,456,476,420,400
4227,"0135",502,389,432,113,70
4228,"0131",157,85,86,72,71
4228,"0135",112,76,91,36,21
4229,"0131",836,435,382,401,454
4229,"0135",790,502,581,288,209
4230,"0131",1205,768,732,437,473
4230,"0135",747,505,583,242,164
4231,"0131",303,343,334,-40,-31
4231,"0135",567,232,249,335,318
4232,"0131",165,184,189,-19,-24
4232,"0135",263,91,97,172,166
4233,"0131",26,7,7,19,19
4233,"0135",5,9,9,-4,-4
4234,"0131",852,483,505,369,347
4234,"0135",822,353,522,469,300
4235,"0131",452,272,262,180,190
4235,"0135",495,248,309,247,186
4236,"0131",1,7,7,-6,-6
4236,"0135",33,11,11,22,22
4237,"0131",61,12,15,49,46
4237,"0135",36,38,54,-2,-18
4238,"0131",15,2,8,13,7
4238,"0135",26,16,20,10,6
4239,"0131",0,1,0,-1,0
4239,"0135",0,4,0,-4,0
4240,"0131",46,67,55,-21,-9
4240,"0135",166,58,76,108,90
4241,"0131",19,14,15,5,4
4241,"0135",52,28,35,24,17
4242,"0131",6,2,3,4,3
4242,"0135",12,4,10,8,2
4243,"0131",213,61,73,152,140
4243,"0135",194,115,158,79,36
4244,"0131",10,2,4,8,6
4244,"0135",1,2,3,-1,-2
4245,"0131",375,576,595,-201,-220
4245,"0135",1021,320,406,701,615
4246,"0131",1547,1097,1119,450,428
4246,"0135",1489,859,1044,630,445
4247,"0131",996,1058,1015,-62,-19
4247,"0135",1969,844,1084,1125,885
4248,"0131",1738,1128,1138,610,600
4248,"0135",1266,813,1040,453,226
4249,"0131",822,452,456,370,366
4249,"0135",536,408,460,128,76
4250,"0131",691,380,387,311,304
4250,"0135",396,314,381,82,15
4251,"0131",906,955,783,-49,123
4251,"0135",1255,645,766,610,489
4252,"0131",896,609,613,287,283
4252,"0135",774,478,574,296,200
4253,"0131",1573,896,927,677,646
4253,"0135",916,737,879,179,37
4254,"0131",602,596,585,6,17
4254,"0135",1015,476,554,539,461
4255,"0131",366,387,394,-21,-28
4255,"0135",688,288,338,400,350
4256,"0131",22,55,53,-33,-31
4256,"0135",85,21,34,64,51
4257,"0131",53,103,102,-50,-49
4257,"0135",160,40,54,120,106
4258,"0131",69,54,48,15,21
4258,"0135",131,76,103,55,28
4259,"0131",762,372,402,390,360
4259,"0135",372,268,368,104,4
4260,"0131",9,3,7,6,2
4260,"0135",11,7,7,4,4
4261,"0131",930,299,320,631,610
4261,"0135",190,343,440,-153,-250
4262,"0131",174,119,130,55,44
4262,"0135",271,130,172,141,99
4263,"0131",5,103,106,-98,-101
4263,"0135",238,60,75,178,163
4264,"0131",692,329,367,363,325
4264,"0135",644,468,597,176,47
4265,"0131",1056,310,350,746,706
4265,"0135",661,1007,823,-346,-162
4266,"0131",496,186,229,310,267
4266,"0135",604,685,539,-81,65
4267,"0131",555,157,197,398,358
4267,"0135",285,518,401,-233,-116
4268,"0131",145,90,102,55,43
4268,"0135",336,257,221,79,115
4269,"0131",75,15,25,60,50
4269,"0135",40,53,67,-13,-27
4270,"0131",139,48,59,91,80
4270,"0135",75,88,109,-13,-34
4271,"0131",1133,256,297,877,836
4271,"0135",515,902,1009,-387,-494
4272,"0131",1191,332,359,859,832
4272,"0135",992,1174,1335,-182,-343
4273,"0131",562,262,277,300,285
4273,"0135",1049,840,965,209,84
4274,"0131",1005,341,401,664,604
4274,"0135",1234,1235,1318,-1,-84
4275,"0131",285,77,151,208,134
4275,"0135",530,254,487,276,43
4276,"0131",1580,403,457,1177,1123
4276,"0135",893,1014,1439,-121,-546
4277,"0131",764,334,330,430,434
4277,"0135",1125,1040,1175,85,-50
4278,"0131",0,41,0,-41,0
4278,"0135",0,108,0,-108,0
4279,"0131",1257,648,806,609,451
4279,"0135",1503,785,1104,718,399
4280,"0131",699,545,619,154,80
4280,"0135",1521,832,966,689,555
4281,"0131",1899,813,983,1086,916
4281,"0135",1469,1177,1397,292,72
4282,"0131",1020,473,557,547,463
4282,"0135",908,710,850,198,58
4283,"0131",703,378,463,325,240
4283,"0135",895,572,676,323,219
4284,"0131",563,251,292,312,271
4284,"0135",516,387,453,129,63
4285,"0131",388,136,155,252,233
4285,"0135",168,187,239,-19,-71
4286,"0131",489,437,506,52,-17
4286,"0135",1173,606,712,567,461
4287,"0131",1434,710,840,724,594
4287,"0135",1360,950,1096,410,264
4288,"0131",1438,611,762,827,676
4288,"0135",1078,877,1070,201,8
4289,"0131",100,141,173,-41,-73
4289,"0135",427,177,217,250,210
4290,"0131",108,66,80,42,28
4290,"0135",177,107,133,70,44
4291,"0131",933,430,526,503,407
4291,"0135",768,578,685,190,83
4292,"0131",909,505,678,404,231
4292,"0135",1310,692,1000,618,310
4293,"0131",1193,759,861,434,332
4293,"0135",1295,712,883,583,412
4294,"0131",750,396,484,354,266
4294,"0135",588,420,514,168,74
4295,"0131",631,462,493,169,138
4295,"0135",741,399,493,342,248
4296,"0131",1255,828,1025,427,230
4296,"0135",1528,873,951,655,577
4297,"0131",808,473,602,335,206
4297,"0135",854,488,596,366,258
4298,"0131",992,428,491,564,501
4298,"0135",568,617,623,-49,-55
4299,"0131",369,358,412,11,-43
4299,"0135",1030,421,597,609,433
4300,"0131",341,189,234,152,107
4300,"0135",499,320,370,179,129
4301,"0131",1253,408,477,845,776
4301,"0135",436,592,722,-156,-286
4302,"0131",508,415,464,93,44
4302,"0135",1167,620,710,547,457
4303,"0131",948,658,712,290,236
4303,"0135",1607,979,1080,628,527
4304,"0131",849,383,487,466,362
4304,"0135",843,559,696,284,147
4305,"0131",801,391,451,410,350
4305,"0135",767,571,682,196,85
4306,"0131",50,26,30,24,20
4306,"0135",28,21,28,7,0
4307,"0131",399,230,237,169,162
4307,"0135",474,263,425,211,49
4308,"0131",15,4,8,11,7
4308,"0135",28,24,27,4,1
4309,"0131",392,142,175,250,217
4309,"0135",489,355,450,134,39
4310,"0131",170,40,56,130,114
4310,"0135",170,151,186,19,-16
4311,"0131",16,54,63,-38,-47
4311,"0135",159,59,71,100,88
4312,"0131",248,305,319,-57,-71
4312,"0135",767,353,481,414,286
4313,"0131",1,2,7,-1,-6
4313,"0135",19,6,10,13,9
4314,"0131",125,82,98,43,27
4314,"0135",251,147,189,104,62
4315,"0131",286,184,201,102,85
4315,"0135",466,330,394,136,72
4316,"0131",267,129,156,138,111
4316,"0135",335,252,300,83,35
4317,"0131",221,139,179,82,42
4317,"0135",558,306,361,252,197
4318,"0131",7,0,1,7,6
4318,"0135",8,0,11,8,-3
4319,"0131",357,151,166,206,191
4319,"0135",263,323,302,-60,-39
4320,"0131",459,189,211,270,248
4320,"0135",204,272,297,-68,-93
4321,"0131",821,568,556,253,265
4321,"0135",680,332,447,348,233
4322,"0131",411,346,366,65,45
4322,"0135",466,193,263,273,203
4323,"0131",2,2,8,0,-6
4323,"0135",26,3,11,23,15
4324,"0131",37,12,26,25,11
4324,"0135",100,52,76,48,24
4325,"0131",1349,881,937,468,412
4325,"0135",936,411,750,525,186
4326,"0131",1112,0,823,1112,289
4326,"0135",1174,0,838,1174,336
4327,"0131",2114,1242,1127,872,987
4327,"0135",1329,1064,1294,265,35
4328,"0131",945,816,773,129,172
4328,"0135",1305,648,843,657,462
4329,"0131",2424,875,1492,1549,932
4329,"0135",2190,784,1811,1406,379
4330,"0131",1877,0,1428,1877,449
4330,"0135",2102,0,1535,2102,567
4331,"0131",1731,1314,1272,417,459
4331,"0135",1701,947,1219,754,482
4332,"0131",1223,0,1015,1223,208
4332,"0135",1632,0,1132,1632,500
4333,"0131",764,0,456,764,308
4333,"0135",662,0,614,662,48
4334,"0131",756,0,639,756,117
4334,"0135",954,0,626,954,328
4335,"0131",1441,1005,966,436,475
4335,"0135",1447,908,1140,539,307
4336,"0131",1510,671,1196,839,314
4336,"0135",1697,471,1153,1226,544
4337,"0131",923,0,738,923,185
4337,"0135",1048,0,696,1048,352
4338,"0131",1506,0,1328,1506,178
4338,"0135",2160,0,1391,2160,769
4339,"0131",1279,889,848,390,431
4339,"0135",964,599,802,365,162
4340,"0131",880,0,559,880,321
4340,"0135",538,0,443,538,95
4341,"0131",1752,0,903,1752,849
4341,"0135",823,0,968,823,-145
4342,"0131",430,0,408,430,22
4342,"0135",730,0,468,730,262
4343,"0131",328,332,313,-4,15
4343,"0135",531,200,277,331,254
4344,"0131",1510,0,807,1510,703
4344,"0135",771,0,874,771,-103
4345,"0131",1653,0,980,1653,673
4345,"0135",1140,0,1060,1140,80
4346,"0131",958,0,705,958,253
4346,"0135",1331,0,1036,1331,295
4347,"0131",896,645,625,251,271
4347,"0135",1114,826,908,288,206
4348,"0131",982,385,590,597,392
4348,"0135",708,382,719,326,-11
4349,"0131",1135,1059,1406,76,-271
4349,"0135",1749,353,669,1396,1080
4350,"0131",1471,0,1199,1471,272
4350,"0135",1067,0,689,1067,378
4351,"0131",1098,286,1065,812,33
4351,"0135",1215,128,667,1087,548
4352,"0131",1535,1442,1371,93,164
4352,"0135",1373,648,832,725,541
4353,"0131",764,0,683,764,81
4353,"0135",676,0,395,676,281
4354,"0131",2144,0,1843,2144,301
4354,"0135",1625,0,911,1625,714
4355,"0131",1938,0,1834,1938,104
4355,"0135",2018,0,1054,2018,964
4356,"0131",1015,1416,1365,-401,-350
4356,"0135",1830,591,779,1239,1051
4357,"0131",572,0,809,572,-237
4357,"0135",1158,0,416,1158,742
4358,"0131",1408,288,1469,1120,-61
4358,"0135",1752,122,837,1630,915
4359,"0131",873,0,1100,873,-227
4359,"0135",1452,0,603,1452,849
4360,"0131",253,0,238,253,15
4360,"0135",354,0,231,354,123
4361,"0131",1559,515,1001,1044,558
4361,"0135",1661,704,1565,957,96
4362,"0131",1244,0,598,1244,646
4362,"0135",717,0,977,717,-260
4363,"0131",1121,417,423,704,698
4363,"0135",306,558,708,-252,-402
4364,"0131",693,242,274,451,419
4364,"0135",246,269,500,-23,-254
4365,"0131",1304,1350,1295,-46,9
4365,"0135",1872,685,942,1187,930
4366,"0131",1297,1083,1193,214,104
4366,"0135",1544,582,889,962,655
4367,"0131",1397,1110,1050,287,347
4367,"0135",1482,807,1027,675,455
4368,"0131",1094,1067,844,27,250
4368,"0135",1192,761,837,431,355
4369,"0131",1298,931,1018,367,280
4369,"0135",1556,737,1061,819,495
4370,"0131",1157,437,761,720,396
4370,"0135",824,277,715,547,109
4371,"0131",1078,737,1085,341,-7
4371,"0135",1497,406,794,1091,703
4372,"0131",897,0,646,897,251
4372,"0135",739,0,554,739,185
4373,"0131",2066,731,1555,1335,511
4373,"0135",1452,268,1030,1184,422
4374,"0131",1367,871,984,496,383
4374,"0135",1215,640,914,575,301
4375,"0131",1994,771,1283,1223,711
4375,"0135",1451,527,1237,924,214
4376,"0131",1784,627,1445,1157,339
4376,"0135",1708,356,1123,1352,585
4377,"0131",1874,1313,1407,561,467
4377,"0135",1574,818,1108,756,466
4378,"0131",1287,786,1124,501,163
4378,"0135",1529,516,961,1013,568
4379,"0131",1556,0,1168,1556,388
4379,"0135",1312,0,888,1312,424
4380,"0131",1114,918,894,196,220
4380,"0135",1220,628,813,592,407
4381,"0131",1282,1116,1001,166,281
4381,"0135",1542,807,1060,735,482
4382,"0131",1333,1264,1212,69,121
4382,"0135",1540,731,945,809,595
4383,"0131",903,487,647,416,256
4383,"0135",879,420,612,459,267
4384,"0131",2238,0,1679,2238,559
4384,"0135",1900,0,1469,1900,431
4385,"0131",1922,1022,989,900,933
4385,"0135",986,974,1211,12,-225
4386,"0131",1591,1359,1328,232,263
4386,"0135",1863,1026,1245,837,618
4387,"0131",1635,244,1122,1391,513
4387,"0135",1295,150,1099,1145,196
4388,"0131",1061,0,1010,1061,51
4388,"0135",1526,0,977,1526,549
4389,"0131",942,1138,1097,-196,-155
4389,"0135",1943,841,1038,1102,905
4390,"0131",295,0,214,295,81
4390,"0135",271,0,216,271,55
4391,"0131",512,0,282,512,230
4391,"0135",264,0,283,264,-19
4392,"0131",959,386,449,573,510
4392,"0135",691,591,780,100,-89
4393,"0131",1833,612,735,1221,1098
4393,"0135",998,1050,1315,-52,-317
4394,"0131",711,395,426,316,285
4394,"0135",848,614,747,234,101
4395,"0131",746,264,301,482,445
4395,"0135",328,375,444,-47,-116
4396,"0131",1071,493,558,578,513
4396,"0135",939,724,902,215,37
4397,"0131",962,378,442,584,520
4397,"0135",604,636,678,-32,-74
4398,"0131",508,300,315,208,193
4398,"0135",522,360,458,162,64
4399,"0131",1139,443,479,696,660
4399,"0135",670,682,845,-12,-175
4400,"0131",593,246,264,347,329
4400,"0135",403,397,467,6,-64
4401,"0131",870,229,254,641,616
4401,"0135",155,407,483,-252,-328
4402,"0131",603,329,362,274,241
4402,"0135",759,493,609,266,150
4403,"0131",613,316,360,297,253
4403,"0135",776,801,758,-25,18
4404,"0131",976,362,421,614,555
4404,"0135",658,789,890,-131,-232
4405,"0131",123,124,215,-1,-92
4405,"0135",573,226,352,347,221
4406,"0131",66,126,163,-60,-97
4406,"0135",735,344,442,391,293
4407,"0131",19,0,33,19,-14
4407,"0135",100,0,74,100,26
4408,"0131",591,0,471,591,120
4408,"0135",1625,0,1233,1625,392
4409,"0131",268,0,269,268,-1
4409,"0135",1082,0,781,1082,301
4410,"0131",214,0,104,214,110
4410,"0135",325,0,316,325,9
4411,"0131",131,8,52,123,79
4411,"0135",256,60,281,196,-25
4412,"0131",459,107,236,352,223
4412,"0135",625,261,604,364,21
4413,"0131",257,31,104,226,153
4413,"0135",161,65,246,96,-85
4414,"0131",0,21,16,-21,-16
4414,"0135",137,96,94,41,43
4415,"0131",339,71,102,268,237
4415,"0135",276,226,351,50,-75
4416,"0131",1395,548,706,847,689
4416,"0135",1407,1004,1511,403,-104
4417,"0131",632,327,254,305,378
4417,"0135",464,395,611,69,-147
4418,"0131",1040,486,518,554,522
4418,"0135",1212,1008,1300,204,-88
4419,"0131",939,536,532,403,407
4419,"0135",1277,1010,1229,267,48
4420,"0131",1037,313,351,724,686
4420,"0135",353,618,738,-265,-385
4421,"0131",1605,596,596,1009,1009
4421,"0135",1180,1348,1578,-168,-398
4422,"0131",685,316,332,369,353
4422,"0135",727,692,796,35,-69
4423,"0131",570,297,306,273,264
4423,"0135",701,476,640,225,61
4424,"0131",567,635,536,-68,31
4424,"0135",495,237,263,258,232
4425,"0131",1034,1324,1397,-290,-363
4425,"0135",1633,441,635,1192,998
4426,"0131",960,785,847,175,113
4426,"0135",683,197,374,486,309
4427,"0131",1166,991,1224,175,-58
4427,"0135",1490,397,488,1093,1002
4428,"0131",701,657,849,44,-148
4428,"0135",864,231,262,633,602
4429,"0131",31,27,27,4,4
4429,"0135",23,11,17,12,6
4430,"0131",488,520,423,-32,65
4430,"0135",919,486,612,433,307
4431,"0131",1620,714,789,906,831
4431,"0135",1517,1109,1472,408,45
4432,"0131",1023,677,686,346,337
4432,"0135",1505,1076,1195,429,310
4433,"0131",1641,824,828,817,813
4433,"0135",1201,1046,1268,155,-67
4434,"0131",500,369,373,131,127
4434,"0135",937,527,665,410,272
4435,"0131",1052,741,773,311,279
4435,"0135",1730,1020,1294,710,436
4436,"0131",533,196,296,337,237
4436,"0135",597,419,516,178,81
4437,"0131",546,295,205,251,341
4437,"0135",266,417,382,-151,-116
4438,"0131",1009,384,373,625,636
4438,"0135",403,605,695,-202,-292
4439,"0131",403,210,231,193,172
4439,"0135",470,278,397,192,73
4440,"0131",1093,644,650,449,443
4440,"0135",1142,760,919,382,223
4441,"0131",1022,534,567,488,455
4441,"0135",1169,850,1047,319,122
4442,"0131",1725,730,746,995,979
4442,"0135",1122,1026,1323,96,-201
4443,"0131",703,411,423,292,280
4443,"0135",984,642,779,342,205
4444,"0131",1053,632,656,421,397
4444,"0135",1438,999,1112,439,326
4445,"0131",574,0,475,574,99
4445,"0135",1085,0,719,1085,366
4446,"0131",1611,734,726,877,885
4446,"0135",1200,1057,1330,143,-130
4447,"0131",603,300,290,303,313
4447,"0135",518,459,523,59,-5
4448,"0131",687,465,426,222,261
4448,"0135",936,627,766,309,170
4449,"0131",524,503,498,21,26
4449,"0135",1204,608,731,596,473
4450,"0131",1687,688,674,999,1013
4450,"0135",827,881,1111,-54,-284
4451,"0131",1749,776,758,973,991
4451,"0135",1011,968,1195,43,-184
4452,"0131",693,0,404,693,289
4452,"0135",718,0,659,718,59
4453,"0131",332,201,192,131,140
4453,"0135",503,382,417,121,86
4454,"0131",619,382,360,237,259
4454,"0135",791,487,624,304,167
4455,"0131",193,60,73,133,120
4455,"0135",180,146,178,34,2
4456,"0131",1058,846,824,212,234
4456,"0135",1480,819,981,661,499
4457,"0131",993,869,789,124,204
4457,"0135",1544,910,992,634,552
4458,"0131",1672,1100,1116,572,556
4458,"0135",1757,965,1289,792,468
4459,"0131",1393,885,899,508,494
4459,"0135",1491,880,1121,611,370
4460,"0131",1484,893,890,591,594
4460,"0135",1367,783,1104,584,263
4461,"0131",880,522,526,358,354
4461,"0135",768,543,687,225,81
4462,"0131",101,114,113,-13,-12
4462,"0135",316,164,188,152,128
4463,"0131",1340,1185,1000,155,340
4463,"0135",1174,643,727,531,447
4464,"0131",979,981,960,-2,19
4464,"0135",1641,680,895,961,746
4465,"0131",998,759,770,239,228
4465,"0135",1006,503,655,503,351
4466,"0131",1037,778,800,259,237
4466,"0135",1253,637,841,616,412
4467,"0131",1500,735,1062,765,438
4467,"0135",1349,553,962,796,387
4468,"0131",717,670,677,47,40
4468,"0135",972,402,514,570,458
4469,"0131",2038,1148,1333,890,705
4469,"0135",1396,910,1096,486,300
4470,"0131",752,582,663,170,89
4470,"0135",961,431,562,530,399
4471,"0131",1931,1367,1424,564,507
4471,"0135",1788,898,1157,890,631
4472,"0131",696,383,477,313,219
4472,"0135",732,390,523,342,209
4473,"0131",900,917,932,-17,-32
4473,"0135",1656,642,861,1014,795
4474,"0131",446,678,678,-232,-232
4474,"0135",1253,395,543,858,710
4475,"0131",1135,890,896,245,239
4475,"0135",1364,584,842,780,522
4476,"0131",1092,203,853,889,239
4476,"0135",1154,153,742,1001,412
4477,"0131",240,474,509,-234,-269
4477,"0135",821,218,287,603,534
4478,"0131",1046,835,883,211,163
4478,"0135",901,419,568,482,333
4479,"0131",1651,426,1507,1225,144
4479,"0135",1904,302,1175,1602,729
4480,"0131",1043,397,1146,646,-103
4480,"0135",1933,306,989,1627,944
4481,"0131",1014,734,801,280,213
4481,"0135",942,517,661,425,281
4482,"0131",385,257,263,128,122
4482,"0135",188,102,158,86,30
4483,"0131",507,0,590,507,-83
4483,"0135",685,0,324,685,361
4484,"0131",449,297,247,152,202
4484,"0135",99,232,156,-133,-57
4485,"0131",285,259,255,26,30
4485,"0135",277,131,163,146,114
4486,"0131",230,187,202,43,28
4486,"0135",238,121,155,117,83
4487,"0131",1254,972,859,282,395
4487,"0135",997,544,709,453,288
4488,"0131",1735,578,1169,1157,566
4488,"0135",1232,330,862,902,370
4489,"0131",1596,1392,1351,204,245
4489,"0135",1798,782,1026,1016,772
4490,"0131",1391,783,866,608,525
4490,"0135",846,532,745,314,101
4491,"0131",230,316,322,-86,-92
4491,"0135",557,174,207,383,350
4492,"0131",1313,190,788,1123,525
4492,"0135",1259,199,1107,1060,152
4493,"0131",1604,574,740,1030,864
4493,"0135",962,652,1116,310,-154
4494,"0131",1396,0,890,1396,506
4494,"0135",1743,0,1430,1743,313
4495,"0131",850,477,476,373,374
4495,"0135",834,651,773,183,61
4496,"0131",524,0,237,524,287
4496,"0135",327,0,388,327,-61
4497,"0131",801,0,299,801,502
4497,"0135",136,0,424,136,-288
4498,"0131",875,0,715,875,160
4498,"0135",1916,0,1367,1916,549
4499,"0131",1107,65,361,1042,746
4499,"0135",322,127,693,195,-371
4500,"0131",1880,0,683,1880,1197
4500,"0135",940,0,1411,940,-471
4501,"0131",829,649,752,180,77
4501,"0135",2013,1025,1358,988,655
4502,"0131",1466,0,750,1466,716
4502,"0135",1599,0,1539,1599,60
4503,"0131",478,116,184,362,294
4503,"0135",344,246,440,98,-96
4504,"0131",1619,686,1024,933,595
4504,"0135",2333,1140,1898,1193,435
4505,"0131",1796,0,703,1796,1093
4505,"0135",1146,0,1510,1146,-364
4506,"0131",1444,1633,1815,-189,-371
4506,"0135",1701,315,506,1386,1195
4507,"0131",269,150,333,119,-64
4507,"0135",289,56,84,233,205
4508,"0131",1337,1371,1519,-34,-182
4508,"0135",1249,378,493,871,756
4509,"0131",1653,1260,1259,393,394
4509,"0135",636,278,445,358,191
4510,"0131",1606,0,1655,1606,-49
4510,"0135",1208,0,479,1208,729
4511,"0131",1227,1734,1806,-507,-579
4511,"0135",1900,430,537,1470,1363
4512,"0131",432,583,622,-151,-190
4512,"0135",688,187,191,501,497
4513,"0131",1887,1890,1960,-3,-73
4513,"0135",1541,412,583,1129,958
4514,"0131",377,916,832,-539,-455
4514,"0135",1045,216,240,829,805
4515,"0131",1108,1447,1628,-339,-520
4515,"0135",1708,309,482,1399,1226
4516,"0131",234,165,181,69,53
4516,"0135",57,32,33,25,24
4517,"0131",584,621,657,-37,-73
4517,"0135",529,112,177,417,352
4518,"0131",1296,1704,1701,-408,-405
4518,"0135",2180,463,758,1717,1422
4519,"0131",742,1381,1171,-639,-429
4519,"0135",1591,476,504,1115,1087
4520,"0131",1677,1352,1697,325,-20
4520,"0135",1440,450,559,990,881
4521,"0131",1881,1842,1857,39,24
4521,"0135",2122,587,855,1535,1267
4522,"0131",1420,1462,1473,-42,-53
4522,"0135",1577,454,623,1123,954
4523,"0131",1380,1183,1206,197,174
4523,"0135",863,421,460,442,403
4524,"0131",807,993,1119,-186,-312
4524,"0135",1477,350,491,1127,986
4525,"0131",1073,913,1020,160,53
4525,"0135",983,255,459,728,524
4526,"0131",1269,1465,1329,-196,-60
4526,"0135",1303,456,548,847,755
4527,"0131",601,886,876,-285,-275
4527,"0135",1082,222,356,860,726
4528,"0131",1255,853,837,402,418
4528,"0135",468,276,378,192,90
4529,"0131",1726,1786,1890,-60,-164
4529,"0135",1807,479,674,1328,1133
4530,"0131",782,616,624,166,158
4530,"0135",302,157,223,145,79
4531,"0131",981,803,765,178,216
4531,"0135",432,150,275,282,157
4532,"0131",738,1347,951,-609,-213
4532,"0135",1274,438,483,836,791
4533,"0131",870,1314,1146,-444,-276
4533,"0135",1385,372,492,1013,893
4534,"0131",1260,1298,1173,-38,87
4534,"0135",1300,479,651,821,649
4535,"0131",1432,1579,1552,-147,-120
4535,"0135",2006,594,823,1412,1183
4536,"0131",1925,1716,1759,209,166
4536,"0135",1756,595,917,1161,839
4537,"0131",1108,1111,926,-3,182
4537,"0135",839,405,448,434,391
4538,"0131",266,0,122,266,144
4538,"0135",12,0,73,12,-61
4539,"0131",714,1088,933,-374,-219
4539,"0135",1311,445,509,866,802
4540,"0131",1941,1599,1553,342,388
4540,"0135",1497,552,871,945,626
4541,"0131",835,1066,1067,-231,-232
4541,"0135",1485,458,616,1027,869
4542,"0131",217,343,334,-126,-117
4542,"0135",485,113,138,372,347
4543,"0131",2728,2581,2637,147,91
4543,"0135",1608,427,622,1181,986
4544,"0131",2130,3163,3214,-1033,-1084
4544,"0135",3193,561,836,2632,2357
4545,"0131",1340,2592,2670,-1252,-1330
4545,"0135",3048,510,683,2538,2365
4546,"0131",1475,2238,2271,-763,-796
4546,"0135",2299,390,582,1909,1717
4547,"0131",1036,1597,1803,-561,-767
4547,"0135",1857,291,414,1566,1443
4548,"0131",558,1757,1282,-1199,-724
4548,"0135",1581,267,322,1314,1259
4549,"0131",694,831,803,-137,-109
4549,"0135",703,121,276,582,427
4550,"0131",1632,0,980,1632,652
4550,"0135",1514,0,1147,1514,367
4551,"0131",500,270,282,230,218
4551,"0135",384,293,369,91,15
4552,"0131",740,568,486,172,254
4552,"0135",703,462,502,241,201
4553,"0131",726,590,578,136,148
4553,"0135",918,473,649,445,269
4554,"0131",850,818,779,32,71
4554,"0135",1436,664,815,772,621
4555,"0131",727,0,480,727,247
4555,"0135",706,0,478,706,228
4556,"0131",464,0,365,464,99
4556,"0135",695,0,454,695,241
4557,"0131",1503,0,1014,1503,489
4557,"0135",1582,0,1150,1582,432
4558,"0131",101,79,96,22,5
4558,"0135",210,93,109,117,101
4559,"0131",1334,942,905,392,429
4559,"0135",983,392,433,591,550
4560,"0131",274,272,266,2,8
4560,"0135",297,108,139,189,158
4561,"0131",1333,1063,1246,270,87
4561,"0135",1555,566,779,989,776
4562,"0131",1665,0,1462,1665,203
4562,"0135",1739,0,936,1739,803
4563,"0131",2369,1487,1519,882,850
4563,"0135",1033,626,866,407,167
4564,"0131",451,0,397,451,54
4564,"0135",401,0,209,401,192
4565,"0131",1696,1432,1411,264,285
4565,"0135",1450,543,744,907,706
4566,"0131",1134,950,1069,184,65
4566,"0135",1149,337,559,812,590
4567,"0131",338,889,236,-551,102
4567,"0135",215,404,141,-189,74
4568,"0131",41,75,77,-34,-36
4568,"0135",145,34,58,111,87
4569,"0131",1365,0,1192,1365,173
4569,"0135",1542,0,828,1542,714
4570,"0131",721,0,741,721,-20
4570,"0135",1284,0,658,1284,626
4571,"0131",954,0,1014,954,-60
4571,"0135",1765,0,831,1765,934
4572,"0131",1979,0,1498,1979,481
4572,"0135",1688,0,1049,1688,639
4573,"0131",2258,0,1546,2258,712
4573,"0135",1747,0,1258,1747,489
4574,"0131",1845,0,1564,1845,281
4574,"0135",2124,0,1248,2124,876
4575,"0131",1030,0,909,1030,121
4575,"0135",1398,0,779,1398,619
4576,"0131",876,901,982,-25,-106
4576,"0135",1441,592,677,849,764
4577,"0131",891,817,993,74,-102
4577,"0135",1449,530,710,919,739
4578,"0131",1392,1056,1142,336,250
4578,"0135",1401,745,827,656,574
4579,"0131",617,607,716,10,-99
4579,"0135",1064,462,499,602,565
4580,"0131",1085,542,581,543,504
4580,"0135",703,698,639,5,64
4581,"0131",568,586,675,-18,-107
4581,"0135",1483,726,789,757,694
4582,"0131",1275,703,749,572,526
4582,"0135",1077,786,902,291,175
4583,"0131",691,538,621,153,70
4583,"0135",1209,682,732,527,477
4584,"0131",602,521,524,81,78
4584,"0135",470,230,267,240,203
4585,"0131",47,14,11,33,36
4585,"0135",31,35,39,-4,-8
4586,"0131",11,4,4,7,7
4586,"0135",5,7,10,-2,-5
4587,"0131",896,568,569,328,327
4587,"0135",848,610,667,238,181
4588,"0131",649,304,317,345,332
4588,"0135",236,303,315,-67,-79
4589,"0131",330,165,173,165,157
4589,"0135",185,205,212,-20,-27
4590,"0131",290,126,140,164,150
4590,"0135",247,185,219,62,28
4591,"0131",1228,967,1050,261,178
4591,"0135",1521,1025,1126,496,395
4592,"0131",721,570,524,151,197
4592,"0135",742,643,656,99,86
4593,"0131",605,455,500,150,105
4593,"0135",560,388,488,172,72
4594,"0131",279,304,322,-25,-43
4594,"0135",618,305,396,313,222
4595,"0131",722,496,675,226,47
4595,"0135",992,559,680,433,312
4596,"0131",316,219,374,97,-58
4596,"0135",559,241,361,318,198
4597,"0131",82,219,246,-137,-164
4597,"0135",524,238,258,286,266
4598,"0131",523,354,404,169,119
4598,"0135",541,346,392,195,149
4599,"0131",21,3,10,18,11
4599,"0135",12,8,14,4,-2
4600,"0131",11,7,17,4,-6
4600,"0135",40,8,25,32,15
4601,"0131",6,2,2,4,4
4601,"0135",4,3,7,1,-3
4602,"0131",0,5,0,-5,0
4602,"0135",0,26,0,-26,0
4603,"0131",0,20,0,-20,0
4603,"0135",0,47,0,-47,0
4604,"0131",16,4,10,12,6
4604,"0135",23,8,16,15,7
4605,"0131",39,23,29,16,10
4605,"0135",77,47,65,30,12
4606,"0131",1124,357,317,767,807
4606,"0135",818,740,962,78,-144
4607,"0131",1018,259,240,759,778
4607,"0135",709,789,856,-80,-147
4608,"0131",1254,391,350,863,904
4608,"0135",1340,971,1300,369,40
4609,"0131",1097,299,259,798,838
4609,"0135",317,627,675,-310,-358
4610,"0131",541,120,117,421,424
4610,"0135",172,289,332,-117,-160
4611,"0131",348,54,47,294,301
4611,"0135",30,155,179,-125,-149
4612,"0131",582,214,214,368,368
4612,"0135",448,388,422,60,26
4613,"0131",20,3,4,17,16
4613,"0135",13,18,21,-5,-8
4614,"0131",51,22,20,29,31
4614,"0135",167,139,145,28,22
4615,"0131",603,159,139,444,464
4615,"0135",336,354,406,-18,-70
4616,"0131",6,3,2,3,4
4616,"0135",14,10,9,4,5
4617,"0131",1281,554,578,727,703
4617,"0135",1568,1178,1318,390,250
4618,"0131",917,290,360,627,557
4618,"0135",772,593,808,179,-36
4619,"0131",671,357,306,314,365
4619,"0135",947,674,763,273,184
4620,"0131",864,305,316,559,548
4620,"0135",567,453,666,114,-99
4621,"0131",484,234,249,250,235
4621,"0135",667,476,538,191,129
4622,"0131",453,317,336,136,117
4622,"0135",982,534,643,448,339
4623,"0131",847,324,354,523,493
4623,"0135",851,697,796,154,55
4624,"0131",1155,514,545,641,610
4624,"0135",1078,819,942,259,136
4625,"0131",48,11,9,37,39
4625,"0135",10,16,22,-6,-12
4626,"0131",73,7,10,66,63
4626,"0135",33,60,76,-27,-43
4627,"0131",51,18,24,33,27
4627,"0135",78,54,75,24,3
4628,"0131",516,224,242,292,274
4628,"0135",269,348,329,-79,-60
4629,"0131",3,12,13,-9,-10
4629,"0135",57,22,32,35,25
4630,"0131",34,1,2,33,32
4630,"0135",2,12,18,-10,-16
4631,"0131",630,159,183,471,447
4631,"0135",304,495,538,-191,-234
4632,"0131",751,702,679,49,72
4632,"0135",1480,807,917,673,563
4633,"0131",1423,676,790,747,633
4633,"0135",822,659,859,163,-37
4634,"0131",720,612,603,108,117
4634,"0135",986,557,618,429,368
4635,"0131",464,262,256,202,208
4635,"0135",254,262,303,-8,-49
4636,"0131",113,34,46,79,67
4636,"0135",94,70,110,24,-16
4637,"0131",71,54,69,17,2
4637,"0135",165,16,106,149,59
4638,"0131",71,20,30,51,41
4638,"0135",81,44,89,37,-8
4639,"0131",106,117,132,-11,-26
4639,"0135",188,61,89,127,99
4640,"0131",9,4,7,5,2
4640,"0135",75,38,59,37,16
4641,"0131",595,450,462,145,133
4641,"0135",677,344,506,333,171
4642,"0131",156,99,94,57,62
4642,"0135",151,89,115,62,36
4643,"0131",744,473,490,271,254
4643,"0135",841,454,616,387,225
4644,"0131",467,325,316,142,151
4644,"0135",598,404,459,194,139
4645,"0131",1091,785,817,306,274
4645,"0135",1658,1057,1192,601,466
4646,"0131",822,372,397,450,425
4646,"0135",500,470,565,30,-65
4647,"0131",542,500,389,42,153
4647,"0135",765,528,534,237,231
4648,"0131",1027,448,476,579,551
4648,"0135",522,521,654,1,-132
4649,"0131",277,111,114,166,163
4649,"0135",110,129,148,-19,-38
4650,"0131",238,120,130,118,108
4650,"0135",166,147,161,19,5
4651,"0131",388,146,138,242,250
4651,"0135",329,342,379,-13,-50
4652,"0131",360,104,104,256,256
4652,"0135",63,184,223,-121,-160
4653,"0131",108,51,65,57,43
4653,"0135",125,68,122,57,3
4654,"0131",1289,592,837,697,452
4654,"0135",1483,1204,1397,279,86
4655,"0131",984,610,722,374,262
4655,"0135",1795,1303,1396,492,399
4656,"0131",1697,687,845,1010,852
4656,"0135",1311,1501,1522,-190,-211
4657,"0131",1333,572,734,761,599
4657,"0135",1448,1397,1403,51,45
4658,"0131",1158,599,730,559,428
4658,"0135",1611,1514,1380,97,231
4659,"0131",1205,631,786,574,419
4659,"0135",1521,1290,1310,231,211
4660,"0131",1098,307,421,791,677
4660,"0135",767,860,1014,-93,-247
4661,"0131",261,26,83,235,178
4661,"0135",39,76,151,-37,-112
4662,"0131",40,8,13,32,27
4662,"0135",37,25,46,12,-9
4663,"0131",558,232,303,326,255
4663,"0135",385,325,323,60,62
4664,"0131",208,57,50,151,158
4664,"0135",190,203,208,-13,-18
4665,"0131",97,93,109,4,-12
4665,"0135",228,165,149,63,79
4666,"0131",53,5,8,48,45
4666,"0135",21,35,45,-14,-24
4667,"0131",106,6,17,100,89
4667,"0135",34,82,104,-48,-70
4668,"0131",644,339,385,305,259
4668,"0135",465,450,510,15,-45
4669,"0131",484,312,354,172,130
4669,"0135",626,436,545,190,81
4670,"0131",779,515,565,264,214
4670,"0135",862,505,755,357,107
4671,"0131",612,346,385,266,227
4671,"0135",451,411,467,40,-16
4672,"0131",214,182,206,32,8
4672,"0135",390,243,281,147,109
4673,"0131",144,165,176,-21,-32
4673,"0135",378,248,262,130,116
4674,"0131",942,632,703,310,239
4674,"0135",995,436,591,559,404
4675,"0131",1784,905,854,879,930
4675,"0135",1168,1046,1084,122,84
4676,"0131",875,446,460,429,415
4676,"0135",532,389,499,143,33
4677,"0131",1150,710,722,440,428
4677,"0135",1047,589,742,458,305
4678,"0131",1264,887,940,377,324
4678,"0135",1775,863,1134,912,641
4679,"0131",1251,830,827,421,424
4679,"0135",1507,800,989,707,518
4680,"0131",1244,569,571,675,673
4680,"0135",424,432,564,-8,-140
4681,"0131",316,263,263,53,53
4681,"0135",506,238,307,268,199
4682,"0131",826,449,447,377,379
4682,"0135",423,314,396,109,27
4683,"0131",300,143,139,157,161
4683,"0135",250,178,252,72,-2
4684,"0131",366,190,217,176,149
4684,"0135",417,255,358,162,59
4685,"0131",11,2,7,9,4
4685,"0135",42,13,32,29,10
4686,"0131",350,152,122,198,228
4686,"0135",168,193,256,-25,-88
4687,"0131",335,272,167,63,168
4687,"0135",207,208,215,-1,-8
4688,"0131",20,7,11,13,9
4688,"0135",12,11,15,1,-3
4689,"0131",31,23,29,8,2
4689,"0135",69,38,45,31,24
4690,"0131",7,55,73,-48,-66
4690,"0135",164,32,41,132,123
4691,"0131",1270,417,508,853,762
4691,"0135",397,493,526,-96,-129
4692,"0131",1567,687,789,880,778
4692,"0135",1204,845,939,359,265
4693,"0131",507,407,438,100,69
4693,"0135",1188,557,612,631,576
4694,"0131",1272,615,702,657,570
4694,"0135",1254,842,922,412,332
4695,"0131",1218,615,663,603,555
4695,"0135",1285,794,905,491,380
4696,"0131",566,201,208,365,358
4696,"0135",279,308,353,-29,-74
4697,"0131",132,88,107,44,25
4697,"0135",289,142,177,147,112
4698,"0131",41,7,16,34,25
4698,"0135",33,6,24,27,9
4699,"0131",62,46,50,16,12
4699,"0135",91,34,56,57,35
4700,"0131",199,165,215,34,-16
4700,"0135",474,204,257,270,217
4701,"0131",260,100,119,160,141
4701,"0135",52,87,85,-35,-33
4702,"0131",504,364,452,140,52
4702,"0135",524,249,219,275,305
4703,"0131",1118,781,1000,337,118
4703,"0135",1557,974,1175,583,382
4704,"0131",906,532,700,374,206
4704,"0135",869,637,781,232,88
4705,"0131",1115,569,734,546,381
4705,"0135",625,635,752,-10,-127
4706,"0131",841,662,786,179,55
4706,"0135",1226,728,888,498,338
4707,"0131",1918,1005,1380,913,538
4707,"0135",1660,1197,1511,463,149
4708,"0131",850,455,562,395,288
4708,"0135",645,570,656,75,-11
4709,"0131",262,188,233,74,29
4709,"0135",396,262,305,134,91
4710,"0131",346,209,268,137,78
4710,"0135",232,157,227,75,5
4711,"0131",26,9,21,17,5
4711,"0135",25,18,24,7,1
4712,"0131",192,160,224,32,-32
4712,"0135",479,234,329,245,150
4713,"0131",325,396,501,-71,-176
4713,"0135",680,201,265,479,415
4714,"0131",1228,486,476,742,752
4714,"0135",439,688,827,-249,-388
4715,"0131",471,219,218,252,253
4715,"0135",346,378,428,-32,-82
4716,"0131",451,427,389,24,62
4716,"0135",929,631,686,298,243
4717,"0131",626,403,384,223,242
4717,"0135",946,681,842,265,104
4718,"0131",0,5,0,-5,0
4718,"0135",0,27,0,-27,0
4719,"0131",72,1,1,71,71
4719,"0135",1,48,68,-47,-67
4720,"0131",13,10,13,3,0
4720,"0135",41,34,31,7,10
4721,"0131",2,0,0,2,2
4721,"0135",2,3,4,-1,-2
4722,"0131",849,265,278,584,571
4722,"0135",800,671,781,129,19
4723,"0131",1636,501,527,1135,1109
4723,"0135",1545,1208,1507,337,38
4724,"0131",656,338,318,318,338
4724,"0135",1537,1039,1131,498,406
4725,"0131",344,90,86,254,258
4725,"0135",274,258,301,16,-27
4726,"0131",856,477,473,379,383
4726,"0135",761,471,520,290,241
4727,"0131",85,69,68,16,17
4727,"0135",146,64,79,82,67
4728,"0131",738,252,256,486,482
4728,"0135",617,495,514,122,103
4729,"0131",833,625,594,208,239
4729,"0135",915,427,468,488,447
4730,"0131",931,759,673,172,258
4730,"0135",1031,370,460,661,571
4731,"0131",1181,847,732,334,449
4731,"0135",1064,473,475,591,589
4732,"0131",826,531,651,295,175
4732,"0135",1143,345,443,798,700
4733,"0131",1241,860,853,381,388
4733,"0135",1281,489,592,792,689
4734,"0131",1329,830,803,499,526
4734,"0135",1194,407,580,787,614
4735,"0131",994,502,517,492,477
4735,"0135",393,234,273,159,120
4736,"0131",509,478,606,31,-97
4736,"0135",1082,252,327,830,755
4737,"0131",1371,1335,1411,36,-40
4737,"0135",2823,698,865,2125,1958
4738,"0131",686,501,508,185,178
4738,"0135",715,240,290,475,425
4739,"0131",880,692,733,188,147
4739,"0135",1128,323,371,805,757
4740,"0131",1436,1176,1062,260,374
4740,"0135",1639,579,647,1060,992
4741,"0131",549,294,375,255,174
4741,"0135",592,208,257,384,335
4742,"0131",331,263,396,68,-65
4742,"0135",809,121,225,688,584
4743,"0131",891,370,362,521,529
4743,"0135",242,206,235,36,7
4744,"0131",279,216,196,63,83
4744,"0135",255,92,103,163,152
4745,"0131",2042,1421,1449,621,593
4745,"0135",1396,536,605,860,791
4746,"0131",1529,1421,1500,108,29
4746,"0135",1909,462,611,1447,1298
4747,"0131",1629,1221,1330,408,299
4747,"0135",1567,414,540,1153,1027
4748,"0131",465,225,215,240,250
4748,"0135",111,80,112,31,-1
4749,"0131",1779,721,731,1058,1048
4749,"0135",1069,564,771,505,298
4750,"0131",911,0,677,911,234
4750,"0135",1665,0,690,1665,975
4751,"0131",674,0,477,674,197
4751,"0135",1015,0,448,1015,567
4752,"0131",1453,711,733,742,720
4752,"0135",1360,661,775,699,585
4753,"0131",541,392,375,149,166
4753,"0135",878,348,385,530,493
4754,"0131",1812,1055,954,757,858
4754,"0135",1881,771,959,1110,922
4755,"0131",1387,954,1035,433,352
4755,"0135",1556,444,522,1112,1034
4756,"0131",397,369,377,28,20
4756,"0135",756,209,246,547,510
4757,"0131",1687,1156,1218,531,469
4757,"0135",1801,562,671,1239,1130
4758,"0131",1967,938,1209,1029,758
4758,"0135",1531,483,688,1048,843
4759,"0131",1023,811,933,212,90
4759,"0135",1552,388,444,1164,1108
4760,"0131",818,345,348,473,470
4760,"0135",255,193,220,62,35
4761,"0131",766,219,225,547,541
4761,"0135",638,650,756,-12,-118
4762,"0131",592,179,127,413,465
4762,"0135",288,569,503,-281,-215
4763,"0131",913,327,379,586,534
4763,"0135",1928,1256,1639,672,289
4764,"0131",1810,354,370,1456,1440
4764,"0135",1039,1474,1690,-435,-651
4765,"0131",912,337,336,575,576
4765,"0135",1070,889,1128,181,-58
4766,"0131",366,108,109,258,257
4766,"0135",489,449,499,40,-10
4767,"0131",742,166,167,576,575
4767,"0135",401,578,675,-177,-274
4768,"0131",181,51,54,130,127
4768,"0135",235,214,71,21,164
4769,"0131",965,749,879,216,86
4769,"0135",1129,295,417,834,712
4770,"0131",1207,544,463,663,744
4770,"0135",504,518,605,-14,-101
4771,"0131",192,182,210,10,-18
4771,"0135",522,200,238,322,284
4772,"0131",142,178,200,-36,-58
4772,"0135",295,57,113,238,182
4773,"0131",58,84,97,-26,-39
4773,"0135",172,50,68,122,104
4774,"0131",399,190,240,209,159
4774,"0135",342,127,245,215,97
4775,"0131",1008,258,285,750,723
4775,"0135",1182,1334,1481,-152,-299
4776,"0131",1692,399,432,1293,1260
4776,"0135",1868,2162,2476,-294,-608
4777,"0131",701,260,279,441,422
4777,"0135",1224,1153,1324,71,-100
4778,"0131",1260,294,311,966,949
4778,"0135",1431,1677,1897,-246,-466
4779,"0131",1277,290,366,987,911
4779,"0135",1271,1276,1598,-5,-327
4780,"0131",1109,318,338,791,771
4780,"0135",1141,1269,1431,-128,-290
4781,"0131",568,192,189,376,379
4781,"0135",583,640,721,-57,-138
4782,"0131",854,331,297,523,557
4782,"0135",1065,1273,1226,-208,-161
4783,"0131",762,189,207,573,555
4783,"0135",625,771,865,-146,-240
4784,"0131",826,181,190,645,636
4784,"0135",579,691,910,-112,-331
4785,"0131",598,232,259,366,339
4785,"0135",1102,963,1099,139,3
4786,"0131",626,191,192,435,434
4786,"0135",715,720,860,-5,-145
4787,"0131",1099,376,413,723,686
4787,"0135",599,573,769,26,-170
4788,"0131",975,342,381,633,594
4788,"0135",746,777,852,-31,-106
4789,"0131",379,0,325,379,54
4789,"0135",989,0,688,989,301
4790,"0131",701,245,282,456,419
4790,"0135",726,681,756,45,-30
4791,"0131",1135,564,636,571,499
4791,"0135",1363,1008,1139,355,224
4792,"0131",1418,710,790,708,628
4792,"0135",1955,1492,1745,463,210
4793,"0131",1814,665,737,1149,1077
4793,"0135",1605,1536,1742,69,-137
4794,"0131",2245,736,890,1509,1355
4794,"0135",1134,1423,1610,-289,-476
4795,"0131",625,260,284,365,341
4795,"0135",375,425,376,-50,-1
4796,"0131",115,88,95,27,20
4796,"0135",405,268,302,137,103
4797,"0131",704,252,308,452,396
4797,"0135",976,884,991,92,-15
4798,"0131",311,123,115,188,196
4798,"0135",416,425,448,-9,-32
4799,"0131",1906,407,468,1499,1438
4799,"0135",921,1426,1691,-505,-770
4800,"0131",751,217,239,534,512
4800,"0135",960,1024,1085,-64,-125
4801,"0131",1842,500,555,1342,1287
4801,"0135",1594,1723,2103,-129,-509
4802,"0131",1000,273,290,727,710
4802,"0135",1013,1031,1261,-18,-248
4803,"0131",1534,345,373,1189,1161
4803,"0135",1033,1424,1632,-391,-599
4804,"0131",1162,344,374,818,788
4804,"0135",1379,1361,1577,18,-198
4805,"0131",765,277,363,488,402
4805,"0135",1486,1179,1376,307,110
4806,"0131",1190,292,358,898,832
4806,"0135",1354,1403,1638,-49,-284
4807,"0131",1370,397,428,973,942
4807,"0135",1397,1490,1696,-93,-299
4808,"0131",635,317,384,318,251
4808,"0135",1645,1203,1411,442,234
4809,"0131",1741,397,438,1344,1303
4809,"0135",1085,1483,1741,-398,-656
4810,"0131",887,238,245,649,642
4810,"0135",777,927,1051,-150,-274
4811,"0131",1569,411,429,1158,1140
4811,"0135",982,1283,1483,-301,-501
4812,"0131",1395,402,417,993,978
4812,"0135",1470,1525,1805,-55,-335
4813,"0131",430,161,170,269,260
4813,"0135",678,561,659,117,19
4814,"0131",1050,315,350,735,700
4814,"0135",1214,1196,1416,18,-202
4815,"0131",953,139,155,814,798
4815,"0135",169,575,687,-406,-518
4816,"0131",65,67,76,-2,-11
4816,"0135",443,250,300,193,143
4817,"0131",1545,1130,1194,415,351
4817,"0135",1837,1138,1158,699,679
4818,"0131",982,748,793,234,189
4818,"0135",1584,869,1025,715,559
4819,"0131",1485,804,846,681,639
4819,"0135",1348,1038,1164,310,184
4820,"0131",574,423,436,151,138
4820,"0135",819,495,545,324,274
4821,"0131",507,405,412,102,95
4821,"0135",912,552,588,360,324
4822,"0131",1526,630,651,896,875
4822,"0135",1082,1123,1248,-41,-166
4823,"0131",1317,762,812,555,505
4823,"0135",1438,1030,1199,408,239
4824,"0131",918,457,465,461,453
4824,"0135",783,653,711,130,72
4825,"0131",974,665,887,309,87
4825,"0135",1821,787,1095,1034,726
4826,"0131",856,415,447,441,409
4826,"0135",613,504,542,109,71
4827,"0131",1367,927,981,440,386
4827,"0135",2005,1992,1434,13,571
4828,"0131",1657,998,1047,659,610
4828,"0135",1671,1127,1284,544,387
4829,"0131",718,283,313,435,405
4829,"0135",400,428,480,-28,-80
4830,"0131",918,478,685,440,233
4830,"0135",1063,448,755,615,308
4831,"0131",726,386,399,340,327
4831,"0135",672,551,630,121,42
4832,"0131",308,361,431,-53,-123
4832,"0135",1091,377,527,714,564
4833,"0131",2257,866,899,1391,1358
4833,"0135",1341,1429,1556,-88,-215
4834,"0131",1332,606,620,726,712
4834,"0135",641,737,800,-96,-159
4835,"0131",856,567,561,289,295
4835,"0135",1040,646,768,394,272
4836,"0131",913,596,703,317,210
4836,"0135",1591,947,1054,644,537
4837,"0131",469,383,474,86,-5
4837,"0135",1205,484,677,721,528
4838,"0131",707,300,396,407,311
4838,"0135",687,441,622,246,65
4839,"0131",1181,734,739,447,442
4839,"0135",1330,911,1041,419,289
4840,"0131",1341,587,797,754,544
4840,"0135",2078,832,1523,1246,555
4841,"0131",1217,543,552,674,665
4841,"0135",1014,846,1006,168,8
4842,"0131",434,136,280,298,154
4842,"0135",721,204,550,517,171
4843,"0131",748,451,477,297,271
4843,"0135",1389,831,960,558,429
4844,"0131",1670,534,595,1136,1075
4844,"0135",892,906,1181,-14,-289
4845,"0131",551,181,260,370,291
4845,"0135",571,342,523,229,48
4846,"0131",1695,793,815,902,880
4846,"0135",1775,1332,1621,443,154
4847,"0131",723,183,259,540,464
4847,"0135",423,368,531,55,-108
4848,"0131",1173,272,551,901,622
4848,"0135",1107,401,996,706,111
4849,"0131",1967,600,684,1367,1283
4849,"0135",919,970,1260,-51,-341
4850,"0131",1445,544,640,901,805
4850,"0135",1461,1281,1370,180,91
4851,"0131",492,0,134,492,358
4851,"0135",73,0,262,73,-189
4852,"0131",1119,189,522,930,597
4852,"0135",991,354,989,637,2
4853,"0131",1268,641,714,627,554
4853,"0135",1814,1238,1284,576,530
4854,"0131",1345,461,508,884,837
4854,"0135",1188,1337,1476,-149,-288
4855,"0131",1820,646,736,1174,1084
4855,"0135",1587,1800,1878,-213,-291
4856,"0131",584,352,537,232,47
4856,"0135",1705,726,1236,979,469
4857,"0131",1172,578,751,594,421
4857,"0135",1988,1353,1737,635,251
4858,"0131",1110,467,515,643,595
4858,"0135",874,892,1011,-18,-137
4859,"0131",954,585,670,369,284
4859,"0135",1842,1369,1410,473,432
4860,"0131",1202,504,608,698,594
4860,"0135",1364,1091,1338,273,26
4861,"0131",668,403,464,265,204
4861,"0135",1002,752,789,250,213
4862,"0131",627,284,300,343,327
4862,"0135",487,483,535,4,-48
4863,"0131",113,157,183,-44,-70
4863,"0135",760,456,500,304,260
4864,"0131",644,226,241,418,403
4864,"0135",473,545,626,-72,-153
4865,"0131",1176,367,402,809,774
4865,"0135",217,599,675,-382,-458
4866,"0131",253,119,120,134,133
4866,"0135",544,441,505,103,39
4867,"0131",459,119,84,340,375
4867,"0135",366,560,616,-194,-250
4868,"0131",907,124,139,783,768
4868,"0135",701,1116,1256,-415,-555
4869,"0131",542,122,138,420,404
4869,"0135",1087,1143,1272,-56,-185
4870,"0131",705,75,84,630,621
4870,"0135",371,775,868,-404,-497
4871,"0131",2093,222,243,1871,1850
4871,"0135",1171,2269,2656,-1098,-1485
4872,"0131",1298,198,218,1100,1080
4872,"0135",1663,2098,2357,-435,-694
4873,"0131",973,112,121,861,852
4873,"0135",369,1020,1059,-651,-690
4874,"0131",937,150,157,787,780
4874,"0135",927,1271,1449,-344,-522
4875,"0131",1243,173,186,1070,1057
4875,"0135",1171,1698,1936,-527,-765
4876,"0131",769,77,97,692,672
4876,"0135",549,908,1044,-359,-495
4877,"0131",34,25,33,9,1
4877,"0135",339,271,301,68,38
4878,"0131",760,608,625,152,135
4878,"0135",1497,662,942,835,555
4879,"0131",1317,504,507,813,810
4879,"0135",671,699,901,-28,-230
4880,"0131",2488,1060,1063,1428,1425
4880,"0135",1757,1350,1905,407,-148
4881,"0131",1492,565,674,927,818
4881,"0135",1270,981,1238,289,32
4882,"0131",1142,776,812,366,330
4882,"0135",1668,923,1107,745,561
4883,"0131",1191,430,426,761,765
4883,"0135",517,598,757,-81,-240
4884,"0131",512,291,288,221,224
4884,"0135",595,371,452,224,143
4885,"0131",666,425,436,241,230
4885,"0135",998,538,714,460,284
4886,"0131",882,593,614,289,268
4886,"0135",1328,771,918,557,410
4887,"0131",1658,901,924,757,734
4887,"0135",1686,1161,1438,525,248
4888,"0131",1569,919,966,650,603
4888,"0135",2147,1247,1617,900,530
4889,"0131",543,418,444,125,99
4889,"0135",984,502,639,482,345
4890,"0131",1060,936,1103,124,-43
4890,"0135",1490,437,562,1053,928
4891,"0131",852,798,826,54,26
4891,"0135",1134,333,463,801,671
4892,"0131",778,1040,1099,-262,-321
4892,"0135",1746,422,562,1324,1184
4893,"0131",696,698,760,-2,-64
4893,"0135",1024,263,395,761,629
4894,"0131",115,180,183,-65,-68
4894,"0135",294,78,86,216,208
4895,"0131",835,437,467,398,368
4895,"0135",587,313,411,274,176
4896,"0131",1428,1151,1207,277,221
4896,"0135",2021,616,976,1405,1045
4897,"0131",1031,815,925,216,106
4897,"0135",1497,512,728,985,769
4898,"0131",1436,968,971,468,465
4898,"0135",1459,659,866,800,593
4899,"0131",1175,550,604,625,571
4899,"0135",573,338,511,235,62
4900,"0131",1152,887,951,265,201
4900,"0135",1355,463,731,892,624
4901,"0131",131,178,178,-47,-47
4901,"0135",365,122,154,243,211
4902,"0131",1063,871,889,192,174
4902,"0135",1563,686,890,877,673
4903,"0131",702,483,491,219,211
4903,"0135",733,384,497,349,236
4904,"0131",1029,671,694,358,335
4904,"0135",1016,541,734,475,282
4905,"0131",1797,1363,1289,434,508
4905,"0135",1369,500,718,869,651
4906,"0131",677,333,447,344,230
4906,"0135",457,194,230,263,227
4907,"0131",354,143,170,211,184
4907,"0135",35,65,73,-30,-38
4908,"0131",714,801,899,-87,-185
4908,"0135",1314,370,428,944,886
4909,"0131",1277,515,830,762,447
4909,"0135",751,297,501,454,250
4910,"0131",1498,783,950,715,548
4910,"0135",835,365,542,470,293
4911,"0131",1284,867,937,417,347
4911,"0135",997,410,559,587,438
4912,"0131",1644,991,1321,653,323
4912,"0135",1479,436,730,1043,749
4913,"0131",555,460,532,95,23
4913,"0135",603,163,246,440,357
4914,"0131",337,307,356,30,-19
4914,"0135",511,142,218,369,293
4915,"0131",327,416,471,-89,-144
4915,"0135",809,184,269,625,540
4916,"0131",640,333,352,307,288
4916,"0135",179,146,176,33,3
4917,"0131",1302,1270,1413,32,-111
4917,"0135",1305,261,416,1044,889
4918,"0131",1543,1564,1809,-21,-266
4918,"0135",1860,375,534,1485,1326
4919,"0131",486,504,575,-18,-89
4919,"0135",622,127,159,495,463
4920,"0131",903,747,724,156,179
4920,"0135",1094,499,715,595,379
4921,"0131",773,410,423,363,350
4921,"0135",181,129,209,52,-28
4922,"0131",198,355,372,-157,-174
4922,"0135",773,182,226,591,547
4923,"0131",172,96,100,76,72
4923,"0135",236,121,147,115,89
4924,"0131",543,330,297,213,246
4924,"0135",986,527,639,459,347
4925,"0131",529,378,408,151,121
4925,"0135",624,271,306,353,318
4926,"0131",1070,670,663,400,407
4926,"0135",650,314,474,336,176
4927,"0131",477,375,377,102,100
4927,"0135",515,218,277,297,238
4928,"0131",733,723,684,10,49
4928,"0135",2013,1100,1279,913,734
4929,"0131",1277,712,798,565,479
4929,"0135",1512,1086,1229,426,283
4930,"0131",761,415,465,346,296
4930,"0135",935,699,770,236,165
4931,"0131",1711,804,862,907,849
4931,"0135",1581,1392,1568,189,13
4932,"0131",1175,656,701,519,474
4932,"0135",1361,993,1123,368,238
4933,"0131",1219,766,782,453,437
4933,"0135",1700,943,1172,757,528
4934,"0131",1124,782,871,342,253
4934,"0135",1899,1135,1228,764,671
4935,"0131",1457,701,725,756,732
4935,"0135",1289,1108,1275,181,14
4936,"0131",650,325,363,325,287
4936,"0135",725,549,646,176,79
4937,"0131",1402,522,552,880,850
4937,"0135",1038,1061,1036,-23,2
4938,"0131",1214,717,722,497,492
4938,"0135",1571,1134,1176,437,395
4939,"0131",1554,661,665,893,889
4939,"0135",1254,1231,1393,23,-139
4940,"0131",875,521,586,354,289
4940,"0135",604,420,520,184,84
4941,"0131",173,66,140,107,33
4941,"0135",316,92,214,224,102
4942,"0131",28,23,28,5,0
4942,"0135",52,20,33,32,19
4943,"0131",572,517,503,55,69
4943,"0135",605,308,347,297,258
4944,"0131",231,212,338,19,-107
4944,"0135",654,116,236,538,418
4945,"0131",38,46,59,-8,-21
4945,"0135",183,82,98,101,85
4946,"0131",1,12,15,-11,-14
4946,"0135",55,24,18,31,37
4947,"0131",272,0,161,272,111
4947,"0135",283,0,246,283,37
4948,"0131",12,3,4,9,8
4948,"0135",7,8,11,-1,-4
4949,"0131",660,323,306,337,354
4949,"0135",465,471,488,-6,-23
4950,"0131",265,217,212,48,53
4950,"0135",406,249,264,157,142
4951,"0131",2,0,3,2,-1
4951,"0135",5,2,4,3,1
4952,"0131",526,434,401,92,125
4952,"0135",591,253,384,338,207
4953,"0131",894,872,843,22,51
4953,"0135",1642,667,928,975,714
4954,"0131",731,665,642,66,89
4954,"0135",1197,551,729,646,468
4955,"0131",645,488,460,157,185
4955,"0135",773,363,509,410,264
4956,"0131",1230,932,933,298,297
4956,"0135",1631,786,1066,845,565
4957,"0131",927,517,484,410,443
4957,"0135",465,311,462,154,3
4958,"0131",1479,804,725,675,754
4958,"0135",826,613,886,213,-60
4959,"0131",1036,582,543,454,493
4959,"0135",675,621,608,54,67
4960,"0131",1164,579,549,585,615
4960,"0135",330,370,510,-40,-180
4961,"0131",1694,1283,1221,411,473
4961,"0135",1405,602,831,803,574
4962,"0131",930,1017,1005,-87,-75
4962,"0135",1633,533,712,1100,921
4963,"0131",569,877,888,-308,-319
4963,"0135",1654,443,585,1211,1069
4964,"0131",1563,1326,1287,237,276
4964,"0135",1817,721,957,1096,860
4965,"0131",1270,945,869,325,401
4965,"0135",1006,456,643,550,363
4966,"0131",86,225,212,-139,-126
4966,"0135",478,114,170,364,308
4967,"0131",931,575,654,356,277
4967,"0135",635,326,382,309,253
4968,"0131",788,659,655,129,133
4968,"0135",872,348,472,524,400
4969,"0131",924,667,633,257,291
4969,"0135",732,383,469,349,263
4970,"0131",448,478,441,-30,7
4970,"0135",634,196,263,438,371
4971,"0131",467,550,446,-83,21
4971,"0135",673,241,258,432,415
4972,"0131",38,67,58,-29,-20
4972,"0135",119,20,26,99,93
4973,"0131",8,4,7,4,1
4973,"0135",38,5,23,33,15
4974,"0131",949,563,658,386,291
4974,"0135",830,682,781,148,49
4975,"0131",488,343,455,145,33
4975,"0135",672,451,499,221,173
4976,"0131",426,353,469,73,-43
4976,"0135",754,432,489,322,265
4977,"0131",317,395,481,-78,-164
4977,"0135",869,401,474,468,395
4978,"0131",795,363,510,432,285
4978,"0135",409,416,481,-7,-72
4979,"0131",91,96,118,-5,-27
4979,"0135",209,114,132,95,77
4980,"0131",31,15,32,16,-1
4980,"0135",69,27,52,42,17
4981,"0131",83,19,34,64,49
4981,"0135",14,25,45,-11,-31
4982,"0131",360,121,166,239,194
4982,"0135",81,157,207,-76,-126
4983,"0131",77,49,70,28,7
4983,"0135",67,24,49,43,18
4984,"0131",427,358,402,69,25
4984,"0135",693,370,381,323,312
4985,"0131",745,579,629,166,116
4985,"0135",1222,704,760,518,462
4986,"0131",2184,1328,1419,856,765
4986,"0135",2128,1605,1659,523,469
4987,"0131",2333,1247,1237,1086,1096
4987,"0135",2036,1751,1955,285,81
4988,"0131",1937,1436,1487,501,450
4988,"0135",2495,1615,1795,880,700
4989,"0131",658,671,729,-13,-71
4989,"0135",1514,700,876,814,638
4990,"0131",2515,1187,1247,1328,1268
4990,"0135",1639,1806,1797,-167,-158
4991,"0131",1354,573,619,781,735
4991,"0135",849,786,964,63,-115
4992,"0131",1388,617,638,771,750
4992,"0135",817,877,968,-60,-151
4993,"0131",995,597,628,398,367
4993,"0135",951,743,764,208,187
4994,"0131",731,476,519,255,212
4994,"0135",883,594,655,289,228
4995,"0131",1524,965,948,559,576
4995,"0135",1469,1285,1255,184,214
4996,"0131",317,378,359,-61,-42
4996,"0135",825,418,464,407,361
4997,"0131",2563,1375,1533,1188,1030
4997,"0135",2450,1707,2042,743,408
4998,"0131",1060,714,545,346,515
4998,"0135",873,966,844,-93,29
4999,"0131",677,516,520,161,157
4999,"0135",981,623,712,358,269
5000,"0131",1049,519,546,530,503
5000,"0135",902,876,879,26,23
5001,"0131",2193,1104,1276,1089,917
5001,"0135",1921,1526,1759,395,162
5002,"0131",1767,766,838,1001,929
5002,"0135",985,1043,1137,-58,-152
5003,"0131",1487,919,1006,568,481
5003,"0135",1560,1077,1178,483,382
5004,"0131",2000,1313,1393,687,607
5004,"0135",2479,1599,1910,880,569
5005,"0131",1728,793,862,935,866
5005,"0135",1053,1140,1171,-87,-118
5006,"0131",571,531,565,40,6
5006,"0135",1021,541,565,480,456
5007,"0131",589,803,811,-214,-222
5007,"0135",1888,1075,1015,813,873
5008,"0131",108,363,217,-255,-109
5008,"0135",721,589,397,132,324
5009,"0131",804,513,537,291,267
5009,"0135",853,563,611,290,242
5010,"0131",496,242,242,254,254
5010,"0135",334,323,369,11,-35
5011,"0131",587,308,342,279,245
5011,"0135",529,431,468,98,61
5012,"0131",1050,495,537,555,513
5012,"0135",594,630,698,-36,-104
5013,"0131",952,460,499,492,453
5013,"0135",660,619,670,41,-10
5014,"0131",1072,731,709,341,363
5014,"0135",1286,1041,1005,245,281
5015,"0131",95,21,30,74,65
5015,"0135",22,34,44,-12,-22
5016,"0131",77,12,12,65,65
5016,"0135",4,26,48,-22,-44
5017,"0131",14,1,1,13,13
5017,"0135",5,11,16,-6,-11
5018,"0131",905,483,551,422,354
5018,"0135",683,553,582,130,101
5019,"0131",2,32,35,-30,-33
5019,"0135",147,45,67,102,80
5020,"0131",57,15,18,42,39
5020,"0135",18,35,39,-17,-21
5021,"0131",430,137,159,293,271
5021,"0135",117,199,223,-82,-106
5022,"0131",523,621,582,-98,-59
5022,"0135",901,450,513,451,388
5023,"0131",899,654,656,245,243
5023,"0135",817,603,673,214,144
5024,"0131",650,707,671,-57,-21
5024,"0135",1032,507,623,525,409
5025,"0131",484,468,470,16,14
5025,"0135",811,473,555,338,256
5026,"0131",0,15,0,-15,0
5026,"0135",0,17,0,-17,0
5027,"0131",13,3,5,10,8
5027,"0135",6,5,13,1,-7
5028,"0131",18,38,43,-20,-25
5028,"0135",79,26,43,53,36
5029,"0131",13,5,6,8,7
5029,"0135",28,9,24,19,4
5030,"0131",164,117,122,47,42
5030,"0135",117,76,94,41,23
5031,"0131",872,381,405,491,467
5031,"0135",522,281,326,241,196
5032,"0131",825,461,513,364,312
5032,"0135",1170,504,562,666,608
5033,"0131",1032,395,415,637,617
5033,"0135",701,390,448,311,253
5034,"0131",1455,676,672,779,783
5034,"0135",1069,708,701,361,368
5035,"0131",726,485,524,241,202
5035,"0135",1221,431,477,790,744
5036,"0131",1290,686,728,604,562
5036,"0135",1504,667,735,837,769
5037,"0131",1316,480,525,836,791
5037,"0135",928,631,722,297,206
5038,"0131",1577,770,812,807,765
5038,"0135",1485,771,869,714,616
5039,"0131",1699,707,841,992,858
5039,"0135",1638,754,926,884,712
5040,"0131",906,473,527,433,379
5040,"0135",1068,463,548,605,520
5041,"0131",1300,755,800,545,500
5041,"0135",1771,747,884,1024,887
5042,"0131",901,804,891,97,10
5042,"0135",2457,722,875,1735,1582
5043,"0131",1553,690,736,863,817
5043,"0135",1292,678,748,614,544
5044,"0131",2021,773,825,1248,1196
5044,"0135",1082,691,814,391,268
5045,"0131",988,519,544,469,444
5045,"0135",1311,543,648,768,663
5046,"0131",950,413,448,537,502
5046,"0135",703,363,418,340,285
5047,"0131",544,335,355,209,189
5047,"0135",574,273,241,301,333
5048,"0131",636,444,459,192,177
5048,"0135",1290,484,588,806,702
5049,"0131",1144,646,693,498,451
5049,"0135",1403,626,716,777,687
5050,"0131",888,707,699,181,189
5050,"0135",1662,657,646,1005,1016
5051,"0131",208,170,177,38,31
5051,"0135",573,179,225,394,348
5052,"0131",1064,706,838,358,226
5052,"0135",1245,453,570,792,675
5053,"0131",754,312,398,442,356
5053,"0135",380,231,300,149,80
5054,"0131",1178,746,837,432,341
5054,"0135",2049,1062,1203,987,846
5055,"0131",1292,652,686,640,606
5055,"0135",1639,1016,1116,623,523
5056,"0131",1964,943,1017,1021,947
5056,"0135",2119,1251,1465,868,654
5057,"0131",1292,678,688,614,604
5057,"0135",1637,954,1117,683,520
5058,"0131",1030,575,522,455,508
5058,"0135",1008,742,766,266,242
5059,"0131",1674,783,892,891,782
5059,"0135",1828,1069,1189,759,639
5060,"0131",1082,381,404,701,678
5060,"0135",663,619,726,44,-63
5061,"0131",658,273,289,385,369
5061,"0135",495,337,394,158,101
5062,"0131",468,159,177,309,291
5062,"0135",190,246,272,-56,-82
5063,"0131",1461,724,766,737,695
5063,"0135",1175,474,592,701,583
5064,"0131",1652,920,854,732,798
5064,"0135",1837,817,945,1020,892
5065,"0131",998,557,559,441,439
5065,"0135",1300,516,569,784,731
5066,"0131",1366,725,739,641,627
5066,"0135",1476,660,769,816,707
5067,"0131",330,98,105,232,225
5067,"0135",242,163,187,79,55
5068,"0131",570,386,371,184,199
5068,"0135",881,301,363,580,518
5069,"0131",1498,845,884,653,614
5069,"0135",1956,719,866,1237,1090
5070,"0131",842,564,560,278,282
5070,"0135",1193,409,500,784,693
5071,"0131",2019,1053,1019,966,1000
5071,"0135",2022,885,1070,1137,952
5072,"0131",1585,714,686,871,899
5072,"0135",1007,555,699,452,308
5073,"0131",1348,547,640,801,708
5073,"0135",871,396,539,475,332
5074,"0131",1028,571,534,457,494
5074,"0135",975,449,458,526,517
5075,"0131",354,318,322,36,32
5075,"0135",826,173,305,653,521
5076,"0131",444,478,406,-34,38
5076,"0135",1009,355,385,654,624
5077,"0131",1752,824,811,928,941
5077,"0135",1134,585,679,549,455
5078,"0131",720,653,691,67,29
5078,"0135",1854,517,568,1337,1286
5079,"0131",541,280,283,261,258
5079,"0135",646,270,318,376,328
5080,"0131",1600,772,833,828,767
5080,"0135",1309,603,716,706,593
5081,"0131",1095,559,575,536,520
5081,"0135",1001,414,514,587,487
5082,"0131",606,706,757,-100,-151
5082,"0135",1732,482,569,1250,1163
5083,"0131",1104,852,900,252,204
5083,"0135",2083,763,875,1320,1208
5084,"0131",1143,791,821,352,322
5084,"0135",1822,723,866,1099,956
5085,"0131",1009,428,455,581,554
5085,"0135",762,475,559,287,203
5086,"0131",1568,878,920,690,648
5086,"0135",1621,757,910,864,711
5087,"0131",1083,647,677,436,406
5087,"0135",1247,471,586,776,661
5088,"0131",1333,648,658,685,675
5088,"0135",1267,683,817,584,450
5089,"0131",836,476,509,360,327
5089,"0135",884,405,488,479,396
5090,"0131",1407,739,785,668,622
5090,"0135",1488,761,874,727,614
5091,"0131",1007,686,712,321,295
5091,"0135",1575,600,721,975,854
5092,"0131",1762,669,748,1093,1014
5092,"0135",812,652,785,160,27
5093,"0131",1996,1115,1146,881,850
5093,"0135",2041,926,1113,1115,928
5094,"0131",1515,703,717,812,798
5094,"0135",1121,638,806,483,315
5095,"0131",346,154,182,192,164
5095,"0135",286,205,243,81,43
5096,"0131",2031,988,1071,1043,960
5096,"0135",1139,411,554,728,585
5097,"0131",1247,586,620,661,627
5097,"0135",787,312,380,475,407
5098,"0131",1323,798,841,525,482
5098,"0135",1517,504,561,1013,956
5099,"0131",1402,803,1027,599,375
5099,"0135",1799,438,604,1361,1195
5100,"0131",1800,722,729,1078,1071
5100,"0135",828,488,582,340,246
5101,"0131",1515,959,1010,556,505
5101,"0135",1694,520,649,1174,1045
5102,"0131",731,349,356,382,375
5102,"0135",416,177,209,239,207
5103,"0131",1781,913,961,868,820
5103,"0135",1063,404,498,659,565
5104,"0131",1467,845,780,622,687
5104,"0135",1157,463,519,694,638
5105,"0131",1794,1094,1178,700,616
5105,"0135",1968,632,734,1336,1234
5106,"0131",2279,1141,1137,1138,1142
5106,"0135",1200,541,647,659,553
5107,"0131",1759,911,970,848,789
5107,"0135",1134,437,540,697,594
5108,"0131",956,754,749,202,207
5108,"0135",1271,331,434,940,837
5109,"0131",1868,920,978,948,890
5109,"0135",1318,591,684,727,634
5110,"0131",1151,837,847,314,304
5110,"0135",1745,448,588,1297,1157
5111,"0131",1142,676,737,466,405
5111,"0135",1127,337,420,790,707
5112,"0131",721,900,1012,-179,-291
5112,"0135",2199,427,570,1772,1629
5113,"0131",1624,878,991,746,633
5113,"0135",1263,580,684,683,579
5114,"0131",1440,959,994,481,446
5114,"0135",1735,623,745,1112,990
5115,"0131",1357,999,1079,358,278
5115,"0135",1775,607,693,1168,1082
5116,"0131",1221,779,831,442,390
5116,"0135",1390,510,613,880,777
5117,"0131",1192,737,826,455,366
5117,"0135",1173,420,562,753,611
5118,"0131",1840,1229,1297,611,543
5118,"0135",1920,730,847,1190,1073
5119,"0131",1530,991,1017,539,513
5119,"0135",1358,459,559,899,799
5120,"0131",857,573,607,284,250
5120,"0135",912,359,404,553,508
5121,"0131",1064,795,820,269,244
5121,"0135",1426,456,577,970,849
5122,"0131",1527,705,670,822,857
5122,"0135",1347,1005,1170,342,177
5123,"0131",130,34,42,96,88
5123,"0135",46,65,74,-19,-28
5124,"0131",1023,555,602,468,421
5124,"0135",984,848,967,136,17
5125,"0131",1081,621,642,460,439
5125,"0135",906,800,950,106,-44
5126,"0131",586,563,480,23,106
5126,"0135",838,689,661,149,177
5127,"0131",156,78,65,78,91
5127,"0135",230,196,247,34,-17
5128,"0131",606,335,370,271,236
5128,"0135",599,547,524,52,75
5129,"0131",557,264,272,293,285
5129,"0135",560,411,526,149,34
5130,"0131",353,128,137,225,216
5130,"0135",201,226,264,-25,-63
5131,"0131",292,122,139,170,153
5131,"0135",163,169,211,-6,-48
5132,"0131",0,51,0,-51,0
5132,"0135",0,69,0,-69,0
5133,"0131",592,297,304,295,288
5133,"0135",448,410,456,38,-8
5134,"0131",1013,386,378,627,635
5134,"0135",349,532,583,-183,-234
5135,"0131",888,426,410,462,478
5135,"0135",695,581,731,114,-36
5136,"0131",951,670,675,281,276
5136,"0135",1197,731,872,466,325
5137,"0131",513,359,352,154,161
5137,"0135",861,595,679,266,182
5138,"0131",1017,467,465,550,552
5138,"0135",839,711,716,128,123
5139,"0131",512,290,292,222,220
5139,"0135",534,399,460,135,74
5140,"0131",229,166,160,63,69
5140,"0135",297,195,213,102,84
5141,"0131",1116,595,606,521,510
5141,"0135",1099,894,985,205,114
5142,"0131",765,375,378,390,387
5142,"0135",576,537,582,39,-6
5143,"0131",827,460,481,367,346
5143,"0135",823,633,664,190,159
5144,"0131",738,345,344,393,394
5144,"0135",585,388,595,197,-10
5145,"0131",863,334,330,529,533
5145,"0135",447,495,589,-48,-142
5146,"0131",949,479,471,470,478
5146,"0135",619,576,645,43,-26
5147,"0131",320,305,312,15,8
5147,"0135",797,385,459,412,338
5148,"0131",756,713,726,43,30
5148,"0135",1797,942,1066,855,731
5149,"0131",140,216,219,-76,-79
5149,"0135",497,168,222,329,275
5150,"0131",3,1,1,2,2
5150,"0135",9,6,8,3,1
5151,"0131",0,0,0,0,0
5151,"0135",0,0,0,0,0
5152,"0131",5,6,7,-1,-2
5152,"0135",20,6,10,14,10
5153,"0131",1107,567,505,540,602
5153,"0135",792,596,724,196,68
5154,"0131",410,572,505,-162,-95
5154,"0135",1298,541,626,757,672
5155,"0131",15,9,5,6,10
5155,"0135",29,18,17,11,12
5156,"0131",3,4,4,-1,-1
5156,"0135",12,4,2,8,10
5157,"0131",17,4,5,13,12
5157,"0135",4,13,14,-9,-10
5158,"0131",19,31,36,-12,-17
5158,"0135",131,58,70,73,61
5159,"0131",209,198,220,11,-11
5159,"0135",379,159,171,220,208
5160,"0131",419,289,339,130,80
5160,"0135",473,254,257,219,216
5161,"0131",771,602,584,169,187
5161,"0135",1051,618,675,433,376
5162,"0131",1355,1062,1076,293,279
5162,"0135",2087,1112,1244,975,843
5163,"0131",1922,1017,1059,905,863
5163,"0135",1254,1012,1130,242,124
5164,"0131",1081,782,792,299,289
5164,"0135",1623,893,1016,730,607
5165,"0131",1619,869,862,750,757
5165,"0135",995,822,939,173,56
5166,"0131",875,542,530,333,345
5166,"0135",739,472,572,267,167
5167,"0131",602,388,429,214,173
5167,"0135",723,431,515,292,208
5168,"0131",853,421,415,432,438
5168,"0135",517,440,516,77,1
5169,"0131",577,551,473,26,104
5169,"0135",723,429,437,294,286
5170,"0131",695,437,465,258,230
5170,"0135",640,424,462,216,178
5171,"0131",570,266,267,304,303
5171,"0135",196,206,242,-10,-46
5172,"0131",806,524,549,282,257
5172,"0135",674,466,464,208,210
5173,"0131",735,375,374,360,361
5173,"0135",341,312,367,29,-26
5174,"0131",908,548,541,360,367
5174,"0135",695,489,606,206,89
5175,"0131",564,460,512,104,52
5175,"0135",1006,455,521,551,485
5176,"0131",651,336,332,315,319
5176,"0135",409,347,405,62,4
5177,"0131",228,244,268,-16,-40
5177,"0135",576,248,303,328,273
5178,"0131",303,283,287,20,16
5178,"0135",485,224,265,261,220
5179,"0131",610,370,350,240,260
5179,"0135",432,312,381,120,51
5180,"0131",841,553,552,288,289
5180,"0135",1106,699,828,407,278
5181,"0131",22,3,3,19,19
5181,"0135",10,15,14,-5,-4
5182,"0131",332,139,156,193,176
5182,"0135",170,109,108,61,62
5183,"0131",21,17,13,4,8
5183,"0135",22,11,16,11,6
5184,"0131",482,250,249,232,233
5184,"0135",311,230,271,81,40
5185,"0131",401,284,266,117,135
5185,"0135",426,254,290,172,136
5186,"0131",268,122,130,146,138
5186,"0135",150,138,159,12,-9
5187,"0131",373,254,264,119,109
5187,"0135",424,249,296,175,128
5188,"0131",335,101,109,234,226
5188,"0135",24,135,146,-111,-122
5189,"0131",1,0,0,1,1
5189,"0135",14,8,13,6,1
5190,"0131",344,248,177,96,167
5190,"0135",324,250,243,74,81
5191,"0131",31,20,17,11,14
5191,"0135",9,8,12,1,-3
5192,"0131",85,100,97,-15,-12
5192,"0135",192,81,102,111,90
5193,"0131",0,0,0,0,0
5193,"0135",3,1,1,2,2
5194,"0131",4,1,2,3,2
5194,"0135",7,7,4,0,3
5195,"0131",2,1,1,1,1
5195,"0135",1,3,2,-2,-1
5196,"0131",1079,413,441,666,638
5196,"0135",647,587,740,60,-93
5197,"0131",872,586,493,286,379
5197,"0135",860,683,703,177,157
5198,"0131",1423,731,777,692,646
5198,"0135",1436,998,1231,438,205
5199,"0131",1038,454,491,584,547
5199,"0135",692,579,735,113,-43
5200,"0131",650,307,294,343,356
5200,"0135",497,351,463,146,34
5201,"0131",898,256,264,642,634
5201,"0135",115,361,442,-246,-327
5202,"0131",894,628,700,266,194
5202,"0135",1710,866,1076,844,634
5203,"0131",705,601,542,104,163
5203,"0135",1286,796,841,490,445
5204,"0131",1716,704,712,1012,1004
5204,"0135",934,944,1166,-10,-232
5205,"0131",1400,643,676,757,724
5205,"0135",1170,875,1085,295,85
5206,"0131",1577,658,718,919,859
5206,"0135",1022,822,1069,200,-47
5207,"0131",695,364,396,331,299
5207,"0135",775,508,631,267,144
5208,"0131",1368,675,694,693,674
5208,"0135",867,612,777,255,90
5209,"0131",921,761,789,160,132
5209,"0135",1618,731,917,887,701
5210,"0131",1136,817,815,319,321
5210,"0135",1695,835,1109,860,586
5211,"0131",872,516,534,356,338
5211,"0135",848,483,657,365,191
5212,"0131",688,437,449,251,239
5212,"0135",1002,547,676,455,326
5213,"0131",659,319,322,340,337
5213,"0135",475,354,428,121,47
5214,"0131",1407,823,752,584,655
5214,"0135",1146,863,986,283,160
5215,"0131",1743,676,667,1067,1076
5215,"0135",815,836,1084,-21,-269
5216,"0131",1911,1111,1128,800,783
5216,"0135",1760,1011,1375,749,385
5217,"0131",1358,670,677,688,681
5217,"0135",919,610,838,309,81
5218,"0131",836,501,493,335,343
5218,"0135",833,466,628,367,205
5219,"0131",1612,1200,1182,412,430
5219,"0135",1974,937,1247,1037,727
5220,"0131",2031,876,871,1155,1160
5220,"0135",845,801,1046,44,-201
5221,"0131",1470,1241,1267,229,203
5221,"0135",2738,1234,1570,1504,1168
5222,"0131",917,619,633,298,284
5222,"0135",1316,703,889,613,427
5223,"0131",1740,1054,1096,686,644
5223,"0135",1681,959,1234,722,447
5224,"0131",751,378,483,373,268
5224,"0135",669,383,485,286,184
5225,"0131",1251,681,697,570,554
5225,"0135",1283,733,955,550,328
5226,"0131",1393,680,792,713,601
5226,"0135",1136,679,941,457,195
5227,"0131",1303,787,810,516,493
5227,"0135",1217,634,862,583,355
5228,"0131",741,460,455,281,286
5228,"0135",653,386,510,267,143
5229,"0131",295,282,266,13,29
5229,"0135",556,241,296,315,260
5230,"0131",439,228,228,211,211
5230,"0135",413,272,349,141,64
5231,"0131",1084,511,501,573,583
5231,"0135",607,487,616,120,-9
5232,"0131",499,208,220,291,279
5232,"0135",365,282,343,83,22
5233,"0131",1060,760,769,300,291
5233,"0135",1471,773,942,698,529
5234,"0131",808,429,441,379,367
5234,"0135",590,375,500,215,90
5235,"0131",863,534,557,329,306
5235,"0135",947,499,676,448,271
5236,"0131",1766,740,1143,1026,623
5236,"0135",1368,451,997,917,371
5237,"0131",201,227,208,-26,-7
5237,"0135",367,139,176,228,191
5238,"0131",1667,861,1020,806,647
5238,"0135",1090,489,848,601,242
5239,"0131",180,236,248,-56,-68
5239,"0135",451,130,94,321,357
5240,"0131",837,672,831,165,6
5240,"0135",1125,389,515,736,610
5241,"0131",728,804,703,-76,25
5241,"0135",1178,511,591,667,587
5242,"0131",1180,535,562,645,618
5242,"0135",452,400,538,52,-86
5243,"0131",1358,1005,1083,353,275
5243,"0135",1613,684,892,929,721
5244,"0131",828,794,834,34,-6
5244,"0135",1562,514,766,1048,796
5245,"0131",1546,940,1207,606,339
5245,"0135",1708,725,1045,983,663
5246,"0131",1399,1129,1203,270,196
5246,"0135",1683,690,937,993,746
5247,"0131",1071,959,985,112,86
5247,"0135",1603,622,827,981,776
5248,"0131",892,604,664,288,228
5248,"0135",690,370,447,320,243
5249,"0131",1836,1247,1302,589,534
5249,"0135",1706,851,1099,855,607
5250,"0131",353,363,385,-10,-32
5250,"0135",751,290,387,461,364
5251,"0131",1641,1197,1269,444,372
5251,"0135",1914,854,1121,1060,793
5252,"0131",1730,1196,1256,534,474
5252,"0135",1449,690,902,759,547
5253,"0131",1342,970,1054,372,288
5253,"0135",1388,549,826,839,562
5254,"0131",678,354,367,324,311
5254,"0135",394,307,346,87,48
5255,"0131",810,661,705,149,105
5255,"0135",1071,353,567,718,504
5256,"0131",458,261,272,197,186
5256,"0135",133,114,146,19,-13
5257,"0131",1749,1167,1218,582,531
5257,"0135",1173,614,789,559,384
5258,"0131",1022,833,852,189,170
5258,"0135",1297,510,698,787,599
5259,"0131",1854,1294,1321,560,533
5259,"0135",1560,775,1004,785,556
5260,"0131",1604,1232,1180,372,424
5260,"0135",1849,819,1131,1030,718
5261,"0131",1594,1317,1303,277,291
5261,"0135",1879,820,1026,1059,853
5262,"0131",1387,1244,1246,143,141
5262,"0135",1751,721,903,1030,848
5263,"0131",1341,985,1014,356,327
5263,"0135",1293,523,727,770,566
5264,"0131",1959,1542,1568,417,391
5264,"0135",2141,862,1147,1279,994
5265,"0131",695,531,569,164,126
5265,"0135",756,305,411,451,345
5266,"0131",1201,584,548,617,653
5266,"0135",237,255,409,-18,-172
5267,"0131",842,637,679,205,163
5267,"0135",897,338,507,559,390
5268,"0131",971,843,869,128,102
5268,"0135",1334,481,671,853,663
5269,"0131",697,536,549,161,148
5269,"0135",743,283,410,460,333
5270,"0131",846,473,464,373,382
5270,"0135",289,207,310,82,-21
5271,"0131",679,319,319,360,360
5271,"0135",174,190,249,-16,-75
5272,"0131",258,220,217,38,41
5272,"0135",334,134,182,200,152
5273,"0131",103,186,201,-83,-98
5273,"0135",450,134,161,316,289
5274,"0131",438,389,387,49,51
5274,"0135",952,268,361,684,591
5275,"0131",380,302,307,78,73
5275,"0135",482,150,251,332,231
5276,"0131",457,431,480,26,-23
5276,"0135",692,169,298,523,394
5277,"0131",576,330,348,246,228
5277,"0135",297,183,255,114,42
5278,"0131",259,301,299,-42,-40
5278,"0135",562,179,242,383,320
5279,"0131",1125,404,418,721,707
5279,"0135",1146,986,1276,160,-130
5280,"0131",591,301,328,290,263
5280,"0135",1108,770,976,338,132
5281,"0131",999,334,354,665,645
5281,"0135",729,867,950,-138,-221
5282,"0131",1422,577,622,845,800
5282,"0135",1734,1426,1801,308,-67
5283,"0131",1373,503,536,870,837
5283,"0135",1317,1286,1500,31,-183
5284,"0131",1132,899,938,233,194
5284,"0135",1483,633,866,850,617
5285,"0131",703,592,634,111,69
5285,"0135",1022,408,549,614,473
5286,"0131",547,710,723,-163,-176
5286,"0135",1808,672,835,1136,973
5287,"0131",1608,881,916,727,692
5287,"0135",1258,790,1004,468,254
5288,"0131",1488,1085,1104,403,384
5288,"0135",1714,789,1064,925,650
5289,"0131",1005,355,442,650,563
5289,"0135",385,355,457,30,-72
5290,"0131",1370,884,922,486,448
5290,"0135",1209,592,808,617,401
5291,"0131",1552,1121,1065,431,487
5291,"0135",1598,870,949,728,649
5292,"0131",1856,931,983,925,873
5292,"0135",1198,703,927,495,271
5293,"0131",1106,942,1011,164,95
5293,"0135",1794,780,1000,1014,794
5294,"0131",1176,1044,937,132,239
5294,"0135",1431,690,855,741,576
5295,"0131",381,391,395,-10,-14
5295,"0135",757,278,380,479,377
5296,"0131",855,499,497,356,358
5296,"0135",854,471,612,383,242
5297,"0131",1268,835,842,433,426
5297,"0135",1308,695,909,613,399
5298,"0131",377,242,261,135,116
5298,"0135",427,232,293,195,134
5299,"0131",1020,555,551,465,469
5299,"0135",605,543,656,62,-51
5300,"0131",967,488,451,479,516
5300,"0135",397,467,584,-70,-187
5301,"0131",661,461,471,200,190
5301,"0135",691,422,529,269,162
5302,"0131",306,165,174,141,132
5302,"0135",243,173,217,70,26
5303,"0131",186,187,184,-1,2
5303,"0135",355,182,221,173,134
5304,"0131",324,263,299,61,25
5304,"0135",503,251,330,252,173
5305,"0131",952,397,379,555,573
5305,"0135",142,337,437,-195,-295
5306,"0131",159,182,189,-23,-30
5306,"0135",378,210,223,168,155
5307,"0131",459,184,176,275,283
5307,"0135",95,185,217,-90,-122
5308,"0131",303,124,126,179,177
5308,"0135",84,132,155,-48,-71
5309,"0131",885,938,962,-53,-77
5309,"0135",1858,838,976,1020,882
5310,"0131",148,145,155,3,-7
5310,"0135",278,129,139,149,139
5311,"0131",879,553,563,326,316
5311,"0135",755,496,596,259,159
5312,"0131",722,471,532,251,190
5312,"0135",916,401,630,515,286
5313,"0131",1338,748,717,590,621
5313,"0135",819,672,774,147,45
5314,"0131",1018,535,524,483,494
5314,"0135",601,468,631,133,-30
5315,"0131",101,86,84,15,17
5315,"0135",64,80,0,-16,64
5316,"0131",253,171,181,82,72
5316,"0135",294,183,205,111,89
5317,"0131",696,421,438,275,258
5317,"0135",678,450,536,228,142
5318,"0131",349,279,282,70,67
5318,"0135",459,210,307,249,152
5319,"0131",155,190,195,-35,-40
5319,"0135",487,197,221,290,266
5320,"0131",1298,978,1022,320,276
5320,"0135",1646,982,1155,664,491
5321,"0131",849,493,603,356,246
5321,"0135",983,544,748,439,235
5322,"0131",435,246,236,189,199
5322,"0135",250,197,250,53,0
5323,"0131",509,421,412,88,97
5323,"0135",842,511,542,331,300
5324,"0131",744,419,423,325,321
5324,"0135",636,518,598,118,38
5325,"0131",1709,945,952,764,757
5325,"0135",1242,1006,1162,236,80
5326,"0131",572,474,456,98,116
5326,"0135",839,493,577,346,262
5327,"0131",1100,647,626,453,474
5327,"0135",812,624,696,188,116
5328,"0131",1182,732,810,450,372
5328,"0135",1004,689,797,315,207
5329,"0131",1341,519,673,822,668
5329,"0135",575,634,708,-59,-133
5330,"0131",1371,964,1020,407,351
5330,"0135",1604,868,1014,736,590
5331,"0131",1368,741,747,627,621
5331,"0135",770,675,788,95,-18
5332,"0131",707,363,366,344,341
5332,"0135",367,366,399,1,-32
5333,"0131",549,278,270,271,279
5333,"0135",243,245,288,-2,-45
5334,"0131",728,882,880,-154,-152
5334,"0135",1378,582,700,796,678
5335,"0131",1135,827,824,308,311
5335,"0135",967,639,779,328,188
5336,"0131",780,656,620,124,160
5336,"0135",747,447,562,300,185
5337,"0131",730,398,357,332,373
5337,"0135",626,517,562,109,64
5338,"0131",1275,566,746,709,529
5338,"0135",1518,965,1261,553,257
5339,"0131",425,146,258,279,167
5339,"0135",391,148,281,243,110
5340,"0131",691,248,327,443,364
5340,"0135",406,425,440,-19,-34
5341,"0131",208,151,201,57,7
5341,"0135",356,174,194,182,162
5342,"0131",299,161,166,138,133
5342,"0135",248,178,206,70,42
5343,"0131",839,416,499,423,340
5343,"0135",806,579,642,227,164
5344,"0131",571,284,315,287,256
5344,"0135",536,390,460,146,76
5345,"0131",340,217,256,123,84
5345,"0135",470,290,324,180,146
5346,"0131",1007,401,487,606,520
5346,"0135",609,606,635,3,-26
5347,"0131",481,194,253,287,228
5347,"0135",328,291,322,37,6
5348,"0131",248,300,324,-52,-76
5348,"0135",813,249,382,564,431
5349,"0131",940,437,520,503,420
5349,"0135",707,545,592,162,115
5350,"0131",289,129,147,160,142
5350,"0135",234,171,213,63,21
5351,"0131",16,9,34,7,-18
5351,"0135",104,23,53,81,51
5352,"0131",28,0,10,28,18
5352,"0135",29,11,33,18,-4
5353,"0131",442,247,233,195,209
5353,"0135",399,307,358,92,41
5354,"0131",478,356,363,122,115
5354,"0135",666,394,471,272,195
5355,"0131",627,341,451,286,176
5355,"0135",855,396,568,459,287
5356,"0131",848,186,293,662,555
5356,"0135",456,638,658,-182,-202
5357,"0131",173,95,110,78,63
5357,"0135",181,154,142,27,39
5358,"0131",23,21,22,2,1
5358,"0135",44,21,27,23,17
5359,"0131",45,5,12,40,33
5359,"0135",14,23,38,-9,-24
5360,"0131",196,151,166,45,30
5360,"0135",459,253,282,206,177
5361,"0131",165,65,83,100,82
5361,"0135",67,68,76,-1,-9
5362,"0131",113,29,35,84,78
5362,"0135",168,107,139,61,29
5363,"0131",334,177,193,157,141
5363,"0135",169,145,189,24,-20
5364,"0131",914,197,199,717,715
5364,"0135",446,772,852,-326,-406
5365,"0131",1009,225,244,784,765
5365,"0135",908,1246,1270,-338,-362
5366,"0131",646,222,234,424,412
5366,"0135",1022,893,1080,129,-58
5367,"0131",1157,205,212,952,945
5367,"0135",491,881,1097,-390,-606
5368,"0131",1259,355,329,904,930
5368,"0135",1206,1515,1635,-309,-429
5369,"0131",1026,357,372,669,654
5369,"0135",1638,1448,1745,190,-107
5370,"0131",1880,479,503,1401,1377
5370,"0135",1671,1847,2312,-176,-641
5371,"0131",1145,388,417,757,728
5371,"0135",2096,1784,2130,312,-34
5372,"0131",1129,287,293,842,836
5372,"0135",912,1098,1326,-186,-414
5373,"0131",1154,384,399,770,755
5373,"0135",1572,1379,1772,193,-200
5374,"0131",1225,361,387,864,838
5374,"0135",1232,1341,1617,-109,-385
5375,"0131",1379,354,380,1025,999
5375,"0135",1096,1269,1585,-173,-489
5376,"0131",553,198,198,355,355
5376,"0135",832,762,909,70,-77
5377,"0131",406,108,157,298,249
5377,"0135",645,454,700,191,-55
5378,"0131",1387,412,444,975,943
5378,"0135",1105,1217,1470,-112,-365
5379,"0131",1841,485,525,1356,1316
5379,"0135",1205,1476,1809,-271,-604
5380,"0131",278,173,180,105,98
5380,"0135",821,536,629,285,192
5381,"0131",1405,449,496,956,909
5381,"0135",1324,1363,1597,-39,-273
5382,"0131",572,227,250,345,322
5382,"0135",798,648,813,150,-15
5383,"0131",552,148,153,404,399
5383,"0135",300,404,508,-104,-208
5384,"0131",593,263,278,330,315
5384,"0135",1082,851,1047,231,35
5385,"0131",1809,388,461,1421,1348
5385,"0135",996,1199,1626,-203,-630
5386,"0131",1023,274,287,749,736
5386,"0135",694,825,1034,-131,-340
5387,"0131",2096,626,563,1470,1533
5387,"0135",1343,1747,2047,-404,-704
5388,"0131",1114,541,443,573,671
5388,"0135",1642,1310,1640,332,2
5389,"0131",2105,541,561,1564,1544
5389,"0135",942,1423,1777,-481,-835
5390,"0131",900,388,416,512,484
5390,"0135",1373,1053,1303,320,70
5391,"0131",1045,508,535,537,510
5391,"0135",1979,1514,1749,465,230
5392,"0131",862,282,304,580,558
5392,"0135",863,820,1001,43,-138
5393,"0131",719,301,324,418,395
5393,"0135",952,795,961,157,-9
5394,"0131",579,204,231,375,348
5394,"0135",756,629,776,127,-20
5395,"0131",1158,501,547,657,611
5395,"0135",1857,1497,1799,360,58
5396,"0131",712,184,205,528,507
5396,"0135",407,567,663,-160,-256
5397,"0131",478,257,281,221,197
5397,"0135",1073,772,936,301,137
5398,"0131",1573,445,444,1128,1129
5398,"0135",667,936,1168,-269,-501
5399,"0131",297,164,165,133,132
5399,"0135",546,375,448,171,98
5400,"0131",281,160,151,121,130
5400,"0135",569,359,472,210,97
5401,"0131",1365,549,574,816,791
5401,"0135",1389,1133,1412,256,-23
5402,"0131",604,255,264,349,340
5402,"0135",521,421,551,100,-30
5403,"0131",1136,545,563,591,573
5403,"0135",1624,1147,1445,477,179
5404,"0131",463,292,306,171,157
5404,"0135",912,542,695,370,217
5405,"0131",852,313,327,539,525
5405,"0135",592,614,754,-22,-162
5406,"0131",1278,851,874,427,404
5406,"0135",1533,822,1024,711,509
5407,"0131",612,435,449,177,163
5407,"0135",1045,554,704,491,341
5408,"0131",1510,752,777,758,733
5408,"0135",1240,917,1163,323,77
5409,"0131",944,734,738,210,206
5409,"0135",1627,841,1052,786,575
5410,"0131",1106,838,806,268,300
5410,"0135",1682,907,1128,775,554
5411,"0131",405,502,481,-97,-76
5411,"0135",1260,559,722,701,538
5412,"0131",1392,755,770,637,622
5412,"0135",1373,1024,1164,349,209
5413,"0131",1328,731,831,597,497
5413,"0135",1497,814,1141,683,356
5414,"0131",1678,815,826,863,852
5414,"0135",1126,882,1111,244,15
5415,"0131",1283,882,876,401,407
5415,"0135",1811,962,1259,849,552
5416,"0131",694,197,505,497,189
5416,"0135",920,229,618,691,302
5417,"0131",1674,663,665,1011,1009
5417,"0135",858,891,1102,-33,-244
5418,"0131",1711,818,834,893,877
5418,"0135",1672,1261,1494,411,178
5419,"0131",1879,750,804,1129,1075
5419,"0135",1518,1229,1593,289,-75
5420,"0131",1286,592,565,694,721
5420,"0135",1273,1021,1184,252,89
5421,"0131",861,654,671,207,190
5421,"0135",1988,1042,1314,946,674
5422,"0131",1183,504,544,679,639
5422,"0135",1613,956,1351,657,262
5423,"0131",1039,597,579,442,460
5423,"0135",1457,961,1165,496,292
5424,"0131",1163,372,361,791,802
5424,"0135",548,683,784,-135,-236
5425,"0131",798,372,436,426,362
5425,"0135",899,495,752,404,147
5426,"0131",940,369,379,571,561
5426,"0135",743,659,774,84,-31
5427,"0131",1151,577,564,574,587
5427,"0135",1398,844,1157,554,241
5428,"0131",1539,580,595,959,944
5428,"0135",1218,1110,1323,108,-105
5429,"0131",1132,617,616,515,516
5429,"0135",1697,898,1343,799,354
5430,"0131",656,319,307,337,349
5430,"0135",520,409,504,111,16
5431,"0131",978,333,344,645,634
5431,"0135",681,783,916,-102,-235
5432,"0131",308,155,166,153,142
5432,"0135",515,486,447,29,68
5433,"0131",1478,453,495,1025,983
5433,"0135",1309,1487,1645,-178,-336
5434,"0131",641,139,160,502,481
5434,"0135",191,413,481,-222,-290
5435,"0131",1137,351,425,786,712
5435,"0135",1390,1125,1489,265,-99
5436,"0131",806,204,221,602,585
5436,"0135",617,702,864,-85,-247
5437,"0131",1192,525,561,667,631
5437,"0135",1864,1482,1817,382,47
5438,"0131",1172,372,423,800,749
5438,"0135",1002,1028,1228,-26,-226
5439,"0131",1509,433,550,1076,959
5439,"0135",1478,1191,1772,287,-294
5440,"0131",1205,517,521,688,684
5440,"0135",1571,1320,1587,251,-16
5441,"0131",889,291,295,598,594
5441,"0135",458,611,750,-153,-292
5442,"0131",1465,471,495,994,970
5442,"0135",1286,1376,1615,-90,-329
5443,"0131",959,336,343,623,616
5443,"0135",710,793,939,-83,-229
5444,"0131",137,108,97,29,40
5444,"0135",414,264,321,150,93
5445,"0131",685,302,274,383,411
5445,"0135",953,825,995,128,-42
5446,"0131",1685,489,481,1196,1204
5446,"0135",1039,1340,1590,-301,-551
5447,"0131",796,413,432,383,364
5447,"0135",1696,1210,1455,486,241
5448,"0131",1320,658,762,662,558
5448,"0135",768,693,735,75,33
5449,"0131",685,534,557,151,128
5449,"0135",907,518,589,389,318
5450,"0131",615,641,675,-26,-60
5450,"0135",1253,600,669,653,584
5451,"0131",807,575,786,232,21
5451,"0135",1295,544,735,751,560
5452,"0131",666,438,569,228,97
5452,"0135",920,421,588,499,332
5453,"0131",772,626,793,146,-21
5453,"0135",1287,674,775,613,512
5454,"0131",917,873,904,44,13
5454,"0135",1420,698,800,722,620
5455,"0131",1386,791,878,595,508
5455,"0135",981,748,840,233,141
5456,"0131",971,825,904,146,67
5456,"0135",1373,662,814,711,559
5457,"0131",353,374,418,-21,-65
5457,"0135",661,291,315,370,346
5458,"0131",221,229,234,-8,-13
5458,"0135",478,254,274,224,204
5459,"0131",508,330,320,178,188
5459,"0135",876,505,559,371,317
5460,"0131",767,467,482,300,285
5460,"0135",1166,649,748,517,418
5461,"0131",619,331,367,288,252
5461,"0135",672,396,449,276,223
5462,"0131",619,276,292,343,327
5462,"0135",520,411,553,109,-33
5463,"0131",227,109,112,118,115
5463,"0135",297,217,282,80,15
5464,"0131",164,20,18,144,146
5464,"0135",20,119,132,-99,-112
5465,"0131",659,263,279,396,380
5465,"0135",420,329,449,91,-29
5466,"0131",1053,472,462,581,591
5466,"0135",583,564,663,19,-80
5467,"0131",251,206,229,45,22
5467,"0135",562,280,334,282,228
5468,"0131",1123,446,388,677,735
5468,"0135",736,657,762,79,-26
5469,"0131",931,570,600,361,331
5469,"0135",1213,613,841,600,372
5470,"0131",691,434,431,257,260
5470,"0135",869,487,587,382,282
5471,"0131",1355,754,768,601,587
5471,"0135",951,760,933,191,18
5472,"0131",592,333,373,259,219
5472,"0135",558,393,476,165,82
5473,"0131",1909,1012,1112,897,797
5473,"0135",1475,1054,1290,421,185
5474,"0131",1580,1065,1132,515,448
5474,"0135",2050,1213,1443,837,607
5475,"0131",1090,564,626,526,464
5475,"0135",838,648,768,190,70
5476,"0131",1218,668,742,550,476
5476,"0135",976,671,775,305,201
5477,"0131",1159,751,920,408,239
5477,"0135",1631,791,1054,840,577
5478,"0131",797,505,522,292,275
5478,"0135",906,557,697,349,209
5479,"0131",184,116,121,68,63
5479,"0135",128,87,114,41,14
5480,"0131",0,71,82,-71,-82
5480,"0135",137,15,22,122,115
5481,"0131",1411,923,1069,488,342
5481,"0135",839,411,513,428,326
5482,"0131",1754,1214,1336,540,418
5482,"0135",1350,631,727,719,623
5483,"0131",1203,1142,1165,61,38
5483,"0135",1340,444,557,896,783
5484,"0131",973,1207,1462,-234,-489
5484,"0135",2180,608,651,1572,1529
5485,"0131",933,687,732,246,201
5485,"0135",757,309,400,448,357
5486,"0131",0,470,0,-470,0
5486,"0135",0,201,0,-201,0
5487,"0131",882,698,785,184,97
5487,"0135",803,329,358,474,445
5488,"0131",433,311,254,122,179
5488,"0135",61,159,115,-98,-54
5489,"0131",265,331,332,-66,-67
5489,"0135",556,187,202,369,354
5490,"0131",595,481,594,114,1
5490,"0135",598,270,225,328,373
5491,"0131",1010,645,654,365,356
5491,"0135",963,610,723,353,240
5492,"0131",2113,1008,1074,1105,1039
5492,"0135",1095,949,1101,146,-6
5493,"0131",325,149,159,176,166
5493,"0135",169,138,160,31,9
5494,"0131",655,464,495,191,160
5494,"0135",775,409,454,366,321
5495,"0131",475,301,322,174,153
5495,"0135",342,214,228,128,114
5496,"0131",934,1021,1185,-87,-251
5496,"0135",1524,434,481,1090,1043
5497,"0131",1483,957,1114,526,369
5497,"0135",983,502,558,481,425
5498,"0131",2040,1180,1429,860,611
5498,"0135",1078,447,659,631,419
5499,"0131",2178,1472,1676,706,502
5499,"0135",1436,642,786,794,650
5500,"0131",381,368,418,13,-37
5500,"0135",452,162,171,290,281
5501,"0131",469,394,440,75,29
5501,"0135",660,240,278,420,382
5502,"0131",485,313,322,172,163
5502,"0135",208,129,174,79,34
5503,"0131",1455,1558,1674,-103,-219
5503,"0135",2844,940,1105,1904,1739
5504,"0131",737,508,550,229,187
5504,"0135",703,315,389,388,314
5505,"0131",850,444,478,406,372
5505,"0135",325,262,282,63,43
5506,"0131",130,94,93,36,37
5506,"0135",115,52,64,63,51
5507,"0131",120,87,103,33,17
5507,"0135",185,91,101,94,84
5508,"0131",17,14,18,3,-1
5508,"0135",19,6,10,13,9
5509,"0131",1357,905,1496,452,-139
5509,"0135",1172,187,462,985,710
5510,"0131",1163,1122,1354,41,-191
5510,"0135",1131,387,411,744,720
5511,"0131",971,822,1173,149,-202
5511,"0135",987,245,333,742,654
5512,"0131",373,234,293,139,80
5512,"0135",115,85,84,30,31
5513,"0131",552,662,662,-110,-110
5513,"0135",903,501,535,402,368
5514,"0131",267,244,248,23,19
5514,"0135",305,213,225,92,80
5515,"0131",709,591,723,118,-14
5515,"0135",1009,550,673,459,336
5516,"0131",724,609,606,115,118
5516,"0135",698,544,545,154,153
5517,"0131",82,60,53,22,29
5517,"0135",35,43,44,-8,-9
5518,"0131",826,523,524,303,302
5518,"0135",417,472,545,-55,-128
5519,"0131",870,690,685,180,185
5519,"0135",632,535,614,97,18
5520,"0131",329,452,310,-123,19
5520,"0135",570,533,451,37,119
5521,"0131",837,487,475,350,362
5521,"0135",390,518,576,-128,-186
5522,"0131",38,258,259,-220,-221
5522,"0135",565,243,261,322,304
5523,"0131",166,159,165,7,1
5523,"0135",195,18,146,177,49
5524,"0131",30,66,60,-36,-30
5524,"0135",99,41,49,58,50
5525,"0131",432,222,223,210,209
5525,"0135",144,238,279,-94,-135
5526,"0131",1551,1333,1358,218,193
5526,"0135",1375,393,479,982,896
5527,"0131",808,486,516,322,292
5527,"0135",330,142,202,188,128
5528,"0131",1828,1243,1308,585,520
5528,"0135",1097,417,536,680,561
5529,"0131",468,263,268,205,200
5529,"0135",123,62,87,61,36
5530,"0131",523,327,362,196,161
5530,"0135",342,110,149,232,193
5531,"0131",1631,1337,1401,294,230
5531,"0135",1523,412,558,1111,965
5532,"0131",1738,1069,1169,669,569
5532,"0135",995,406,546,589,449
5533,"0131",1806,1406,1681,400,125
5533,"0135",1658,394,546,1264,1112
5534,"0131",580,1001,953,-421,-373
5534,"0135",1475,360,387,1115,1088
5535,"0131",1617,1341,1365,276,252
5535,"0135",1267,415,514,852,753
5536,"0131",1813,1331,1402,482,411
5536,"0135",1231,391,545,840,686
5537,"0131",1432,1293,1347,139,85
5537,"0135",1471,344,475,1127,996
5538,"0131",502,710,759,-208,-257
5538,"0135",1183,223,305,960,878
5539,"0131",995,995,1070,0,-75
5539,"0135",1310,339,421,971,889
5540,"0131",705,643,647,62,58
5540,"0135",703,157,226,546,477
5541,"0131",1164,1084,1139,80,25
5541,"0135",1388,437,550,951,838
5542,"0131",1809,1354,1272,455,537
5542,"0135",1032,424,562,608,470
5543,"0131",1583,1264,1353,319,230
5543,"0135",1288,387,515,901,773
5544,"0131",639,504,524,135,115
5544,"0135",467,131,203,336,264
5545,"0131",811,669,831,142,-20
5545,"0135",645,86,169,559,476
5546,"0131",437,674,664,-237,-227
5546,"0135",749,99,164,650,585
5547,"0131",1482,1144,1392,338,90
5547,"0135",1821,473,636,1348,1185
5548,"0131",686,613,765,73,-79
5548,"0135",1023,231,378,792,645
5549,"0131",1461,1154,1116,307,345
5549,"0135",1118,461,605,657,513
5550,"0131",963,1174,1254,-211,-291
5550,"0135",1883,435,658,1448,1225
5551,"0131",1412,1045,1145,367,267
5551,"0135",1131,404,537,727,594
5552,"0131",1258,1038,1168,220,90
5552,"0135",1580,483,715,1097,865
5553,"0131",1665,1024,1252,641,413
5553,"0135",1188,448,653,740,535
5554,"0131",1467,1111,1181,356,286
5554,"0135",1301,445,643,856,658
5555,"0131",1260,1342,1456,-82,-196
5555,"0135",1902,476,670,1426,1232
5556,"0131",954,751,803,203,151
5556,"0135",768,261,359,507,409
5557,"0131",784,840,852,-56,-68
5557,"0135",1098,303,413,795,685
5558,"0131",934,802,864,132,70
5558,"0135",1037,349,445,688,592
5559,"0131",1337,969,1023,368,314
5559,"0135",958,368,513,590,445
5560,"0131",999,830,894,169,105
5560,"0135",976,295,434,681,542
5561,"0131",1739,1058,1266,681,473
5561,"0135",986,397,599,589,387
5562,"0131",781,1042,1113,-261,-332
5562,"0135",1772,406,561,1366,1211
5563,"0131",1336,1127,1178,209,158
5563,"0135",1443,457,634,986,809
5564,"0131",1399,1140,1254,259,145
5564,"0135",1416,443,615,973,801
5565,"0131",1805,1552,1683,253,122
5565,"0135",1799,451,733,1348,1066
5566,"0131",695,645,678,50,17
5566,"0135",1089,240,443,849,646
5567,"0131",1226,1185,1252,41,-26
5567,"0135",1848,545,749,1303,1099
5568,"0131",1560,1085,1182,475,378
5568,"0135",1068,433,567,635,501
5569,"0131",1598,1590,1792,8,-194
5569,"0135",1517,288,463,1229,1054
5570,"0131",890,1287,1451,-397,-561
5570,"0135",1574,197,363,1377,1211
5571,"0131",1916,1957,2133,-41,-217
5571,"0135",1745,325,481,1420,1264
5572,"0131",1726,1939,2087,-213,-361
5572,"0135",1884,320,500,1564,1384
5573,"0131",1667,1441,1600,226,67
5573,"0135",1159,284,413,875,746
5574,"0131",1723,1910,1993,-187,-270
5574,"0135",1857,301,535,1556,1322
5575,"0131",986,1198,1264,-212,-278
5575,"0135",1283,245,354,1038,929
5576,"0131",1495,1577,1922,-82,-427
5576,"0135",1876,322,504,1554,1372
5577,"0131",1713,1805,1993,-92,-280
5577,"0135",1855,361,544,1494,1311
5578,"0131",1058,1332,1445,-274,-387
5578,"0135",1492,215,353,1277,1139
5579,"0131",1346,1434,1564,-88,-218
5579,"0135",1468,246,423,1222,1045
5580,"0131",1595,1724,1861,-129,-266
5580,"0135",1759,402,573,1357,1186
5581,"0131",1750,1773,1996,-23,-246
5581,"0135",1635,271,430,1364,1205
5582,"0131",1079,990,1074,89,5
5582,"0135",886,195,305,691,581
5583,"0131",1152,824,960,328,192
5583,"0135",547,145,253,402,294
5584,"0131",262,299,336,-37,-74
5584,"0135",300,65,83,235,217
5585,"0131",1459,1627,1643,-168,-184
5585,"0135",1400,304,432,1096,968
5586,"0131",1667,1510,1755,157,-88
5586,"0135",1375,297,447,1078,928
5587,"0131",881,979,1125,-98,-244
5587,"0135",1075,191,294,884,781
5588,"0131",1219,1115,1302,104,-83
5588,"0135",1062,191,334,871,728
5589,"0131",436,858,948,-422,-512
5589,"0135",1222,148,242,1074,980
5590,"0131",466,922,850,-456,-384
5590,"0135",1224,265,290,959,934
5591,"0131",401,521,557,-120,-156
5591,"0135",755,172,250,583,505
5592,"0131",1415,1266,1369,149,46
5592,"0135",1346,362,508,984,838
5593,"0131",1696,1314,1375,382,321
5593,"0135",1381,451,678,930,703
5594,"0131",931,532,762,399,169
5594,"0135",757,329,369,428,388
5595,"0131",1065,849,933,216,132
5595,"0135",945,275,459,670,486
5596,"0131",1668,1381,1561,287,107
5596,"0135",1688,446,759,1242,929
5597,"0131",1694,1249,1339,445,355
5597,"0135",1144,391,587,753,557
5598,"0131",706,760,839,-54,-133
5598,"0135",980,245,330,735,650
5599,"0131",1597,1308,1420,289,177
5599,"0135",1490,429,654,1061,836
5600,"0131",1078,1014,1111,64,-33
5600,"0135",1171,330,434,841,737
5601,"0131",1850,1509,1624,341,226
5601,"0135",1540,500,671,1040,869
5602,"0131",835,791,891,44,-56
5602,"0135",1083,296,414,787,669
5603,"0131",1306,1148,1252,158,54
5603,"0135",1512,457,611,1055,901
5604,"0131",1440,1204,1317,236,123
5604,"0135",1412,430,582,982,830
5605,"0131",597,1117,1239,-520,-642
5605,"0135",1949,337,485,1612,1464
5606,"0131",1001,804,848,197,153
5606,"0135",943,314,432,629,511
5607,"0131",1495,1072,1231,423,264
5607,"0135",1293,463,621,830,672
5608,"0131",1180,1326,1452,-146,-272
5608,"0135",1867,410,610,1457,1257
5609,"0131",1739,1396,1523,343,216
5609,"0135",1406,302,454,1104,952
5610,"0131",572,690,835,-118,-263
5610,"0135",1167,208,229,959,938
5611,"0131",1514,1386,1632,128,-118
5611,"0135",2049,415,537,1634,1512
5612,"0131",448,461,544,-13,-96
5612,"0135",734,129,182,605,552
5613,"0131",1718,1202,1331,516,387
5613,"0135",963,288,384,675,579
5614,"0131",1496,1495,1656,1,-160
5614,"0135",1984,387,516,1597,1468
5615,"0131",1144,809,938,335,206
5615,"0135",900,295,346,605,554
5616,"0131",1415,1641,1830,-226,-415
5616,"0135",2415,459,571,1956,1844
5617,"0131",1723,1413,1748,310,-25
5617,"0135",1944,391,542,1553,1402
5618,"0131",1728,1607,1992,121,-264
5618,"0135",2349,377,621,1972,1728
5619,"0131",1837,1510,1698,327,139
5619,"0135",1908,422,587,1486,1321
5620,"0131",1550,1054,1305,496,245
5620,"0135",1379,317,484,1062,895
5621,"0131",1347,740,816,607,531
5621,"0135",412,173,265,239,147
5622,"0131",1686,1194,1319,492,367
5622,"0135",1131,337,475,794,656
5623,"0131",1142,904,925,238,217
5623,"0135",845,199,271,646,574
5624,"0131",1483,1079,1309,404,174
5624,"0135",1081,254,364,827,717
5625,"0131",2391,1539,1902,852,489
5625,"0135",1657,455,634,1202,1023
5626,"0131",1661,1361,1566,300,95
5626,"0135",1562,285,428,1277,1134
5627,"0131",779,576,627,203,152
5627,"0135",583,136,214,447,369
5628,"0131",1449,1053,1367,396,82
5628,"0135",1506,293,430,1213,1076
5629,"0131",1078,1080,1217,-2,-139
5629,"0135",1870,377,495,1493,1375
5630,"0131",2181,1345,1530,836,651
5630,"0135",1463,403,570,1060,893
5631,"0131",1648,1325,1580,323,68
5631,"0135",1913,391,565,1522,1348
5632,"0131",816,453,654,363,162
5632,"0135",607,155,187,452,420
5633,"0131",748,547,650,201,98
5633,"0135",726,138,250,588,476
5634,"0131",1361,1133,1265,228,96
5634,"0135",1610,334,537,1276,1073
5635,"0131",1640,1065,1267,575,373
5635,"0135",1340,342,490,998,850
5636,"0131",1221,951,1105,270,116
5636,"0135",1415,264,448,1151,967
5637,"0131",1467,1119,1244,348,223
5637,"0135",1445,404,532,1041,913
5638,"0131",1794,1210,1311,584,483
5638,"0135",1435,567,750,868,685
5639,"0131",1057,1000,1193,57,-136
5639,"0135",1846,494,635,1352,1211
5640,"0131",1587,1070,1191,517,396
5640,"0135",1243,474,601,769,642
5641,"0131",1079,699,787,380,292
5641,"0135",949,373,498,576,451
5642,"0131",1377,1058,1038,319,339
5642,"0135",1278,530,612,748,666
5643,"0131",1014,868,952,146,62
5643,"0135",1300,410,533,890,767
5644,"0131",831,564,720,267,111
5644,"0135",873,233,342,640,531
5645,"0131",1270,1065,1226,205,44
5645,"0135",1641,505,671,1136,970
5646,"0131",716,513,574,203,142
5646,"0135",536,170,228,366,308
5647,"0131",1705,1067,1130,638,575
5647,"0135",1206,422,582,784,624
5648,"0131",853,481,664,372,189
5648,"0135",894,196,386,698,508
5649,"0131",1408,987,1039,421,369
5649,"0135",1225,383,563,842,662
5650,"0131",1527,1104,1212,423,315
5650,"0135",1383,437,526,946,857
5651,"0131",1527,1010,1117,517,410
5651,"0135",1422,410,574,1012,848
5652,"0131",1673,974,1059,699,614
5652,"0135",1219,434,638,785,581
5653,"0131",1010,1065,1106,-55,-96
5653,"0135",1875,402,584,1473,1291
5654,"0131",1224,837,905,387,319
5654,"0135",1110,349,465,761,645
5655,"0131",682,699,751,-17,-69
5655,"0135",1328,272,422,1056,906
5656,"0131",1822,1291,1424,531,398
5656,"0135",1955,574,695,1381,1260
5657,"0131",1037,1057,1142,-20,-105
5657,"0135",1841,371,533,1470,1308
5658,"0131",1163,930,1038,233,125
5658,"0135",1434,342,463,1092,971
5659,"0131",1467,1029,1080,438,387
5659,"0135",1076,320,426,756,650
5660,"0131",1543,874,936,669,607
5660,"0135",762,315,411,447,351
5661,"0131",651,427,564,224,87
5661,"0135",756,155,275,601,481
5662,"0131",171,168,170,3,1
5662,"0135",334,98,115,236,219
5663,"0131",1966,1115,1231,851,735
5663,"0135",1534,552,732,982,802
5664,"0131",925,729,805,196,120
5664,"0135",1395,430,537,965,858
5665,"0131",1389,1100,1238,289,151
5665,"0135",2332,565,808,1767,1524
5666,"0131",1906,1015,1135,891,771
5666,"0135",1615,705,923,910,692
5667,"0131",1793,1059,1172,734,621
5667,"0135",1705,598,885,1107,820
5668,"0131",939,512,602,427,337
5668,"0135",798,302,383,496,415
5669,"0131",1815,1039,1138,776,677
5669,"0135",1638,594,796,1044,842
5670,"0131",1499,803,859,696,640
5670,"0135",1108,453,606,655,502
5671,"0131",1688,892,988,796,700
5671,"0135",1234,618,756,616,478
5672,"0131",1014,1071,1070,-57,-56
5672,"0135",1894,502,652,1392,1242
5673,"0131",1913,1053,1117,860,796
5673,"0135",1300,643,814,657,486
5674,"0131",1197,841,1033,356,164
5674,"0135",1716,400,638,1316,1078
5675,"0131",1477,900,1073,577,404
5675,"0135",1682,442,790,1240,892
5676,"0131",1181,912,1020,269,161
5676,"0135",1724,539,696,1185,1028
5677,"0131",864,376,403,488,461
5677,"0135",374,256,310,118,64
5678,"0131",1764,1887,2181,-123,-417
5678,"0135",2315,374,472,1941,1843
5679,"0131",2719,2372,2604,347,115
5679,"0135",2244,416,589,1828,1655
5680,"0131",1377,1352,1670,25,-293
5680,"0135",1833,269,408,1564,1425
5681,"0131",1694,1187,1328,507,366
5681,"0135",872,216,304,656,568
5682,"0131",458,428,465,30,-7
5682,"0135",494,103,146,391,348
5683,"0131",29,18,24,11,5
5683,"0135",30,18,22,12,8
5684,"0131",160,61,68,99,92
5684,"0135",35,68,90,-33,-55
5685,"0131",1539,1011,1048,528,491
5685,"0135",1149,1025,1169,124,-20
5686,"0131",903,757,794,146,109
5686,"0135",1010,601,791,409,219
5687,"0131",283,289,170,-6,113
5687,"0135",192,271,226,-79,-34
5688,"0131",375,318,326,57,49
5688,"0135",416,294,313,122,103
5689,"0131",324,264,273,60,51
5689,"0135",186,135,175,51,11
5690,"0131",1665,1329,1329,336,336
5690,"0135",1786,618,987,1168,799
5691,"0131",521,447,454,74,67
5691,"0135",630,202,350,428,280
5692,"0131",958,998,958,-40,0
5692,"0135",1606,640,815,966,791
5693,"0131",1854,1317,1366,537,488
5693,"0135",1852,909,1225,943,627
5694,"0131",1423,1173,1093,250,330
5694,"0135",1434,650,853,784,581
5695,"0131",1798,1096,1144,702,654
5695,"0135",1352,751,1003,601,349
5696,"0131",1499,1191,1190,308,309
5696,"0135",1652,678,993,974,659
5697,"0131",1807,1371,1373,436,434
5697,"0135",1823,868,1135,955,688
5698,"0131",1083,734,784,349,299
5698,"0135",945,480,638,465,307
5699,"0131",1264,1030,1064,234,200
5699,"0135",1643,664,955,979,688
5700,"0131",1223,909,944,314,279
5700,"0135",1077,420,672,657,405
5701,"0131",968,872,919,96,49
5701,"0135",1356,589,738,767,618
5702,"0131",899,785,955,114,-56
5702,"0135",1617,468,793,1149,824
5703,"0131",1883,1755,1728,128,155
5703,"0135",1886,683,926,1203,960
5704,"0131",660,744,791,-84,-131
5704,"0135",1103,272,442,831,661
5705,"0131",1554,1219,1370,335,184
5705,"0135",1347,517,658,830,689
5706,"0131",804,730,801,74,3
5706,"0135",946,271,412,675,534
5707,"0131",444,392,408,52,36
5707,"0135",425,111,188,314,237
5708,"0131",920,1021,1087,-101,-167
5708,"0135",1418,400,549,1018,869
5709,"0131",1335,1337,1348,-2,-13
5709,"0135",1553,376,653,1177,900
5710,"0131",1688,1727,1889,-39,-201
5710,"0135",2316,542,910,1774,1406
5711,"0131",1726,1366,1476,360,250
5711,"0135",1207,537,603,670,604
5712,"0131",1831,1606,1723,225,108
5712,"0135",1916,565,915,1351,1001
5713,"0131",2014,1623,1764,391,250
5713,"0135",1723,592,863,1131,860
5714,"0131",1113,1241,1527,-128,-414
5714,"0135",2038,410,697,1628,1341
5715,"0131",1706,1580,1625,126,81
5715,"0135",1719,585,764,1134,955
5716,"0131",1708,1295,1331,413,377
5716,"0135",1216,505,699,711,517
5717,"0131",565,436,530,129,35
5717,"0135",520,138,227,382,293
5718,"0131",1819,1635,1779,184,40
5718,"0135",1681,409,666,1272,1015
5719,"0131",1159,903,993,256,166
5719,"0135",858,268,416,590,442
5720,"0131",1378,1755,1770,-377,-392
5720,"0135",2119,443,657,1676,1462
5721,"0131",1301,1091,1367,210,-66
5721,"0135",1293,262,501,1031,792
5722,"0131",2418,2149,2337,269,81
5722,"0135",1987,567,832,1420,1155
5723,"0131",1115,1076,1071,39,44
5723,"0135",1742,612,770,1130,972
5724,"0131",427,691,683,-264,-256
5724,"0135",1314,369,474,945,840
5725,"0131",1130,1140,1130,-10,0
5725,"0135",1762,498,836,1264,926
5726,"0131",1124,932,1000,192,124
5726,"0135",1495,557,740,938,755
5727,"0131",1475,1085,1147,390,328
5727,"0135",1734,734,964,1000,770
5728,"0131",337,535,418,-198,-81
5728,"0135",836,314,361,522,475
5729,"0131",1027,664,678,363,349
5729,"0135",741,341,492,400,249
5730,"0131",1873,768,1019,1105,854
5730,"0135",947,437,819,510,128
5731,"0131",2160,1429,1446,731,714
5731,"0135",1601,861,1023,740,578
5732,"0131",1214,1069,1061,145,153
5732,"0135",1341,574,666,767,675
5733,"0131",886,623,628,263,258
5733,"0135",817,387,490,430,327
5734,"0131",1374,760,897,614,477
5734,"0135",917,418,617,499,300
5735,"0131",1304,1421,1418,-117,-114
5735,"0135",2195,642,918,1553,1277
5736,"0131",1602,770,860,832,742
5736,"0135",725,460,708,265,17
5737,"0131",1225,721,727,504,498
5737,"0135",490,355,456,135,34
5738,"0131",2095,1452,1461,643,634
5738,"0135",1632,742,969,890,663
5739,"0131",1284,990,985,294,299
5739,"0135",1322,613,774,709,548
5740,"0131",615,868,698,-253,-83
5740,"0135",1177,382,480,795,697
5741,"0131",1760,1126,1137,634,623
5741,"0135",1114,583,823,531,291
5742,"0131",1097,1068,1089,29,8
5742,"0135",1840,723,852,1117,988
5743,"0131",896,1083,1077,-187,-181
5743,"0135",2047,716,939,1331,1108
5744,"0131",1280,1092,1081,188,199
5744,"0135",1688,703,960,985,728
5745,"0131",887,923,967,-36,-80
5745,"0135",1715,692,801,1023,914
5746,"0131",1863,1161,1230,702,633
5746,"0135",1354,698,911,656,443
5747,"0131",758,981,1025,-223,-267
5747,"0135",1775,532,688,1243,1087
5748,"0131",1003,1079,1138,-76,-135
5748,"0135",1970,671,895,1299,1075
5749,"0131",700,556,538,144,162
5749,"0135",1002,501,667,501,335
5750,"0131",515,551,535,-36,-20
5750,"0135",1168,466,590,702,578
5751,"0131",1316,850,875,466,441
5751,"0135",1521,946,1104,575,417
5752,"0131",1516,514,887,1002,629
5752,"0135",1336,515,1108,821,228
5753,"0131",1428,876,897,552,531
5753,"0135",1757,1087,1285,670,472
5754,"0131",1610,1018,1004,592,606
5754,"0135",1828,1075,1335,753,493
5755,"0131",1249,879,976,370,273
5755,"0135",1889,815,1177,1074,712
5756,"0131",1439,838,872,601,567
5756,"0135",1375,807,1066,568,309
5757,"0131",1306,977,1014,329,292
5757,"0135",2120,958,1289,1162,831
5758,"0131",863,627,610,236,253
5758,"0135",1138,590,747,548,391
5759,"0131",671,659,476,12,195
5759,"0135",1040,571,697,469,343
5760,"0131",1004,1080,1060,-76,-56
5760,"0135",2461,990,1284,1471,1177
5761,"0131",1226,780,787,446,439
5761,"0135",1278,743,929,535,349
5762,"0131",957,517,513,440,444
5762,"0135",747,478,637,269,110
5763,"0131",1116,579,559,537,557
5763,"0135",899,605,801,294,98
5764,"0131",1081,679,720,402,361
5764,"0135",1195,662,865,533,330
5765,"0131",1009,427,522,582,487
5765,"0135",666,444,645,222,21
5766,"0131",542,334,339,208,203
5766,"0135",655,350,457,305,198
5767,"0131",990,566,769,424,221
5767,"0135",1302,575,789,727,513
5768,"0131",1198,682,589,516,609
5768,"0135",801,635,732,166,69
5769,"0131",960,478,504,482,456
5769,"0135",730,506,636,224,94
5770,"0131",814,549,548,265,266
5770,"0135",891,501,625,390,266
5771,"0131",710,387,398,323,312
5771,"0135",421,326,388,95,33
5772,"0131",1016,617,634,399,382
5772,"0135",1257,752,867,505,390
5773,"0131",1295,944,957,351,338
5773,"0135",2039,1062,1308,977,731
5774,"0131",2767,1371,1443,1396,1324
5774,"0135",1785,1393,1701,392,84
5775,"0131",1052,504,521,548,531
5775,"0135",658,527,622,131,36
5776,"0131",1894,919,983,975,911
5776,"0135",1504,1107,1341,397,163
5777,"0131",1372,719,706,653,666
5777,"0135",1125,776,959,349,166
5778,"0131",1307,733,750,574,557
5778,"0135",979,636,794,343,185
5779,"0131",1468,868,809,600,659
5779,"0135",1282,865,1042,417,240
5780,"0131",883,520,465,363,418
5780,"0135",562,521,519,41,43
5781,"0131",1752,944,972,808,780
5781,"0135",1102,826,943,276,159
5782,"0131",1517,812,853,705,664
5782,"0135",1275,901,1075,374,200
5783,"0131",1026,781,804,245,222
5783,"0135",1537,687,947,850,590
5784,"0131",661,232,238,429,423
5784,"0135",249,293,361,-44,-112
5785,"0131",1735,1301,1500,434,235
5785,"0135",1416,479,618,937,798
5786,"0131",870,897,885,-27,-15
5786,"0135",1164,360,464,804,700
5787,"0131",895,625,612,270,283
5787,"0135",535,247,323,288,212
5788,"0131",1403,1241,1274,162,129
5788,"0135",1474,481,659,993,815
5789,"0131",1275,1235,1233,40,42
5789,"0135",1610,469,622,1141,988
5790,"0131",1947,1234,1308,713,639
5790,"0135",929,512,599,417,330
5791,"0131",2186,1550,1688,636,498
5791,"0135",1534,607,801,927,733
5792,"0131",1092,992,1044,100,48
5792,"0135",1172,388,483,784,689
5793,"0131",1698,953,976,745,722
5793,"0135",901,418,473,483,428
5794,"0131",1412,1171,1168,241,244
5794,"0135",1158,430,543,728,615
5795,"0131",13,247,133,-234,-120
5795,"0135",277,113,60,164,217
5796,"0131",103,369,245,-266,-142
5796,"0135",458,157,131,301,327
5797,"0131",446,383,387,63,59
5797,"0135",415,95,185,320,230
5798,"0131",840,724,719,116,121
5798,"0135",880,286,373,594,507
5799,"0131",941,563,606,378,335
5799,"0135",433,302,285,131,148
5800,"0131",2241,1433,1430,808,811
5800,"0135",1783,756,958,1027,825
5801,"0131",851,715,761,136,90
5801,"0135",1181,441,550,740,631
5802,"0131",1534,1011,1029,523,505
5802,"0135",1285,630,784,655,501
5803,"0131",790,572,589,218,201
5803,"0135",853,289,364,564,489
5804,"0131",2090,1360,1351,730,739
5804,"0135",1621,804,1010,817,611
5805,"0131",1133,904,900,229,233
5805,"0135",1169,509,585,660,584
5806,"0131",799,420,431,379,368
5806,"0135",342,241,295,101,47
5807,"0131",1256,895,934,361,322
5807,"0135",1063,501,573,562,490
5808,"0131",1008,739,732,269,276
5808,"0135",1004,428,542,576,462
5809,"0131",1306,1134,1209,172,97
5809,"0135",1801,603,792,1198,1009
5810,"0131",681,594,613,87,68
5810,"0135",1003,331,475,672,528
5811,"0131",646,650,658,-4,-12
5811,"0135",1068,361,467,707,601
5812,"0131",1917,1267,1224,650,693
5812,"0135",1229,621,804,608,425
5813,"0131",1177,1053,1025,124,152
5813,"0135",1653,642,740,1011,913
5814,"0131",1481,1151,1164,330,317
5814,"0135",1396,529,687,867,709
5815,"0131",1428,847,915,581,513
5815,"0135",1136,508,718,628,418
5816,"0131",631,538,552,93,79
5816,"0135",819,311,375,508,444
5817,"0131",385,224,221,161,164
5817,"0135",188,107,151,81,37
5818,"0131",426,302,292,124,134
5818,"0135",416,250,229,166,187
5819,"0131",183,119,118,64,65
5819,"0135",137,68,84,69,53
5820,"0131",927,851,847,76,80
5820,"0135",1180,727,937,453,243
5821,"0131",925,716,754,209,171
5821,"0135",983,670,828,313,155
5822,"0131",1005,348,544,657,461
5822,"0135",980,645,916,335,64
5823,"0131",1285,947,968,338,317
5823,"0135",1135,756,891,379,244
5824,"0131",345,576,357,-231,-12
5824,"0135",715,487,407,228,308
5825,"0131",1017,759,730,258,287
5825,"0135",965,616,551,349,414
5826,"0131",1630,1364,1428,266,202
5826,"0135",1760,760,1106,1000,654
5827,"0131",1962,1008,1371,954,591
5827,"0135",1300,579,1056,721,244
5828,"0131",1993,1275,1631,718,362
5828,"0135",1928,890,1178,1038,750
5829,"0131",1778,1391,1512,387,266
5829,"0135",1710,977,949,733,761
5830,"0131",2224,1803,1769,421,455
5830,"0135",1940,945,1281,995,659
5831,"0131",2649,1867,2131,782,518
5831,"0135",2208,1034,1491,1174,717
5832,"0131",1063,740,694,323,369
5832,"0135",1132,849,968,283,164
5833,"0131",572,635,522,-63,50
5833,"0135",888,582,576,306,312
5834,"0131",978,801,670,177,308
5834,"0135",456,411,451,45,5
5835,"0131",719,727,968,-8,-249
5835,"0135",1200,346,511,854,689
5836,"0131",1142,1126,1300,16,-158
5836,"0135",1289,343,597,946,692
5837,"0131",453,984,456,-531,-3
5837,"0135",526,321,290,205,236
5838,"0131",1328,690,750,638,578
5838,"0135",911,608,854,303,57
5839,"0131",838,246,516,592,322
5839,"0135",635,263,556,372,79
5840,"0131",4150,2598,2689,1552,1461
5840,"0135",3440,1802,2886,1638,554
5841,"0131",376,277,283,99,93
5841,"0135",384,248,306,136,78
5842,"0131",586,319,321,267,265
5842,"0135",439,328,426,111,13
5843,"0131",401,98,183,303,218
5843,"0135",121,95,201,26,-80
5844,"0131",276,166,174,110,102
5844,"0135",230,212,189,18,41
5845,"0131",4599,2761,2819,1838,1780
5845,"0135",3657,2431,3181,1226,476
5846,"0131",1476,980,1143,496,333
5846,"0135",2208,1086,1504,1122,704
5847,"0131",1614,868,1033,746,581
5847,"0135",1431,873,1158,558,273
5848,"0131",979,495,649,484,330
5848,"0135",836,412,668,424,168
5849,"0131",1342,604,775,738,567
5849,"0135",725,351,736,374,-11
5850,"0131",856,535,625,321,231
5850,"0135",1019,397,656,622,363
5851,"0131",701,108,350,593,351
5851,"0135",266,65,388,201,-122
5852,"0131",1208,1176,1277,32,-69
5852,"0135",2312,1038,1281,1274,1031
5853,"0131",611,419,479,192,132
5853,"0135",838,472,679,366,159
5854,"0131",518,382,425,136,93
5854,"0135",720,401,458,319,262
5855,"0131",24,14,19,10,5
5855,"0135",17,13,16,4,1
5856,"0131",142,245,232,-103,-90
5856,"0135",279,82,96,197,183
5857,"0131",1260,980,783,280,477
5857,"0135",501,368,364,133,137
5858,"0131",1753,1095,1284,658,469
5858,"0135",874,993,1118,-119,-244
5859,"0131",1013,946,966,67,47
5859,"0135",770,182,407,588,363
5860,"0131",179,127,166,52,13
5860,"0135",125,135,122,-10,3
5861,"0131",421,448,382,-27,39
5861,"0135",534,457,379,77,155
5862,"0131",1,0,1,1,0
5862,"0135",1,1,1,0,0
5863,"0131",0,110,0,-110,0
5863,"0135",0,47,0,-47,0
5864,"0131",74,128,124,-54,-50
5864,"0135",184,0,74,184,110
5865,"0131",92,97,125,-5,-33
5865,"0135",128,68,94,60,34
5866,"0131",176,186,214,-10,-38
5866,"0135",116,0,72,116,44
5867,"0131",17,41,36,-24,-19
5867,"0135",44,42,18,2,26
5868,"0131",39,77,73,-38,-34
5868,"0135",109,30,62,79,47
5869,"0131",186,346,115,-160,71
5869,"0135",45,150,76,-105,-31
5870,"0131",1515,965,1055,550,460
5870,"0135",403,539,603,-136,-200
5871,"0131",215,372,274,-157,-59
5871,"0135",212,101,109,111,103
5872,"0131",0,93,0,-93,0
5872,"0135",0,69,0,-69,0
5873,"0131",0,407,0,-407,0
5873,"0135",0,83,0,-83,0
5874,"0131",0,143,0,-143,0
5874,"0135",0,46,0,-46,0
5875,"0131",264,1693,258,-1429,6
5875,"0135",266,839,176,-573,90
5876,"0131",827,1653,597,-826,230
5876,"0135",325,843,344,-518,-19
5877,"0131",49,182,95,-133,-46
5877,"0135",131,91,72,40,59
5878,"0131",116,856,237,-740,-121
5878,"0135",344,277,172,67,172
5879,"0131",178,122,131,56,47
5879,"0135",106,121,132,-15,-26
5880,"0131",9,94,119,-85,-110
5880,"0135",212,90,93,122,119
5881,"0131",33,21,37,12,-4
5881,"0135",25,29,21,-4,4
5882,"0131",13,59,87,-46,-74
5882,"0135",146,61,60,85,86
5883,"0131",89,44,61,45,28
5883,"0135",119,142,140,-23,-21
5884,"0131",239,118,135,121,104
5884,"0135",12,11,98,1,-86
5885,"0131",21,34,40,-13,-19
5885,"0135",22,0,0,22,22
5886,"0131",0,6,0,-6,0
5886,"0135",0,17,0,-17,0
5887,"0131",0,65,0,-65,0
5887,"0135",0,47,0,-47,0
5888,"0131",366,250,283,116,83
5888,"0135",158,181,214,-23,-56
5889,"0131",97,78,111,19,-14
5889,"0135",87,82,70,5,17
5890,"0131",46,0,78,46,-32
5890,"0135",144,0,107,144,37
5891,"0131",334,324,427,10,-93
5891,"0135",453,274,308,179,145
5892,"0131",38,68,84,-30,-46
5892,"0135",77,21,22,56,55
5893,"0131",278,87,221,191,57
5893,"0135",174,56,146,118,28
5894,"0131",11,38,58,-27,-47
5894,"0135",64,1,6,63,58
5895,"0131",78,60,76,18,2
5895,"0135",123,123,107,0,16
5896,"0131",164,0,191,164,-27
5896,"0135",100,0,46,100,54
5897,"0131",147,393,158,-246,-11
5897,"0135",100,141,50,-41,50
5898,"0131",143,144,264,-1,-121
5898,"0135",331,45,129,286,202
5899,"0131",62,0,83,62,-21
5899,"0135",42,0,13,42,29
5900,"0131",564,322,777,242,-213
5900,"0135",611,80,240,531,371
5901,"0131",66,95,94,-29,-28
5901,"0135",39,7,6,32,33
5902,"0131",0,0,145,0,-145
5902,"0135",186,0,19,186,167
5903,"0131",5,139,102,-134,-97
5903,"0135",137,22,27,115,110
5904,"0131",331,335,325,-4,6
5904,"0135",94,21,55,73,39
5905,"0131",1504,540,1790,964,-286
5905,"0135",1505,203,827,1302,678
5906,"0131",154,0,298,154,-144
5906,"0135",234,0,72,234,162
5907,"0131",134,224,218,-90,-84
5907,"0135",158,15,42,143,116
5908,"0131",292,443,395,-151,-103
5908,"0135",194,31,74,163,120
5909,"0131",128,0,76,128,52
5909,"0135",24,0,58,24,-34
5910,"0131",186,285,268,-99,-82
5910,"0135",371,220,254,151,117
5911,"0131",111,145,142,-34,-31
5911,"0135",31,0,0,31,31
5912,"0131",613,497,637,116,-24
5912,"0135",1010,528,802,482,208
5913,"0131",16,79,83,-63,-67
5913,"0135",125,47,45,78,80
5914,"0131",0,0,0,0,0
5914,"0135",0,0,0,0,0
5915,"0131",7,136,134,-129,-127
5915,"0135",263,98,129,165,134
5916,"0131",100,81,75,19,25
5916,"0135",58,40,48,18,10
5917,"0131",266,224,240,42,26
5917,"0135",150,111,145,39,5
5918,"0131",41,145,139,-104,-98
5918,"0135",241,68,86,173,155
5919,"0131",1483,569,1418,914,65
5919,"0135",1689,529,1065,1160,624
5920,"0131",1516,524,1266,992,250
5920,"0135",1209,355,891,854,318
5921,"0131",38,64,61,-26,-23
5921,"0135",63,19,19,44,44
5922,"0131",1812,633,1830,1179,-18
5922,"0135",2435,475,1637,1960,798
5923,"0131",836,740,916,96,-80
5923,"0135",1017,594,651,423,366
5924,"0131",1215,570,937,645,278
5924,"0135",1364,500,1132,864,232
5925,"0131",586,405,512,181,74
5925,"0135",600,221,509,379,91
5926,"0131",186,290,275,-104,-89
5926,"0135",346,61,181,285,165
5927,"0131",138,73,76,65,62
5927,"0135",33,64,68,-31,-35
5928,"0131",1272,1054,1138,218,134
5928,"0135",1382,538,993,844,389
5929,"0131",326,977,555,-651,-229
5929,"0135",1006,526,555,480,451
5930,"0131",20,38,38,-18,-18
5930,"0135",36,4,5,32,31
5931,"0131",304,442,505,-138,-201
5931,"0135",608,179,304,429,304
5932,"0131",242,530,436,-288,-194
5932,"0135",518,126,230,392,288
5933,"0131",55,34,53,21,2
5933,"0135",25,3,2,22,23
5934,"0131",241,286,331,-45,-90
5934,"0135",240,73,77,167,163
5935,"0131",119,149,159,-30,-40
5935,"0135",183,57,95,126,88
5936,"0131",328,286,197,42,131
5936,"0135",144,155,132,-11,12
5937,"0131",18,151,205,-133,-187
5937,"0135",257,101,38,156,219
5938,"0131",272,196,188,76,84
5938,"0135",72,137,132,-65,-60
5939,"0131",180,311,272,-131,-92
5939,"0135",289,106,179,183,110
5940,"0131",87,286,287,-199,-200
5940,"0135",302,76,80,226,222
5941,"0131",206,403,450,-197,-244
5941,"0135",645,189,316,456,329
5942,"0131",157,236,103,-79,54
5942,"0135",38,91,78,-53,-40
5943,"0131",40,195,153,-155,-113
5943,"0135",224,50,99,174,125
5944,"0131",670,964,781,-294,-111
5944,"0135",945,436,698,509,247
5945,"0131",273,537,247,-264,26
5945,"0135",157,90,145,67,12
5946,"0131",1085,1039,1079,46,6
5946,"0135",723,525,506,198,217
5947,"0131",843,157,881,686,-38
5947,"0135",478,160,314,318,164
5948,"0131",91,0,103,91,-12
5948,"0135",32,0,16,32,16
5949,"0131",21,0,58,21,-37
5949,"0135",69,0,31,69,38
5950,"0131",1362,651,1200,711,162
5950,"0135",1558,440,1262,1118,296
5951,"0131",1315,258,1051,1057,264
5951,"0135",1133,202,1064,931,69
5952,"0131",558,398,423,160,135
5952,"0135",447,283,448,164,-1
5953,"0131",257,119,136,138,121
5953,"0135",7,57,118,-50,-111
5954,"0131",108,73,85,35,23
5954,"0135",82,0,91,82,-9
5955,"0131",27,162,173,-135,-146
5955,"0135",201,38,38,163,163
5956,"0131",727,208,447,519,280
5956,"0135",233,74,417,159,-184
5957,"0131",22,0,17,22,5
5957,"0135",16,0,16,16,0
5958,"0131",68,47,55,21,13
5958,"0135",61,42,53,19,8
5959,"0131",14,26,31,-12,-17
5959,"0135",17,6,0,11,17
5960,"0131",304,308,455,-4,-151
5960,"0135",419,527,260,-108,159
5961,"0131",22,39,56,-17,-34
5961,"0135",85,42,49,43,36
5962,"0131",408,59,277,349,131
5962,"0135",228,121,334,107,-106
5963,"0131",509,522,589,-13,-80
5963,"0135",281,107,100,174,181
5964,"0131",66,293,353,-227,-287
5964,"0135",396,184,102,212,294
5965,"0131",86,72,104,14,-18
5965,"0135",155,0,134,155,21
5966,"0131",94,141,173,-47,-79
5966,"0135",170,82,74,88,96
5967,"0131",35,52,82,-17,-47
5967,"0135",98,66,51,32,47
5968,"0131",525,477,417,48,108
5968,"0135",301,436,378,-135,-77
5969,"0131",1024,1094,1086,-70,-62
5969,"0135",790,482,538,308,252
5970,"0131",58,95,105,-37,-47
5970,"0135",101,20,17,81,84
5971,"0131",209,97,246,112,-37
5971,"0135",218,145,165,73,53
5972,"0131",362,269,363,93,-1
5972,"0135",112,55,106,57,6
5973,"0131",1323,1984,1756,-661,-433
5973,"0135",2821,1156,1776,1665,1045
5974,"0131",2273,1777,1756,496,517
5974,"0135",1706,1127,1685,579,21
5975,"0131",254,165,224,89,30
5975,"0135",413,342,425,71,-12
5976,"0131",418,0,328,418,90
5976,"0135",271,0,306,271,-35
5977,"0131",15,0,98,15,-83
5977,"0135",194,0,107,194,87
5978,"0131",82,115,100,-33,-18
5978,"0135",61,3,25,58,36
5979,"0131",28,79,68,-51,-40
5979,"0135",86,32,39,54,47
5980,"0131",221,168,178,53,43
5980,"0135",76,18,95,58,-19
5981,"0131",157,325,239,-168,-82
5981,"0135",279,84,164,195,115
5982,"0131",1085,796,1138,289,-53
5982,"0135",1284,1403,1142,-119,142
5983,"0131",0,24,0,-24,0
5983,"0135",0,0,0,0,0
5984,"0131",94,113,94,-19,0
5984,"0135",42,5,36,37,6
5985,"0131",0,64,0,-64,0
5985,"0135",0,86,0,-86,0
5986,"0131",308,252,223,56,85
5986,"0135",147,344,214,-197,-67
5987,"0131",74,188,125,-114,-51
5987,"0135",176,261,121,-85,55
5988,"0131",98,278,239,-180,-141
5988,"0135",346,132,185,214,161
5989,"0131",81,147,101,-66,-20
5989,"0135",96,20,1,76,95
5990,"0131",182,417,226,-235,-44
5990,"0135",216,30,142,186,74
5991,"0131",20,77,93,-57,-73
5991,"0135",171,97,91,74,80
5992,"0131",163,57,101,106,62
5992,"0135",14,123,1,-109,13
5993,"0131",1190,1628,1281,-438,-91
5993,"0135",1700,488,1130,1212,570
5994,"0131",1223,1603,1148,-380,75
5994,"0135",1329,693,941,636,388
5995,"0131",99,67,81,32,18
5995,"0135",9,7,7,2,2
5996,"0131",123,92,89,31,34
5996,"0135",35,15,21,20,14
5997,"0131",118,238,225,-120,-107
5997,"0135",266,18,39,248,227
5998,"0131",514,594,567,-80,-53
5998,"0135",553,263,328,290,225
5999,"0131",174,98,87,76,87
5999,"0135",6,51,82,-45,-76
6000,"0131",229,352,326,-123,-97
6000,"0135",283,112,132,171,151
6001,"0131",78,56,86,22,-8
6001,"0135",11,13,0,-2,11
6002,"0131",554,654,645,-100,-91
6002,"0135",566,226,270,340,296
6003,"0131",5,82,95,-77,-90
6003,"0135",133,12,30,121,103
6004,"0131",1100,1181,1055,-81,45
6004,"0135",1275,287,475,988,800
6005,"0131",2211,1987,1887,224,324
6005,"0135",1987,1103,1502,884,485
6006,"0131",1924,1835,1780,89,144
6006,"0135",2270,1060,1512,1210,758
6007,"0131",962,212,271,750,691
6007,"0135",764,818,1161,-54,-397
6008,"0131",1520,375,449,1145,1071
6008,"0135",1401,1363,1923,38,-522
6009,"0131",2110,518,669,1592,1441
6009,"0135",2093,1855,2779,238,-686
6010,"0131",1723,295,371,1428,1352
6010,"0135",733,1136,1617,-403,-884
6011,"0131",2501,498,683,2003,1818
6011,"0135",1472,1491,2440,-19,-968
6012,"0131",1774,513,610,1261,1164
6012,"0135",1866,1542,2310,324,-444
6013,"0131",1651,335,449,1316,1202
6013,"0135",983,1002,1679,-19,-696
6014,"0131",1057,303,365,754,692
6014,"0135",1022,894,1291,128,-269
6015,"0131",1518,465,583,1053,935
6015,"0135",1849,1467,2140,382,-291
6016,"0131",1415,454,582,961,833
6016,"0135",2019,1443,2132,576,-113
6017,"0131",1479,361,455,1118,1024
6017,"0135",1630,1627,2159,3,-529
6018,"0131",2378,694,773,1684,1605
6018,"0135",2737,2644,3530,93,-793
6019,"0131",1411,368,435,1043,976
6019,"0135",1468,1425,1990,43,-522
6020,"0131",2246,563,685,1683,1561
6020,"0135",1930,2136,2854,-206,-924
6021,"0131",1248,218,280,1030,968
6021,"0135",638,718,1190,-80,-552
6022,"0131",1033,219,253,814,780
6022,"0135",884,783,1233,101,-349
6023,"0131",1267,218,328,1049,939
6023,"0135",866,824,1328,42,-462
6024,"0131",4282,900,1166,3382,3116
6024,"0135",3518,2949,4865,569,-1347
6025,"0131",2893,599,753,2294,2140
6025,"0135",2998,2929,4125,69,-1127
6026,"0131",1011,271,350,740,661
6026,"0135",1657,1254,1808,403,-151
6027,"0131",2309,368,490,1941,1819
6027,"0135",1418,1772,2552,-354,-1134
6028,"0131",927,154,271,773,656
6028,"0135",709,595,998,114,-289
6029,"0131",1040,176,281,864,759
6029,"0135",868,767,1165,101,-297
6030,"0131",774,126,173,648,601
6030,"0135",944,1083,1370,-139,-426
6031,"0131",705,185,369,520,336
6031,"0135",892,249,671,643,221
6032,"0131",670,181,519,489,151
6032,"0135",1097,214,546,883,551
6033,"0131",2167,453,645,1714,1522
6033,"0135",2040,1370,2522,670,-482
6034,"0131",1335,293,397,1042,938
6034,"0135",1316,836,1590,480,-274
6035,"0131",1064,245,369,819,695
6035,"0135",1314,822,1450,492,-136
6036,"0131",847,130,185,717,662
6036,"0135",500,483,826,17,-326
6037,"0131",1186,158,325,1028,861
6037,"0135",301,273,654,28,-353
6038,"0131",1221,294,555,927,666
6038,"0135",1271,550,1160,721,111
6039,"0131",990,188,214,802,776
6039,"0135",581,680,1027,-99,-446
6040,"0131",2024,344,432,1680,1592
6040,"0135",1155,1135,1975,20,-820
6041,"0131",1385,260,370,1125,1015
6041,"0135",1527,1096,1855,431,-328
6042,"0131",629,185,266,444,363
6042,"0135",1249,659,1167,590,82
6043,"0131",517,139,192,378,325
6043,"0135",829,467,836,362,-7
6044,"0131",2090,347,463,1743,1627
6044,"0135",1101,1110,1985,-9,-884
6045,"0131",382,143,160,239,222
6045,"0135",716,488,672,228,44
6046,"0131",849,250,451,599,398
6046,"0135",623,275,605,348,18
6047,"0131",955,327,666,628,289
6047,"0135",1281,432,928,849,353
6048,"0131",1079,357,671,722,408
6048,"0135",1136,483,921,653,215
6049,"0131",778,316,587,462,191
6049,"0135",1182,400,838,782,344
6050,"0131",1601,399,637,1202,964
6050,"0135",1546,755,1632,791,-86
6051,"0131",1377,524,936,853,441
6051,"0135",2042,528,1205,1514,837
6052,"0131",1085,291,376,794,709
6052,"0135",1521,948,1582,573,-61
6053,"0131",1416,429,533,987,883
6053,"0135",2171,1314,2226,857,-55
6054,"0131",1352,384,475,968,877
6054,"0135",1723,970,1904,753,-181
6055,"0131",1383,315,435,1068,948
6055,"0135",1170,913,1542,257,-372
6056,"0131",744,310,466,434,278
6056,"0135",567,187,448,380,119
6057,"0131",1103,253,561,850,542
6057,"0135",1038,425,927,613,111
6058,"0131",633,192,411,441,222
6058,"0135",956,310,680,646,276
6059,"0131",1130,255,366,875,764
6059,"0135",1110,800,1351,310,-241
6060,"0131",982,160,281,822,701
6060,"0135",748,601,1003,147,-255
6061,"0131",169,20,33,149,136
6061,"0135",38,38,103,0,-65
6062,"0131",88,18,29,70,59
6062,"0135",79,43,94,36,-15
6063,"0131",1486,304,381,1182,1105
6063,"0135",1388,1379,1996,9,-608
6064,"0131",1574,430,529,1144,1045
6064,"0135",2070,1710,2464,360,-394
6065,"0131",962,320,423,642,539
6065,"0135",1664,1245,1748,419,-84
6066,"0131",1351,322,411,1029,940
6066,"0135",1260,1242,1732,18,-472
6067,"0131",1240,390,462,850,778
6067,"0135",1613,1331,1887,282,-274
6068,"0131",1010,158,467,852,543
6068,"0135",548,180,549,368,-1
6069,"0131",1611,351,639,1260,972
6069,"0135",1421,822,1557,599,-136
6070,"0131",1617,332,605,1285,1012
6070,"0135",1211,757,1481,454,-270
6071,"0131",54,10,18,44,36
6071,"0135",30,23,39,7,-9
6072,"0131",626,175,330,451,296
6072,"0135",903,348,736,555,167
6073,"0131",1823,328,719,1495,1104
6073,"0135",1735,768,1734,967,1
6074,"0131",2166,710,828,1456,1338
6074,"0135",2591,2086,2982,505,-391
6075,"0131",1500,387,522,1113,978
6075,"0135",1372,1045,1766,327,-394
6076,"0131",2016,486,633,1530,1383
6076,"0135",1653,1417,2274,236,-621
6077,"0131",1730,482,623,1248,1107
6077,"0135",1760,1234,2159,526,-399
6078,"0131",1092,317,391,775,701
6078,"0135",1302,965,1513,337,-211
6079,"0131",6,0,0,6,6
6079,"0135",1,5,6,-4,-5
6080,"0131",1349,351,572,998,777
6080,"0135",1431,1291,1669,140,-238
6081,"0131",890,205,263,685,627
6081,"0135",932,869,1223,63,-291
6082,"0131",1596,290,349,1306,1247
6082,"0135",686,1039,1533,-353,-847
6083,"0131",1781,430,611,1351,1170
6083,"0135",2001,1376,2217,625,-216
6084,"0131",2038,411,587,1627,1451
6084,"0135",1772,1413,2363,359,-591
6085,"0131",236,91,136,145,100
6085,"0135",577,286,483,291,94
6086,"0131",1028,307,421,721,607
6086,"0135",1178,839,1356,339,-178
6087,"0131",1100,252,369,848,731
6087,"0135",1084,809,1349,275,-265
6088,"0131",938,292,425,646,513
6088,"0135",1714,884,1580,830,134
6089,"0131",1621,264,375,1357,1246
6089,"0135",765,704,1384,61,-619
6090,"0131",942,141,211,801,731
6090,"0135",359,434,801,-75,-442
6091,"0131",1012,197,330,815,682
6091,"0135",837,560,1047,277,-210
6092,"0131",1994,340,535,1654,1459
6092,"0135",1213,966,1794,247,-581
6093,"0131",1471,413,598,1058,873
6093,"0135",1663,873,1710,790,-47
6094,"0131",683,153,220,530,463
6094,"0135",619,392,751,227,-132
6095,"0131",179,35,119,144,60
6095,"0135",315,76,224,239,91
6096,"0131",1499,335,549,1164,950
6096,"0135",1616,936,1723,680,-107
6097,"0131",607,196,298,411,309
6097,"0135",1164,633,1050,531,114
6098,"0131",923,220,323,703,600
6098,"0135",1115,803,1291,312,-176
6099,"0131",1140,295,445,845,695
6099,"0135",1381,863,1486,518,-105
6100,"0131",1201,272,412,929,789
6100,"0135",1340,962,1537,378,-197
6101,"0131",1599,349,507,1250,1092
6101,"0135",1479,1100,1839,379,-360
6102,"0131",1814,286,408,1528,1406
6102,"0135",763,981,1594,-218,-831
6103,"0131",1467,311,435,1156,1032
6103,"0135",1661,1033,1924,628,-263
6104,"0131",1536,363,509,1173,1027
6104,"0135",1879,1148,2058,731,-179
6105,"0131",933,255,307,678,626
6105,"0135",1172,1080,1502,92,-330
6106,"0131",985,315,385,670,600
6106,"0135",1638,1305,1868,333,-230
6107,"0131",933,197,231,736,702
6107,"0135",890,710,1220,180,-330
6108,"0131",1590,242,311,1348,1279
6108,"0135",469,851,1348,-382,-879
6109,"0131",998,239,293,759,705
6109,"0135",1134,873,1460,261,-326
6110,"0131",931,194,219,737,712
6110,"0135",620,765,1071,-145,-451
6111,"0131",1162,270,353,892,809
6111,"0135",1446,1087,1807,359,-361
6112,"0131",1148,295,408,853,740
6112,"0135",1436,895,1530,541,-94
6113,"0131",1342,271,380,1071,962
6113,"0135",1242,896,1604,346,-362
6114,"0131",769,180,236,589,533
6114,"0135",1192,642,1098,550,94
6115,"0131",1517,373,502,1144,1015
6115,"0135",2072,1260,2262,812,-190
6116,"0131",1026,249,287,777,739
6116,"0135",1199,1079,1585,120,-386
6117,"0131",1195,272,389,923,806
6117,"0135",1573,1171,1924,402,-351
6118,"0131",1460,251,308,1209,1152
6118,"0135",1003,1287,1767,-284,-764
6119,"0131",1945,421,624,1524,1321
6119,"0135",1737,1450,2371,287,-634
6120,"0131",1580,383,493,1197,1087
6120,"0135",1819,1351,2177,468,-358
6121,"0131",1865,480,615,1385,1250
6121,"0135",2448,1682,2740,766,-292
6122,"0131",1145,186,258,959,887
6122,"0135",648,585,1124,63,-476
6123,"0131",1331,247,302,1084,1029
6123,"0135",736,816,1302,-80,-566
6124,"0131",1319,313,395,1006,924
6124,"0135",1162,1136,1696,26,-534
6125,"0131",842,222,263,620,579
6125,"0135",1202,943,1449,259,-247
6126,"0131",1409,409,652,1000,757
6126,"0135",2061,1103,1973,958,88
6127,"0131",2445,590,919,1855,1526
6127,"0135",2041,1481,2468,560,-427
6128,"0131",1159,292,475,867,684
6128,"0135",1307,793,1354,514,-47
6129,"0131",1188,294,436,894,752
6129,"0135",1087,765,1288,322,-201
6130,"0131",1473,251,386,1222,1087
6130,"0135",1010,680,1386,330,-376
6131,"0131",667,159,227,508,440
6131,"0135",767,363,769,404,-2
6132,"0131",3104,507,567,2597,2537
6132,"0135",1287,1957,2877,-670,-1590
6133,"0131",648,187,242,461,406
6133,"0135",960,638,1036,322,-76
6134,"0131",1515,331,440,1184,1075
6134,"0135",1489,1163,1933,326,-444
6135,"0131",243,76,87,167,156
6135,"0135",316,221,344,95,-28
6136,"0131",1978,553,942,1425,1036
6136,"0135",2040,794,1819,1246,221
6137,"0131",492,171,289,321,203
6137,"0135",791,269,635,522,156
6138,"0131",1043,198,254,845,789
6138,"0135",568,402,880,166,-312
6139,"0131",698,90,163,608,535
6139,"0135",359,282,597,77,-238
6140,"0131",1503,317,462,1186,1041
6140,"0135",1342,734,1559,608,-217
6141,"0131",852,220,328,632,524
6141,"0135",976,533,961,443,15
6142,"0131",109,19,38,90,71
6142,"0135",130,71,133,59,-3
6143,"0131",1004,322,433,682,571
6143,"0135",1538,717,1338,821,200
6144,"0131",617,156,209,461,408
6144,"0135",630,278,620,352,10
6145,"0131",1418,325,436,1093,982
6145,"0135",1276,1001,1704,275,-428
6146,"0131",1798,399,524,1399,1274
6146,"0135",1702,1238,2179,464,-477
6147,"0131",1053,241,312,812,741
6147,"0135",844,708,1163,136,-319
6148,"0131",982,186,314,796,668
6148,"0135",861,563,1159,298,-298
6149,"0131",3117,950,1272,2167,1845
6149,"0135",3430,2515,3905,915,-475
6150,"0131",1202,336,458,866,744
6150,"0135",1317,945,1493,372,-176
6151,"0131",2468,692,927,1776,1541
6151,"0135",2375,1788,2693,587,-318
6152,"0131",953,256,322,697,631
6152,"0135",836,657,1065,179,-229
6153,"0131",1415,343,414,1072,1001
6153,"0135",1377,1089,1858,288,-481
6154,"0131",2204,479,594,1725,1610
6154,"0135",1393,1491,2325,-98,-932
6155,"0131",399,212,278,187,121
6155,"0135",1559,816,1290,743,269
6156,"0131",518,206,245,312,273
6156,"0135",1144,679,1086,465,58
6157,"0131",1632,384,438,1248,1194
6157,"0135",1512,1377,2010,135,-498
6158,"0131",1010,180,239,830,771
6158,"0135",714,647,1099,67,-385
6159,"0131",1865,345,428,1520,1437
6159,"0135",1218,1366,1981,-148,-763
6160,"0131",1598,338,466,1260,1132
6160,"0135",1387,948,1772,439,-385
6161,"0131",1732,338,461,1394,1271
6161,"0135",1260,866,1749,394,-489
6162,"0131",724,198,262,526,462
6162,"0135",864,428,910,436,-46
6163,"0131",1088,196,292,892,796
6163,"0135",1060,610,1322,450,-262
6164,"0131",1976,493,685,1483,1291
6164,"0135",2015,1172,2259,843,-244
6165,"0131",888,184,310,704,578
6165,"0135",669,326,745,343,-76
6166,"0131",1269,245,433,1024,836
6166,"0135",781,458,972,323,-191
6167,"0131",1016,281,493,735,523
6167,"0135",1298,527,1094,771,204
6168,"0131",1184,236,397,948,787
6168,"0135",885,417,1064,468,-179
6169,"0131",1689,329,581,1360,1108
6169,"0135",1148,606,1415,542,-267
6170,"0131",1062,178,318,884,744
6170,"0135",465,303,717,162,-252
6171,"0131",777,122,182,655,595
6171,"0135",222,223,496,-1,-274
6172,"0131",1172,253,462,919,710
6172,"0135",1109,433,1130,676,-21
6173,"0131",1512,308,561,1204,951
6173,"0135",1070,579,1249,491,-179
6174,"0131",394,98,191,296,203
6174,"0135",633,327,540,306,93
6175,"0131",651,145,352,506,299
6175,"0135",602,157,442,445,160
6176,"0131",1801,417,683,1384,1118
6176,"0135",1404,732,1608,672,-204
6177,"0131",1858,372,494,1486,1364
6177,"0135",1108,991,1775,117,-667
6178,"0131",914,311,398,603,516
6178,"0135",1378,845,1317,533,61
6179,"0131",784,186,260,598,524
6179,"0135",1024,645,1109,379,-85
6180,"0131",1235,321,444,914,791
6180,"0135",1489,993,1667,496,-178
6181,"0131",1312,278,394,1034,918
6181,"0135",961,748,1350,213,-389
6182,"0131",1468,489,680,979,788
6182,"0135",2269,1306,2167,963,102
6183,"0131",381,119,178,262,203
6183,"0135",619,316,581,303,38
6184,"0131",1221,198,291,1023,930
6184,"0135",1110,854,1543,256,-433
6185,"0131",1284,295,389,989,895
6185,"0135",1542,1185,1868,357,-326
6186,"0131",2134,519,672,1615,1462
6186,"0135",2552,1836,3054,716,-502
6187,"0131",1869,465,572,1404,1297
6187,"0135",2026,1447,2497,579,-471
6188,"0131",772,216,272,556,500
6188,"0135",1188,786,1266,402,-78
6189,"0131",812,162,212,650,600
6189,"0135",528,554,868,-26,-340
6190,"0131",2632,619,726,2013,1906
6190,"0135",2249,2046,3230,203,-981
6191,"0131",1586,366,443,1220,1143
6191,"0135",1651,1423,2178,228,-527
6192,"0131",1145,246,295,899,850
6192,"0135",747,783,1230,-36,-483
6193,"0131",1717,404,542,1313,1175
6193,"0135",1443,993,1838,450,-395
6194,"0131",1688,331,460,1357,1228
6194,"0135",1514,1130,2001,384,-487
6195,"0131",1161,173,301,988,860
6195,"0135",731,576,1070,155,-339
6196,"0131",2129,286,443,1843,1686
6196,"0135",573,931,1605,-358,-1032
6197,"0131",751,150,206,601,545
6197,"0135",565,448,817,117,-252
6198,"0131",1241,346,507,895,734
6198,"0135",1965,1200,1988,765,-23
6199,"0131",1312,294,400,1018,912
6199,"0135",1418,990,1701,428,-283
6200,"0131",859,214,392,645,467
6200,"0135",1208,589,1145,619,63
6201,"0131",1586,292,564,1294,1022
6201,"0135",1584,930,1747,654,-163
6202,"0131",1526,228,515,1298,1011
6202,"0135",1090,685,1390,405,-300
6203,"0131",259,45,126,214,133
6203,"0135",257,128,262,129,-5
6204,"0131",1100,185,324,915,776
6204,"0135",498,431,837,67,-339
6205,"0131",1244,321,370,923,874
6205,"0135",1436,1184,1818,252,-382
6206,"0131",1444,275,342,1169,1102
6206,"0135",1243,1274,1875,-31,-632
6207,"0131",1448,340,646,1108,802
6207,"0135",1103,522,1149,581,-46
6208,"0131",1306,267,539,1039,767
6208,"0135",933,405,1008,528,-75
6209,"0131",64,61,110,3,-46
6209,"0135",432,92,229,340,203
6210,"0131",805,354,579,451,226
6210,"0135",1178,438,826,740,352
6211,"0131",887,179,351,708,536
6211,"0135",611,305,694,306,-83
6212,"0131",983,255,504,728,479
6212,"0135",985,384,849,601,136
6213,"0131",2480,564,684,1916,1796
6213,"0135",2039,1762,2906,277,-867
6214,"0131",2574,474,607,2100,1967
6214,"0135",1649,1805,2775,-156,-1126
6215,"0131",1523,353,469,1170,1054
6215,"0135",1630,1206,1984,424,-354
6216,"0131",677,185,201,492,476
6216,"0135",907,645,1045,262,-138
6217,"0131",1085,303,483,782,602
6217,"0135",1005,542,1059,463,-54
6218,"0131",897,223,374,674,523
6218,"0135",705,428,783,277,-78
6219,"0131",867,246,391,621,476
6219,"0135",707,377,775,330,-68
6220,"0131",917,224,369,693,548
6220,"0135",663,390,796,273,-133
6221,"0131",826,218,389,608,437
6221,"0135",728,386,770,342,-42
6222,"0131",1553,82,116,1471,1437
6222,"0135",664,1762,1997,-1098,-1333
6223,"0131",1292,129,150,1163,1142
6223,"0135",724,1535,1708,-811,-984
6224,"0131",506,104,125,402,381
6224,"0135",980,1002,1257,-22,-277
6225,"0131",1485,341,471,1144,1014
6225,"0135",1683,959,1888,724,-205
6226,"0131",951,210,346,741,605
6226,"0135",1262,556,1186,706,76
6227,"0131",710,176,240,534,470
6227,"0135",847,436,887,411,-40
6228,"0131",1112,210,456,902,656
6228,"0135",1006,405,992,601,14
6229,"0131",1262,215,453,1047,809
6229,"0135",698,400,854,298,-156
6230,"0131",1867,347,499,1520,1368
6230,"0135",1515,1407,2173,108,-658
6231,"0131",2511,449,610,2062,1901
6231,"0135",1873,1894,2897,-21,-1024
6232,"0131",1111,185,293,926,818
6232,"0135",718,738,1143,-20,-425
6233,"0131",1197,230,315,967,882
6233,"0135",880,863,1364,17,-484
6234,"0131",1591,283,401,1308,1190
6234,"0135",1032,1011,1678,21,-646
6235,"0131",744,224,277,520,467
6235,"0135",1323,889,1376,434,-53
6236,"0131",522,115,160,407,362
6236,"0135",523,416,697,107,-174
6237,"0131",1576,398,664,1178,912
6237,"0135",1952,827,1862,1125,90
6238,"0131",1336,335,477,1001,859
6238,"0135",1151,666,1219,485,-68
6239,"0131",1880,395,665,1485,1215
6239,"0135",1508,849,1749,659,-241
6240,"0131",905,264,412,641,493
6240,"0135",1216,537,1003,679,213
6241,"0131",1008,230,444,778,564
6241,"0135",1112,559,1087,553,25
6242,"0131",1251,216,348,1035,903
6242,"0135",551,486,949,65,-398
6243,"0131",1383,241,402,1142,981
6243,"0135",653,455,1041,198,-388
6244,"0131",645,250,415,395,230
6244,"0135",1464,528,1066,936,398
6245,"0131",970,205,332,765,638
6245,"0135",616,410,829,206,-213
6246,"0131",693,187,317,506,376
6246,"0135",917,384,851,533,66
6247,"0131",706,112,238,594,468
6247,"0135",534,262,634,272,-100
6248,"0131",1228,207,446,1021,782
6248,"0135",1125,524,1210,601,-85
6249,"0131",1479,274,354,1205,1125
6249,"0135",1013,907,1522,106,-509
6250,"0131",1017,221,300,796,717
6250,"0135",942,686,1200,256,-258
6251,"0131",1822,369,454,1453,1368
6251,"0135",1199,1037,1865,162,-666
6252,"0131",1161,243,308,918,853
6252,"0135",951,831,1333,120,-382
6253,"0131",599,250,311,349,288
6253,"0135",1269,650,1168,619,101
6254,"0131",1589,272,374,1317,1215
6254,"0135",1124,1046,1724,78,-600
6255,"0131",457,114,192,343,265
6255,"0135",917,414,857,503,60
6256,"0131",465,188,328,277,137
6256,"0135",1425,537,1071,888,354
6257,"0131",2366,359,590,2007,1776
6257,"0135",1470,1098,2244,372,-774
6258,"0131",593,163,260,430,333
6258,"0135",1013,399,921,614,92
6259,"0131",338,126,174,212,164
6259,"0135",748,281,599,467,149
6260,"0131",1028,208,335,820,693
6260,"0135",1023,770,1198,253,-175
6261,"0131",1110,229,326,881,784
6261,"0135",1037,762,1290,275,-253
6262,"0131",938,127,230,811,708
6262,"0135",599,510,901,89,-302
6263,"0131",264,62,114,202,150
6263,"0135",561,300,496,261,65
6264,"0131",846,205,262,641,584
6264,"0135",796,472,975,324,-179
6265,"0131",930,239,670,691,260
6265,"0135",806,265,548,541,258
6266,"0131",1380,360,438,1020,942
6266,"0135",1775,1160,2023,615,-248
6267,"0131",970,246,329,724,641
6267,"0135",1594,990,1699,604,-105
6268,"0131",757,115,189,642,568
6268,"0135",577,394,866,183,-289
6269,"0131",1321,291,348,1030,973
6269,"0135",1362,939,1733,423,-371
6270,"0131",1472,394,501,1078,971
6270,"0135",2015,1276,2207,739,-192
6271,"0131",1070,282,346,788,724
6271,"0135",1645,1016,1743,629,-98
6272,"0131",1783,327,427,1456,1356
6272,"0135",1196,1060,1895,136,-699
6273,"0131",736,125,187,611,549
6273,"0135",630,503,866,127,-236
6274,"0131",54,12,28,42,26
6274,"0135",55,26,50,29,5
6275,"0131",1383,326,434,1057,949
6275,"0135",1433,842,1578,591,-145
6276,"0131",1010,205,280,805,730
6276,"0135",772,612,1069,160,-297
6277,"0131",1412,321,454,1091,958
6277,"0135",1801,1139,1985,662,-184
6278,"0131",880,272,392,608,488
6278,"0135",1601,835,1482,766,119
6279,"0131",1348,223,390,1125,958
6279,"0135",678,449,1084,229,-406
6280,"0131",525,86,156,439,369
6280,"0135",424,253,524,171,-100
6281,"0131",1220,309,366,911,854
6281,"0135",1807,1160,1937,647,-130
6282,"0131",1457,311,375,1146,1082
6282,"0135",1291,1044,1758,247,-467
6283,"0131",92,62,73,30,19
6283,"0135",462,210,357,252,105
6284,"0131",2145,348,607,1797,1538
6284,"0135",1558,1015,2008,543,-450
6285,"0131",3383,620,1067,2763,2316
6285,"0135",3162,1877,3689,1285,-527
6286,"0131",1145,195,342,950,803
6286,"0135",738,521,1009,217,-271
6287,"0131",973,151,314,822,659
6287,"0135",887,460,1029,427,-142
6288,"0131",1228,300,485,928,743
6288,"0135",1635,864,1640,771,-5
6289,"0131",1916,347,599,1569,1317
6289,"0135",1850,1120,2138,730,-288
6290,"0131",978,235,359,743,619
6290,"0135",1104,592,1006,512,98
6291,"0131",1201,279,524,922,677
6291,"0135",1870,835,1763,1035,107
6292,"0131",715,122,194,593,521
6292,"0135",584,288,751,296,-167
6293,"0131",1218,237,394,981,824
6293,"0135",621,652,975,-31,-354
6294,"0131",884,266,408,618,476
6294,"0135",927,457,973,470,-46
6295,"0131",266,160,292,106,-26
6295,"0135",820,254,542,566,278
6296,"0131",1194,314,475,880,719
6296,"0135",1670,884,1613,786,57
6297,"0131",1538,317,518,1221,1020
6297,"0135",1511,946,1761,565,-250
6298,"0131",1134,263,425,871,709
6298,"0135",1234,692,1296,542,-62
6299,"0131",1474,244,452,1230,1022
6299,"0135",1333,652,1542,681,-209
6300,"0131",1756,414,623,1342,1133
6300,"0135",1843,968,1973,875,-130
6301,"0131",1755,428,650,1327,1105
6301,"0135",2078,1124,2130,954,-52
6302,"0131",793,226,357,567,436
6302,"0135",1220,568,1131,652,89
6303,"0131",904,341,536,563,368
6303,"0135",1928,786,1524,1142,404
6304,"0131",917,134,195,783,722
6304,"0135",704,567,1104,137,-400
6305,"0131",262,34,53,228,209
6305,"0135",67,120,214,-53,-147
6306,"0131",157,27,35,130,122
6306,"0135",184,134,242,50,-58
6307,"0131",1998,296,432,1702,1566
6307,"0135",1394,1130,2125,264,-731
6308,"0131",1044,252,326,792,718
6308,"0135",1328,800,1476,528,-148
6309,"0131",662,114,309,548,353
6309,"0135",267,91,223,176,44
6310,"0131",2021,353,444,1668,1577
6310,"0135",1778,2242,2924,-464,-1146
6311,"0131",748,172,196,576,552
6311,"0135",971,996,1333,-25,-362
6312,"0131",1967,479,985,1488,982
6312,"0135",1790,655,1643,1135,147
6313,"0131",1670,431,807,1239,863
6313,"0135",1627,671,1538,956,89
6314,"0131",1219,336,668,883,551
6314,"0135",1324,476,1136,848,188
6315,"0131",1852,447,923,1405,929
6315,"0135",1419,650,1434,769,-15
6316,"0131",1189,280,349,909,840
6316,"0135",965,943,1419,22,-454
6317,"0131",1340,241,322,1099,1018
6317,"0135",854,1005,1465,-151,-611
6318,"0131",832,196,242,636,590
6318,"0135",745,664,1027,81,-282
6319,"0131",1503,513,630,990,873
6319,"0135",2330,1847,2589,483,-259
6320,"0131",1316,182,224,1134,1092
6320,"0135",1112,1640,1983,-528,-871
6321,"0131",1351,224,288,1127,1063
6321,"0135",1608,1921,2368,-313,-760
6322,"0131",568,174,197,394,371
6322,"0135",817,432,862,385,-45
6323,"0131",1309,258,358,1051,951
6323,"0135",1164,808,1484,356,-320
6324,"0131",709,168,214,541,495
6324,"0135",663,363,841,300,-178
6325,"0131",1353,304,425,1049,928
6325,"0135",1562,1245,1944,317,-382
6326,"0131",1543,255,359,1288,1184
6326,"0135",808,1043,1588,-235,-780
6327,"0131",1220,245,396,975,824
6327,"0135",1154,753,1410,401,-256
6328,"0131",1223,271,408,952,815
6328,"0135",1116,731,1373,385,-257
6329,"0131",1076,256,416,820,660
6329,"0135",1307,708,1383,599,-76
6330,"0131",950,137,245,813,705
6330,"0135",613,474,909,139,-296
6331,"0131",888,126,197,762,691
6331,"0135",423,320,767,103,-344
6332,"0131",767,229,286,538,481
6332,"0135",1253,928,1393,325,-140
6333,"0131",532,275,292,257,240
6333,"0135",1770,1088,1597,682,173
6334,"0131",1156,201,270,955,886
6334,"0135",1121,1553,1744,-432,-623
6335,"0131",1165,138,187,1027,978
6335,"0135",758,1221,1500,-463,-742
6336,"0131",918,177,226,741,692
6336,"0135",1312,1366,1740,-54,-428
6337,"0131",745,224,354,521,391
6337,"0135",1351,694,1236,657,115
6338,"0131",483,92,131,391,352
6338,"0135",290,250,462,40,-172
6339,"0131",974,218,262,756,712
6339,"0135",1222,1339,1673,-117,-451
6340,"0131",1184,208,276,976,908
6340,"0135",947,1246,1596,-299,-649
6341,"0131",1790,339,407,1451,1383
6341,"0135",1651,1944,2573,-293,-922
6342,"0131",1850,317,397,1533,1453
6342,"0135",1650,1968,2629,-318,-979
6343,"0131",623,67,78,556,545
6343,"0135",162,444,594,-282,-432
6344,"0131",614,231,408,383,206
6344,"0135",1764,649,1324,1115,440
6345,"0131",1162,213,342,949,820
6345,"0135",654,458,968,196,-314
6346,"0131",1707,426,739,1281,968
6346,"0135",2079,959,2055,1120,24
6347,"0131",722,163,254,559,468
6347,"0135",527,405,671,122,-144
6348,"0131",904,296,392,608,512
6348,"0135",1016,695,1118,321,-102
6349,"0131",480,180,235,300,245
6349,"0135",604,393,626,211,-22
6350,"0131",516,94,158,422,358
6350,"0135",447,528,677,-81,-230
6352,"0131",128,68,88,60,40
6352,"0135",65,37,69,28,-4
6353,"0131",125,71,162,54,-37
6353,"0135",298,53,145,245,153
6354,"0131",21,9,11,12,10
6354,"0135",70,11,29,59,41
6355,"0131",16,7,6,9,10
6355,"0135",16,2,13,14,3
6356,"0131",6,0,2,6,4
6356,"0135",2,1,0,1,2
6357,"0131",81,0,19,81,62
6357,"0135",6,0,43,6,-37
6358,"0131",1335,514,958,821,377
6358,"0135",1610,659,1052,951,558
6359,"0131",1525,398,792,1127,733
6359,"0135",890,468,880,422,10
6360,"0131",267,78,162,189,105
6360,"0135",464,253,404,211,60
6361,"0131",321,44,121,277,200
6361,"0135",166,155,249,11,-83
6362,"0131",94,3,16,91,78
6362,"0135",10,31,50,-21,-40
6363,"0131",58,40,78,18,-20
6363,"0135",107,27,68,80,39
6364,"0131",50,3,11,47,39
6364,"0135",4,21,27,-17,-23
6365,"0131",83,0,36,83,47
6365,"0135",36,23,43,13,-7
6366,"0131",545,98,183,447,362
6366,"0135",717,403,724,314,-7
6367,"0131",428,67,158,361,270
6367,"0135",575,308,537,267,38
6368,"0131",627,328,355,299,272
6368,"0135",463,221,472,242,-9
6369,"0131",1168,310,411,858,757
6369,"0135",1251,880,1362,371,-111
6370,"0131",1212,266,362,946,850
6370,"0135",918,730,1195,188,-277
6371,"0131",1051,161,216,890,835
6371,"0135",272,490,780,-218,-508
6372,"0131",469,207,274,262,195
6372,"0135",416,162,313,254,103
6373,"0131",166,5,19,161,147
6373,"0135",43,115,149,-72,-106
6374,"0131",359,201,244,158,115
6374,"0135",505,216,364,289,141
6375,"0131",564,292,427,272,137
6375,"0135",711,217,306,494,405
6376,"0131",1170,328,526,842,644
6376,"0135",749,433,844,316,-95
6377,"0131",1161,468,746,693,415
6377,"0135",1444,540,1023,904,421
6378,"0131",533,55,118,478,415
6378,"0135",870,402,706,468,164
6379,"0131",630,53,97,577,533
6379,"0135",471,308,581,163,-110
6380,"0131",21,10,19,11,2
6380,"0135",82,33,61,49,21
6381,"0131",79,49,53,30,26
6381,"0135",173,24,80,149,93
6382,"0131",1007,440,561,567,446
6382,"0135",1395,578,1162,817,233
6383,"0131",376,234,289,142,87
6383,"0135",943,330,631,613,312
6384,"0131",1269,464,622,805,647
6384,"0135",1400,582,1252,818,148
6385,"0131",1011,508,623,503,388
6385,"0135",1354,564,1095,790,259
6386,"0131",93,11,48,82,45
6386,"0135",5,12,17,-7,-12
6387,"0131",0,25,30,-25,-30
6387,"0135",105,19,49,86,56
6388,"0131",336,57,111,279,225
6388,"0135",251,106,272,145,-21
6389,"0131",559,180,247,379,312
6389,"0135",930,524,840,406,90
6390,"0131",566,127,177,439,389
6390,"0135",401,325,520,76,-119
6391,"0131",1267,191,341,1076,926
6391,"0135",812,577,1036,235,-224
6392,"0131",825,211,359,614,466
6392,"0135",1294,503,1015,791,279
6393,"0131",2639,464,754,2175,1885
6393,"0135",1839,1221,2322,618,-483
6394,"0131",1504,268,493,1236,1011
6394,"0135",1467,791,1509,676,-42
6395,"0131",860,194,350,666,510
6395,"0135",989,514,930,475,59
6396,"0131",295,79,112,216,183
6396,"0135",510,224,444,286,66
6397,"0131",2444,377,603,2067,1841
6397,"0135",1912,1239,2434,673,-522
6398,"0131",1515,259,393,1256,1122
6398,"0135",991,671,1314,320,-323
6399,"0131",1646,209,364,1437,1282
6399,"0135",822,671,1358,151,-536
6400,"0131",2063,233,380,1830,1683
6400,"0135",1203,1213,2206,-10,-1003
6401,"0131",1326,192,286,1134,1040
6401,"0135",1387,1068,1868,319,-481
6402,"0131",1747,181,256,1566,1491
6402,"0135",934,962,1838,-28,-904
6403,"0131",1254,251,352,1003,902
6403,"0135",1871,1138,2048,733,-177
6404,"0131",624,113,168,511,456
6404,"0135",977,587,1082,390,-105
6405,"0131",49,5,16,44,33
6405,"0135",173,30,92,143,81
6406,"0131",1493,184,386,1309,1107
6406,"0135",937,829,1540,108,-603
6407,"0131",938,151,294,787,644
6407,"0135",919,523,1180,396,-261
6408,"0131",608,129,230,479,378
6408,"0135",238,148,308,90,-70
6409,"0131",716,159,224,557,492
6409,"0135",324,303,560,21,-236
6410,"0131",288,111,159,177,129
6410,"0135",489,221,406,268,83
6411,"0131",98,79,103,19,-5
6411,"0135",180,61,104,119,76
6412,"0131",534,146,258,388,276
6412,"0135",956,376,843,580,113
6413,"0131",1762,287,506,1475,1256
6413,"0135",1764,1186,2267,578,-503
6414,"0131",2061,341,504,1720,1557
6414,"0135",1285,1179,2143,106,-858
6415,"0131",1541,307,435,1234,1106
6415,"0135",1603,1101,1980,502,-377
6416,"0131",1497,277,416,1220,1081
6416,"0135",1544,996,1894,548,-350
6417,"0131",1882,361,502,1521,1380
6417,"0135",1436,1085,2024,351,-588
6418,"0131",920,179,246,741,674
6418,"0135",883,572,1108,311,-225
6419,"0131",1496,214,324,1282,1172
6419,"0135",1068,939,1643,129,-575
6420,"0131",175,9,16,166,159
6420,"0135",52,79,178,-27,-126
6421,"0131",1301,247,498,1054,803
6421,"0135",986,388,1090,598,-104
6422,"0131",1268,311,622,957,646
6422,"0135",1842,529,1427,1313,415
6423,"0131",1412,251,446,1161,966
6423,"0135",727,367,968,360,-241
6424,"0131",1305,262,512,1043,793
6424,"0135",1280,595,1272,685,8
6425,"0131",1230,248,459,982,771
6425,"0135",1171,536,1323,635,-152
6426,"0131",2534,411,807,2123,1727
6426,"0135",1831,803,2044,1028,-213
6427,"0131",262,63,115,199,147
6427,"0135",471,162,357,309,114
6428,"0131",200,28,67,172,133
6428,"0135",78,98,164,-20,-86
6429,"0131",2090,377,539,1713,1551
6429,"0135",1302,1169,2057,133,-755
6430,"0131",1765,472,637,1293,1128
6430,"0135",1653,1169,1992,484,-339
6431,"0131",1316,336,471,980,845
6431,"0135",1350,851,1562,499,-212
6432,"0131",1554,415,578,1139,976
6432,"0135",1605,1050,1870,555,-265
6433,"0131",885,173,259,712,626
6433,"0135",675,513,961,162,-286
6434,"0131",1294,212,362,1082,932
6434,"0135",856,559,1190,297,-334
6435,"0131",1644,376,580,1268,1064
6435,"0135",1498,940,1673,558,-175
6436,"0131",595,195,320,400,275
6436,"0135",1016,463,871,553,145
6437,"0131",7,1,4,6,3
6437,"0135",35,12,23,23,12
6438,"0131",801,320,441,481,360
6438,"0135",1572,739,1231,833,341
6439,"0131",1071,296,371,775,700
6439,"0135",1035,700,1165,335,-130
6440,"0131",1066,293,374,773,692
6440,"0135",986,649,1096,337,-110
6441,"0131",1779,471,626,1308,1153
6441,"0135",1877,1161,1945,716,-68
6442,"0131",1180,363,457,817,723
6442,"0135",1369,832,1397,537,-28
6443,"0131",941,325,417,616,524
6443,"0135",1300,833,1406,467,-106
6444,"0131",1986,457,614,1529,1372
6444,"0135",1107,1285,1960,-178,-853
6445,"0131",1384,413,540,971,844
6445,"0135",1460,1185,1840,275,-380
6446,"0131",1096,295,422,801,674
6446,"0135",1614,1148,1776,466,-162
6447,"0131",1999,402,576,1597,1423
6447,"0135",1665,1704,2454,-39,-789
6448,"0131",1889,392,542,1497,1347
6448,"0135",1477,1530,2272,-53,-795
6449,"0131",3309,790,1170,2519,2139
6449,"0135",4410,3422,5204,988,-794
6450,"0131",1524,292,412,1232,1112
6450,"0135",1180,1221,1784,-41,-604
6451,"0131",1663,344,489,1319,1174
6451,"0135",1366,1373,2033,-7,-667
6452,"0131",278,42,72,236,206
6452,"0135",249,123,265,126,-16
6453,"0131",2146,337,542,1809,1604
6453,"0135",1327,983,1860,344,-533
6454,"0131",2052,399,589,1653,1463
6454,"0135",1616,1052,2016,564,-400
6455,"0131",314,74,117,240,197
6455,"0135",479,220,419,259,60
6456,"0131",340,66,296,274,44
6456,"0135",158,39,105,119,53
6457,"0131",18,1,3,17,15
6457,"0135",1,4,8,-3,-7
6458,"0131",10,47,68,-37,-58
6458,"0135",129,17,27,112,102
6459,"0131",43,13,35,30,8
6459,"0135",107,49,62,58,45
6460,"0131",1,0,0,1,1
6460,"0135",3,0,1,3,2
6461,"0131",1667,824,1511,843,156
6461,"0135",2718,818,1630,1900,1088
6462,"0131",1736,554,1127,1182,609
6462,"0135",1571,638,1185,933,386
6463,"0131",1427,566,1054,861,373
6463,"0135",1899,599,1246,1300,653
6464,"0131",2273,778,1579,1495,694
6464,"0135",1979,696,1410,1283,569
6465,"0131",2345,624,1117,1721,1228
6465,"0135",933,629,1200,304,-267
6466,"0131",227,117,234,110,-7
6466,"0135",265,103,146,162,119
6467,"0131",351,191,530,160,-179
6467,"0135",523,85,174,438,349
6468,"0131",221,59,248,162,-27
6468,"0135",129,44,56,85,73
6469,"0131",200,27,101,173,99
6469,"0135",55,42,134,13,-79
6470,"0131",3,18,33,-15,-30
6470,"0135",39,3,5,36,34
6471,"0131",156,62,77,94,79
6471,"0135",43,102,75,-59,-32
6472,"0131",30,17,22,13,8
6472,"0135",27,15,18,12,9
6473,"0131",402,140,334,262,68
6473,"0135",200,78,149,122,51
6474,"0131",153,91,356,62,-203
6474,"0135",405,97,65,308,340
6475,"0131",218,311,499,-93,-281
6475,"0135",515,90,121,425,394
6476,"0131",19,11,16,8,3
6476,"0135",34,14,25,20,9
6477,"0131",69,15,41,54,28
6477,"0135",21,19,29,2,-8
6478,"0131",1,1,5,0,-4
6478,"0135",13,0,5,13,8
6479,"0131",21,0,6,21,15
6479,"0135",6,0,4,6,2
6480,"0131",12,0,4,12,8
6480,"0135",1,0,6,1,-5
6481,"0131",864,590,742,274,122
6481,"0135",831,263,430,568,401
6482,"0131",54,5,16,49,38
6482,"0135",13,2,19,11,-6
6483,"0131",587,598,1003,-11,-416
6483,"0135",1152,283,378,869,774
6484,"0131",43,11,66,32,-23
6484,"0135",46,12,17,34,29
6485,"0131",1017,293,541,724,476
6485,"0135",804,352,731,452,73
6486,"0131",401,145,263,256,138
6486,"0135",585,200,386,385,199
6487,"0131",631,183,365,448,266
6487,"0135",589,268,475,321,114
6488,"0131",531,158,264,373,267
6488,"0135",507,237,454,270,53
6489,"0131",291,284,305,7,-14
6489,"0135",162,101,76,61,86
6491,"0131",106,76,80,30,26
6491,"0135",104,83,52,21,52
6492,"0131",539,172,220,367,319
6492,"0135",824,458,569,366,255
6493,"0131",707,310,393,397,314
6493,"0135",1063,679,940,384,123
6494,"0131",322,156,185,166,137
6494,"0135",432,243,362,189,70
6495,"0131",1481,536,736,945,745
6495,"0135",1012,773,1010,239,2
6496,"0131",689,287,327,402,362
6496,"0135",555,361,522,194,33
6497,"0131",1171,453,607,718,564
6497,"0135",805,524,761,281,44
6498,"0131",502,223,235,279,267
6498,"0135",385,348,425,37,-40
6499,"0131",941,154,255,787,686
6499,"0135",968,875,1117,93,-149
6500,"0131",730,133,195,597,535
6500,"0135",847,677,914,170,-67
6501,"0131",4,0,0,4,4
6501,"0135",9,5,8,4,1
6502,"0131",706,131,188,575,518
6502,"0135",598,540,710,58,-112
6503,"0131",14,10,7,4,7
6503,"0135",40,21,25,19,15
6504,"0131",17,15,23,2,-6
6504,"0135",196,94,113,102,83
6505,"0131",37,6,6,31,31
6505,"0135",7,7,18,0,-11
6506,"0131",882,246,397,636,485
6506,"0135",1144,536,746,608,398
6507,"0131",769,193,373,576,396
6507,"0135",995,446,640,549,355
6508,"0131",20,113,106,-93,-86
6508,"0135",222,44,74,178,148
6509,"0131",889,370,437,519,452
6509,"0135",1277,645,928,632,349
6510,"0131",596,257,405,339,191
6510,"0135",541,286,517,255,24
6511,"0131",917,248,301,669,616
6511,"0135",443,505,672,-62,-229
6512,"0131",941,196,253,745,688
6512,"0135",139,370,512,-231,-373
6513,"0131",385,63,143,322,242
6513,"0135",397,214,322,183,75
6514,"0131",571,127,162,444,409
6514,"0135",244,270,449,-26,-205
6515,"0131",383,386,360,-3,23
6515,"0135",1022,531,756,491,266
6516,"0131",1104,507,516,597,588
6516,"0135",563,494,729,69,-166
6517,"0131",505,161,242,344,263
6517,"0135",585,389,586,196,-1
6518,"0131",1000,378,563,622,437
6518,"0135",1139,633,1096,506,43
6519,"0131",269,67,103,202,166
6519,"0135",221,121,189,100,32
6520,"0131",14,12,14,2,0
6520,"0135",42,20,35,22,7
6521,"0131",225,144,146,81,79
6521,"0135",210,138,199,72,11
6522,"0131",496,127,172,369,324
6522,"0135",467,317,483,150,-16
6523,"0131",16,3,2,13,14
6523,"0135",9,8,11,1,-2
6524,"0131",333,49,77,284,256
6524,"0135",176,177,292,-1,-116
6525,"0131",644,222,281,422,363
6525,"0135",938,502,797,436,141
6526,"0131",1556,260,474,1296,1082
6526,"0135",886,576,1057,310,-171
6527,"0131",0,0,0,0,0
6527,"0135",0,0,0,0,0
6528,"0131",6,0,0,6,6
6528,"0135",1,3,4,-2,-3
6529,"0131",1410,737,824,673,586
6529,"0135",1305,876,1191,429,114
6530,"0131",1983,934,1029,1049,954
6530,"0135",1310,989,1456,321,-146
6531,"0131",983,562,596,421,387
6531,"0135",1747,1026,1467,721,280
6532,"0131",3663,2172,2368,1491,1295
6532,"0135",4768,2638,3854,2130,914
6533,"0131",3168,1886,2076,1282,1092
6533,"0135",4168,2399,3372,1769,796
6534,"0131",1441,1011,1128,430,313
6534,"0135",2314,1109,1627,1205,687
6535,"0131",4075,2163,2387,1912,1688
6535,"0135",3998,2555,3623,1443,375
6536,"0131",1643,1078,1214,565,429
6536,"0135",2373,1061,1742,1312,631
6537,"0131",1658,883,968,775,690
6537,"0135",1578,1075,1485,503,93
6538,"0131",1987,1063,1139,924,848
6538,"0135",1815,1212,1710,603,105
6539,"0131",1699,951,1047,748,652
6539,"0135",1822,1071,1584,751,238
6540,"0131",867,572,649,295,218
6540,"0135",1317,660,966,657,351
6541,"0131",1164,734,804,430,360
6541,"0135",1534,804,1199,730,335
6542,"0131",1199,668,757,531,442
6542,"0135",983,532,837,451,146
6543,"0131",1702,849,973,853,729
6543,"0135",1021,643,1026,378,-5
6544,"0131",781,419,590,362,191
6544,"0135",870,453,644,417,226
6545,"0131",1740,1116,1328,624,412
6545,"0135",1777,808,1259,969,518
6546,"0131",1235,965,1095,270,140
6546,"0135",1724,709,1079,1015,645
6547,"0131",415,274,312,141,103
6547,"0135",373,198,292,175,81
6549,"0131",312,107,155,205,157
6549,"0135",85,73,164,12,-79
6550,"0131",10,3,10,7,0
6550,"0135",7,4,5,3,2
6551,"0131",7,14,31,-7,-24
6551,"0135",81,19,40,62,41
6552,"0131",43,81,152,-38,-109
6552,"0135",220,43,59,177,161
6553,"0131",88,32,83,56,5
6553,"0135",206,87,148,119,58
6554,"0131",104,7,34,97,70
6554,"0135",164,35,70,129,94
6555,"0131",114,98,279,16,-165
6555,"0135",336,136,113,200,223
6556,"0131",829,348,595,481,234
6556,"0135",1552,516,1024,1036,528
6557,"0131",1474,358,672,1116,802
6557,"0135",1166,548,1166,618,0
6558,"0131",1178,418,754,760,424
6558,"0135",1754,546,1264,1208,490
6559,"0131",1635,377,706,1258,929
6559,"0135",1003,484,1036,519,-33
6560,"0131",1421,303,635,1118,786
6560,"0135",940,420,995,520,-55
6561,"0131",736,190,344,546,392
6561,"0135",572,238,540,334,32
6562,"0131",103,122,161,-19,-58
6562,"0135",123,34,34,89,89
6563,"0131",37,5,12,32,25
6563,"0135",10,19,24,-9,-14
6564,"0131",36,12,20,24,16
6564,"0135",6,4,8,2,-2
6565,"0131",1393,226,576,1167,817
6565,"0135",507,335,698,172,-191
6566,"0131",640,162,395,478,245
6566,"0135",499,204,403,295,96
6567,"0131",267,163,325,104,-58
6567,"0135",473,156,250,317,223
6568,"0131",25,6,16,19,9
6568,"0135",27,23,24,4,3
6569,"0131",1218,374,460,844,758
6569,"0135",909,528,937,381,-28
6570,"0131",846,321,404,525,442
6570,"0135",984,409,785,575,199
6571,"0131",9,5,8,4,1
6571,"0135",50,8,34,42,16
6572,"0131",580,148,186,432,394
6572,"0135",226,285,407,-59,-181
6573,"0131",1036,245,362,791,674
6573,"0135",1362,749,1213,613,149
6574,"0131",1052,243,367,809,685
6574,"0135",1106,635,1054,471,52
6575,"0131",906,205,311,701,595
6575,"0135",920,542,909,378,11
6576,"0131",821,272,378,549,443
6576,"0135",995,503,811,492,184
6577,"0131",715,144,267,571,448
6577,"0135",854,399,633,455,221
6578,"0131",518,51,105,467,413
6578,"0135",361,239,399,122,-38
6579,"0131",896,213,286,683,610
6579,"0135",764,473,867,291,-103
6580,"0131",1254,402,536,852,718
6580,"0135",2103,1126,1818,977,285
6581,"0131",1468,340,469,1128,999
6581,"0135",1224,807,1439,417,-215
6582,"0131",29,0,11,29,18
6582,"0135",10,16,17,-6,-7
6583,"0131",12,3,8,9,4
6583,"0135",44,6,18,38,26
6584,"0131",482,125,147,357,335
6584,"0135",446,289,485,157,-39
6585,"0131",935,358,454,577,481
6585,"0135",1261,627,944,634,317
6586,"0131",1299,527,689,772,610
6586,"0135",1949,941,1408,1008,541
6587,"0131",1941,569,755,1372,1186
6587,"0135",1320,916,1348,404,-28
6588,"0131",322,201,207,121,115
6588,"0135",225,87,157,138,68
6589,"0131",302,27,44,275,258
6589,"0135",230,177,267,53,-37
6590,"0131",688,126,264,562,424
6590,"0135",421,293,391,128,30
6591,"0131",32,3,15,29,17
6591,"0135",72,39,67,33,5
6592,"0131",647,313,523,334,124
6592,"0135",1082,450,652,632,430
6593,"0131",1139,259,377,880,762
6593,"0135",955,635,1028,320,-73
6594,"0131",486,179,271,307,215
6594,"0135",1318,534,873,784,445
6595,"0131",308,94,177,214,131
6595,"0135",705,258,385,447,320
6596,"0131",467,44,60,423,407
6596,"0135",41,128,207,-87,-166
6597,"0131",508,82,137,426,371
6597,"0135",465,222,346,243,119
6598,"0131",1185,182,302,1003,883
6598,"0135",1426,1005,1487,421,-61
6599,"0131",1117,204,301,913,816
6599,"0135",1215,809,1293,406,-78
6600,"0131",940,201,377,739,563
6600,"0135",689,500,737,189,-48
6601,"0131",95,27,40,68,55
6601,"0135",98,23,62,75,36
6602,"0131",1166,157,320,1009,846
6602,"0135",625,687,905,-62,-280
6603,"0131",932,130,273,802,659
6603,"0135",616,545,765,71,-149
6604,"0131",514,239,279,275,235
6604,"0135",350,230,374,120,-24
6605,"0131",1139,265,429,874,710
6605,"0135",1272,732,1108,540,164
6606,"0131",655,260,391,395,264
6606,"0135",1216,529,835,687,381
6607,"0131",810,202,297,608,513
6607,"0135",794,457,709,337,85
6608,"0131",778,169,252,609,526
6608,"0135",493,354,554,139,-61
6609,"0131",925,186,248,739,677
6609,"0135",859,673,889,186,-30
6610,"0131",760,206,276,554,484
6610,"0135",1011,505,824,506,187
6611,"0131",649,148,215,501,434
6611,"0135",616,465,641,151,-25
6612,"0131",1048,143,215,905,833
6612,"0135",687,768,1097,-81,-410
6613,"0131",224,178,257,46,-33
6613,"0135",1103,377,566,726,537
6614,"0131",619,167,248,452,371
6614,"0135",677,385,533,292,144
6615,"0131",109,27,39,82,70
6615,"0135",146,77,126,69,20
6616,"0131",105,9,17,96,88
6616,"0135",15,48,47,-33,-32
6617,"0131",1658,622,790,1036,868
6617,"0135",1447,827,1372,620,75
6618,"0131",219,66,94,153,125
6618,"0135",319,117,208,202,111
6619,"0131",1816,795,971,1021,845
6619,"0135",681,643,943,38,-262
6620,"0131",743,635,767,108,-24
6620,"0135",1196,446,714,750,482
6621,"0131",1327,1037,1294,290,33
6621,"0135",1993,859,1258,1134,735
6622,"0131",0,1,0,-1,0
6622,"0135",0,8,0,-8,0
6623,"0131",1156,211,324,945,832
6623,"0135",968,759,1047,209,-79
6624,"0131",1773,364,534,1409,1239
6624,"0135",1544,1110,1652,434,-108
6625,"0131",2974,445,715,2529,2259
6625,"0135",1597,1616,2422,-19,-825
6626,"0131",957,311,494,646,463
6626,"0135",2059,891,1516,1168,543
6627,"0131",1640,354,547,1286,1093
6627,"0135",1495,982,1549,513,-54
6628,"0131",1426,226,336,1200,1090
6628,"0135",728,745,1108,-17,-380
6629,"0131",746,200,323,546,423
6629,"0135",1138,548,908,590,230
6630,"0131",1058,347,482,711,576
6630,"0135",1150,643,937,507,213
6631,"0131",1292,273,330,1019,962
6631,"0135",392,471,710,-79,-318
6632,"0131",118,81,106,37,12
6632,"0135",453,188,262,265,191
6633,"0131",89,20,54,69,35
6633,"0135",183,30,57,153,126
6634,"0131",376,122,206,254,170
6634,"0135",936,386,641,550,295
6635,"0131",362,107,133,255,229
6635,"0135",424,214,358,210,66
6636,"0131",397,48,73,349,324
6636,"0135",241,181,357,60,-116
6637,"0131",428,65,116,363,312
6637,"0135",2,82,122,-80,-120
6638,"0131",5,4,10,1,-5
6638,"0135",12,0,1,12,11
6639,"0131",8,25,44,-17,-36
6639,"0135",64,3,11,61,53
6640,"0131",156,68,104,88,52
6640,"0135",95,10,48,85,47
6641,"0131",42,73,83,-31,-41
6641,"0135",79,1,9,78,70
6642,"0131",43,41,94,2,-51
6642,"0135",151,29,64,122,87
6643,"0131",35,5,24,30,11
6643,"0135",18,1,7,17,11
6644,"0131",96,28,73,68,23
6644,"0135",73,21,38,52,35
6645,"0131",24,27,77,-3,-53
6645,"0135",112,12,29,100,83
6646,"0131",55,5,30,50,25
6646,"0135",1,3,9,-2,-8
6647,"0131",4,8,13,-4,-9
6647,"0135",22,3,4,19,18
6648,"0131",0,49,71,-49,-71
6648,"0135",114,13,22,101,92
6649,"0131",658,261,402,397,256
6649,"0135",866,310,549,556,317
6650,"0131",21,49,60,-28,-39
6650,"0135",99,12,28,87,71
6651,"0131",590,246,432,344,158
6651,"0135",200,36,58,164,142
6652,"0131",5,36,40,-31,-35
6652,"0135",62,1,2,61,60
6653,"0131",11,4,23,7,-12
6653,"0135",25,0,1,25,24
6654,"0131",311,20,200,291,111
6654,"0135",52,104,136,-52,-84
6655,"0131",11,23,105,-12,-94
6655,"0135",188,52,74,136,114
6656,"0131",699,179,334,520,365
6656,"0135",716,390,650,326,66
6657,"0131",135,0,43,135,92
6657,"0135",57,0,37,57,20
6658,"0131",126,95,88,31,38
6658,"0135",51,25,39,26,12
6659,"0131",81,9,36,72,45
6659,"0135",23,12,59,11,-36
6660,"0131",688,192,264,496,424
6660,"0135",601,385,676,216,-75
6661,"0131",508,186,268,322,240
6661,"0135",743,388,655,355,88
6662,"0131",850,267,368,583,482
6662,"0135",947,522,944,425,3
6663,"0131",557,116,173,441,384
6663,"0135",335,265,440,70,-105
6664,"0131",755,192,229,563,526
6664,"0135",657,432,808,225,-151
6665,"0131",1183,322,388,861,795
6665,"0135",781,514,837,267,-56
6666,"0131",1258,405,565,853,693
6666,"0135",1668,701,1247,967,421
6667,"0131",1475,436,488,1039,987
6667,"0135",1007,610,1023,397,-16
6668,"0131",163,118,151,45,12
6668,"0135",346,112,193,234,153
6669,"0131",1533,371,554,1162,979
6669,"0135",1324,671,1327,653,-3
6670,"0131",973,296,446,677,527
6670,"0135",1323,592,1142,731,181
6671,"0131",776,386,413,390,363
6671,"0135",1271,460,966,811,305
6672,"0131",1436,292,442,1144,994
6672,"0135",654,442,937,212,-283
6673,"0131",1745,471,676,1274,1069
6673,"0135",1547,786,1552,761,-5
6674,"0131",794,238,416,556,378
6674,"0135",989,371,825,618,164
6675,"0131",187,59,104,128,83
6675,"0135",312,79,105,233,207
6676,"0131",1264,250,361,1014,903
6676,"0135",776,525,960,251,-184
6677,"0131",1020,262,401,758,619
6677,"0135",1240,515,1050,725,190
6678,"0131",737,199,280,538,457
6678,"0135",834,517,842,317,-8
6679,"0131",636,174,225,462,411
6679,"0135",668,386,690,282,-22
6680,"0131",462,143,196,319,266
6680,"0135",577,303,541,274,36
6681,"0131",988,139,208,849,780
6681,"0135",524,474,800,50,-276
6682,"0131",871,178,308,693,563
6682,"0135",1161,597,1078,564,83
6683,"0131",735,161,250,574,485
6683,"0135",1061,597,994,464,67
6684,"0131",1538,222,308,1316,1230
6684,"0135",275,590,961,-315,-686
6685,"0131",1647,337,455,1310,1192
6685,"0135",1116,868,1433,248,-317
6686,"0131",1483,248,382,1235,1101
6686,"0135",1114,850,1346,264,-232
6687,"0131",917,201,306,716,611
6687,"0135",786,517,835,269,-49
6688,"0131",401,176,269,225,132
6688,"0135",1132,503,810,629,322
6689,"0131",281,244,265,37,16
6689,"0135",340,95,175,245,165
6690,"0131",342,82,154,260,188
6690,"0135",413,199,325,214,88
6691,"0131",2575,580,764,1995,1811
6691,"0135",1937,1602,2640,335,-703
6692,"0131",1342,350,487,992,855
6692,"0135",1872,1317,1997,555,-125
6693,"0131",1158,303,446,855,712
6693,"0135",1535,1037,1662,498,-127
6694,"0131",2715,697,906,2018,1809
6694,"0135",2908,2126,3330,782,-422
6695,"0131",1970,472,647,1498,1323
6695,"0135",1981,1473,2372,508,-391
6696,"0131",1950,494,633,1456,1317
6696,"0135",2035,1603,2413,432,-378
6697,"0131",1034,285,418,749,616
6697,"0135",1604,930,1584,674,20
6698,"0131",1358,252,383,1106,975
6698,"0135",750,714,1233,36,-483
6699,"0131",955,319,434,636,521
6699,"0135",1675,939,1584,736,91
6700,"0131",2201,510,752,1691,1449
6700,"0135",2265,1504,2641,761,-376
6701,"0131",910,253,308,657,602
6701,"0135",1185,801,1335,384,-150
6702,"0131",674,220,257,454,417
6702,"0135",910,595,952,315,-42
6703,"0131",857,328,411,529,446
6703,"0135",1472,856,1368,616,104
6704,"0131",621,235,311,386,310
6704,"0135",693,360,674,333,19
6705,"0131",335,66,81,269,254
6705,"0135",78,74,131,4,-53
6706,"0131",498,142,171,356,327
6706,"0135",410,217,405,193,5
6707,"0131",608,272,284,336,324
6707,"0135",1044,554,949,490,95
6708,"0131",805,355,375,450,430
6708,"0135",1116,581,1055,535,61
6709,"0131",164,19,24,145,140
6709,"0135",32,92,123,-60,-91
6710,"0131",932,173,264,759,668
6710,"0135",649,370,734,279,-85
6711,"0131",750,111,165,639,585
6711,"0135",221,193,475,28,-254
6712,"0131",743,177,312,566,431
6712,"0135",1036,348,811,688,225
6713,"0131",894,182,286,712,608
6713,"0135",843,441,893,402,-50
6714,"0131",1152,368,479,784,673
6714,"0135",923,625,1009,298,-86
6715,"0131",1068,361,529,707,539
6715,"0135",1185,591,1071,594,114
6716,"0131",197,72,82,125,115
6716,"0135",155,71,128,84,27
6717,"0131",598,125,186,473,412
6717,"0135",250,220,443,30,-193
6718,"0131",1265,344,475,921,790
6718,"0135",759,555,1052,204,-293
6719,"0131",942,217,359,725,583
6719,"0135",1117,526,962,591,155
6720,"0131",910,217,348,693,562
6720,"0135",1175,536,981,639,194
6721,"0131",726,460,618,266,108
6721,"0135",1362,614,888,748,474
6722,"0131",100,8,8,92,92
6722,"0135",106,79,124,27,-18
6723,"0131",1829,242,359,1587,1470
6723,"0135",1156,799,1473,357,-317
6724,"0131",1041,185,282,856,759
6724,"0135",1098,600,1010,498,88
6725,"0131",1010,148,288,862,722
6725,"0135",890,674,995,216,-105
6726,"0131",1196,227,475,969,721
6726,"0135",1274,774,1164,500,110
6727,"0131",472,98,174,374,298
6727,"0135",449,180,387,269,62
6728,"0131",622,171,468,451,154
6728,"0135",832,350,615,482,217
6729,"0131",1206,431,654,775,552
6729,"0135",2079,563,1179,1516,900
6730,"0131",1322,305,499,1017,823
6730,"0135",1676,638,1229,1038,447
6731,"0131",2043,545,898,1498,1145
6731,"0135",2807,994,1972,1813,835
6732,"0131",2036,400,624,1636,1412
6732,"0135",1237,660,1289,577,-52
6733,"0131",2414,423,718,1991,1696
6733,"0135",1014,552,1184,462,-170
6734,"0131",1207,235,330,972,877
6734,"0135",409,286,634,123,-225
6735,"0131",1492,419,670,1073,822
6735,"0135",2276,704,1463,1572,813
6736,"0131",317,62,101,255,216
6736,"0135",247,104,212,143,35
6737,"0131",865,248,398,617,467
6737,"0135",1270,672,1094,598,176
6738,"0131",850,307,554,543,296
6738,"0135",2130,794,1511,1336,619
6739,"0131",375,127,158,248,217
6739,"0135",523,282,463,241,60
6740,"0131",305,46,69,259,236
6740,"0135",348,161,236,187,112
6741,"0131",177,44,57,133,120
6741,"0135",165,100,187,65,-22
6742,"0131",639,72,181,567,458
6742,"0135",664,391,690,273,-26
6743,"0131",442,45,126,397,316
6743,"0135",575,219,452,356,123
6744,"0131",42,13,20,29,22
6744,"0135",55,18,32,37,23
6745,"0131",952,168,255,784,697
6745,"0135",653,362,732,291,-79
6746,"0131",686,114,166,572,520
6746,"0135",638,339,622,299,16
6747,"0131",429,74,134,355,295
6747,"0135",372,174,353,198,19
6748,"0131",6,1,0,5,6
6748,"0135",4,7,10,-3,-6
6749,"0131",430,49,155,381,275
6749,"0135",149,501,306,-352,-157
6750,"0131",41,4,11,37,30
6750,"0135",16,15,27,1,-11
6751,"0131",19,0,3,19,16
6751,"0135",29,17,29,12,0
6752,"0131",876,661,705,215,171
6752,"0135",1126,474,728,652,398
6753,"0131",26,6,8,20,18
6753,"0135",14,5,7,9,7
6754,"0131",257,27,68,230,189
6754,"0135",87,38,119,49,-32
6755,"0131",104,10,16,94,88
6755,"0135",1,28,37,-27,-36
6756,"0131",1733,421,655,1312,1078
6756,"0135",2208,805,1798,1403,410
6757,"0131",389,161,219,228,170
6757,"0135",771,238,487,533,284
6758,"0131",169,2,3,167,166
6758,"0135",11,78,115,-67,-104
6759,"0131",120,7,11,113,109
6759,"0135",14,22,61,-8,-47
6760,"0131",383,35,69,348,314
6760,"0135",396,376,504,20,-108
6761,"0131",1572,481,570,1091,1002
6761,"0135",1142,904,1306,238,-164
6762,"0131",1452,372,488,1080,964
6762,"0135",757,702,1005,55,-248
6763,"0131",1202,476,584,726,618
6763,"0135",1235,778,1110,457,125
6764,"0131",1078,338,473,740,605
6764,"0135",1324,675,1033,649,291
6765,"0131",1003,270,409,733,594
6765,"0135",1144,537,943,607,201
6766,"0131",1089,248,371,841,718
6766,"0135",771,503,814,268,-43
6767,"0131",200,50,62,150,138
6767,"0135",349,205,325,144,24
6768,"0131",0,0,0,0,0
6768,"0135",1,1,1,0,0
6769,"0131",1146,371,610,775,536
6769,"0135",1955,339,891,1616,1064
6770,"0131",1397,259,525,1138,872
6770,"0135",1171,302,721,869,450
6771,"0131",1405,306,549,1099,856
6771,"0135",1241,316,702,925,539
6772,"0131",2314,440,708,1874,1606
6772,"0135",1352,430,1112,922,240
6773,"0131",2697,540,929,2157,1768
6773,"0135",1928,481,1261,1447,667
6774,"0131",1498,336,515,1162,983
6774,"0135",1148,310,700,838,448
6775,"0131",44,17,24,27,20
6775,"0135",29,12,24,17,5
6776,"0131",2677,694,1004,1983,1673
6776,"0135",3714,1651,2875,2063,839
6777,"0131",1541,323,432,1218,1109
6777,"0135",1720,1077,1776,643,-56
6778,"0131",1395,296,406,1099,989
6778,"0135",1299,789,1341,510,-42
6779,"0131",1284,256,384,1028,900
6779,"0135",1154,763,1229,391,-75
6780,"0131",1935,345,488,1590,1447
6780,"0135",1544,1044,1754,500,-210
6781,"0131",2525,455,661,2070,1864
6781,"0135",1983,1387,2195,596,-212
6782,"0131",1407,216,312,1191,1095
6782,"0135",759,649,1058,110,-299
6783,"0131",1404,319,504,1085,900
6783,"0135",1851,821,1498,1030,353
6784,"0131",1466,322,514,1144,952
6784,"0135",1693,871,1550,822,143
6785,"0131",1344,271,418,1073,926
6785,"0135",1304,695,1218,609,86
6786,"0131",1896,416,542,1480,1354
6786,"0135",1668,1068,1733,600,-65
6787,"0131",2010,348,527,1662,1483
6787,"0135",1184,854,1437,330,-253
6788,"0131",3657,757,1089,2900,2568
6788,"0135",3520,1939,3504,1581,16
6789,"0131",1483,357,457,1126,1026
6789,"0135",1232,629,1183,603,49
6790,"0131",980,217,309,763,671
6790,"0135",1187,636,1049,551,138
6791,"0131",1497,370,551,1127,946
6791,"0135",1698,821,1463,877,235
6792,"0131",1816,394,576,1422,1240
6792,"0135",1902,1061,1797,841,105
6793,"0131",689,185,227,504,462
6793,"0135",1194,661,1068,533,126
6794,"0131",843,258,308,585,535
6794,"0135",919,586,922,333,-3
6795,"0131",848,275,342,573,506
6795,"0135",1291,699,1118,592,173
6796,"0131",70,1,2,69,68
6796,"0135",28,31,49,-3,-21
6797,"0131",383,96,169,287,214
6797,"0135",675,282,527,393,148
6798,"0131",1011,142,249,869,762
6798,"0135",530,435,694,95,-164
6799,"0131",179,29,33,150,146
6799,"0135",60,42,72,18,-12
6800,"0131",98,19,36,79,62
6800,"0135",287,115,227,172,60
6801,"0131",65,161,188,-96,-123
6801,"0135",368,79,136,289,232
6802,"0131",294,94,127,200,167
6802,"0135",140,109,145,31,-5
6804,"0131",48,2,25,46,23
6804,"0135",76,14,52,62,24
6805,"0131",32,6,7,26,25
6805,"0135",169,87,120,82,49
6806,"0131",229,127,167,102,62
6806,"0135",24,31,70,-7,-46
6807,"0131",255,207,286,48,-31
6807,"0135",573,208,364,365,209
6808,"0131",177,11,64,166,113
6808,"0135",3,47,73,-44,-70
6809,"0131",93,9,54,84,39
6809,"0135",301,155,232,146,69
6810,"0131",26,10,19,16,7
6810,"0135",66,41,49,25,17
6811,"0131",53,4,10,49,43
6811,"0135",61,69,96,-8,-35
6812,"0131",104,2,20,102,84
6812,"0135",147,37,121,110,26
6813,"0131",46,138,149,-92,-103
6813,"0135",267,71,129,196,138
6814,"0131",830,82,216,748,614
6814,"0135",757,521,949,236,-192
6815,"0131",785,63,196,722,589
6815,"0135",534,411,749,123,-215
6816,"0131",1105,149,348,956,757
6816,"0135",541,624,966,-83,-425
6817,"0131",3,0,0,3,3
6817,"0135",39,30,40,9,-1
6818,"0131",164,27,54,137,110
6818,"0135",28,63,125,-35,-97
6819,"0131",35,18,52,17,-17
6819,"0135",209,97,155,112,54
6820,"0131",68,0,36,68,32
6820,"0135",61,0,74,61,-13
6821,"0131",34,0,12,34,22
6821,"0135",29,19,48,10,-19
6822,"0131",570,183,348,387,222
6822,"0135",1636,730,1343,906,293
6823,"0131",1629,328,588,1301,1041
6823,"0135",1699,1112,2021,587,-322
6824,"0131",1147,240,413,907,734
6824,"0135",1056,644,1284,412,-228
6825,"0131",47,18,37,29,10
6825,"0135",66,35,57,31,9
6826,"0131",4,21,37,-17,-33
6826,"0135",217,49,100,168,117
6827,"0131",707,256,446,451,261
6827,"0135",1110,545,890,565,220
6828,"0131",542,152,287,390,255
6828,"0135",860,549,847,311,13
6829,"0131",75,1,4,74,71
6829,"0135",46,47,67,-1,-21
6830,"0131",82,12,10,70,72
6830,"0135",127,48,116,79,11
6831,"0131",1,0,0,1,1
6831,"0135",23,6,14,17,9
6832,"0131",48,4,11,44,37
6832,"0135",13,18,31,-5,-18
6833,"0131",872,197,348,675,524
6833,"0135",1320,875,1423,445,-103
6834,"0131",1164,206,384,958,780
6834,"0135",1025,825,1374,200,-349
6835,"0131",279,76,163,203,116
6835,"0135",784,418,698,366,86
6836,"0131",102,4,15,98,87
6836,"0135",36,45,93,-9,-57
6837,"0131",1004,140,424,864,580
6837,"0135",825,682,1041,143,-216
6838,"0131",748,162,417,586,331
6838,"0135",1073,613,1067,460,6
6839,"0131",1568,151,475,1417,1093
6839,"0135",582,723,1267,-141,-685
6840,"0131",83,5,15,78,68
6840,"0135",5,32,52,-27,-47
6841,"0131",437,29,53,408,384
6841,"0135",378,325,574,53,-196
6842,"0131",266,170,251,96,15
6842,"0135",266,24,135,242,131
6843,"0131",12,0,5,12,7
6843,"0135",3,0,4,3,-1
6844,"0131",469,63,154,406,315
6844,"0135",169,46,134,123,35
6845,"0131",4,1,9,3,-5
6845,"0135",30,2,4,28,26
6846,"0131",210,36,236,174,-26
6846,"0135",171,58,40,113,131
6847,"0131",183,43,171,140,12
6847,"0135",99,16,74,83,25
6848,"0131",394,216,176,178,218
6848,"0135",128,105,206,23,-78
6849,"0131",218,32,136,186,82
6849,"0135",87,23,122,64,-35
6850,"0131",201,79,99,122,102
6850,"0135",71,77,88,-6,-17
6851,"0131",108,117,106,-9,2
6851,"0135",74,24,50,50,24
6852,"0131",187,54,109,133,78
6852,"0135",97,69,108,28,-11
6853,"0131",1079,319,574,760,505
6853,"0135",738,474,891,264,-153
6854,"0131",786,251,438,535,348
6854,"0135",1132,426,790,706,342
6855,"0131",846,229,433,617,413
6855,"0135",1014,413,778,601,236
6856,"0131",91,16,29,75,62
6856,"0135",61,20,88,41,-27
6857,"0131",929,197,300,732,629
6857,"0135",863,745,1110,118,-247
6858,"0131",140,35,62,105,78
6858,"0135",445,214,366,231,79
6859,"0131",120,34,44,86,76
6859,"0135",184,73,200,111,-16
6860,"0131",514,117,202,397,312
6860,"0135",839,506,851,333,-12
6861,"0131",482,156,191,326,291
6861,"0135",643,362,590,281,53
6862,"0131",551,134,230,417,321
6862,"0135",564,417,718,147,-154
6863,"0131",934,238,340,696,594
6863,"0135",1337,905,1456,432,-119
6864,"0131",927,222,369,705,558
6864,"0135",1036,735,1213,301,-177
6865,"0131",784,154,226,630,558
6865,"0135",625,571,877,54,-252
6866,"0131",346,100,158,246,188
6866,"0135",972,528,834,444,138
6867,"0131",13,3,17,10,-4
6867,"0135",29,9,9,20,20
6868,"0131",862,166,362,696,500
6868,"0135",1028,810,1140,218,-112
6869,"0131",1665,213,569,1452,1096
6869,"0135",1069,1157,1654,-88,-585
6870,"0131",292,110,157,182,135
6870,"0135",490,169,340,321,150
6871,"0131",12,72,90,-60,-78
6871,"0135",135,31,28,104,107
6872,"0131",477,53,115,424,362
6872,"0135",336,325,506,11,-170
6873,"0131",1565,490,619,1075,946
6873,"0135",1840,1273,1852,567,-12
6874,"0131",1019,304,394,715,625
6874,"0135",909,678,1019,231,-110
6875,"0131",1243,247,365,996,878
6875,"0135",732,723,1092,9,-360
6876,"0131",885,368,486,517,399
6876,"0135",1641,878,1329,763,312
6877,"0131",1389,461,766,928,623
6877,"0135",2417,1145,2179,1272,238
6878,"0131",634,208,361,426,273
6878,"0135",985,420,842,565,143
6879,"0131",1247,312,571,935,676
6879,"0135",1740,929,1728,811,12
6880,"0131",451,183,329,268,122
6880,"0135",1190,531,944,659,246
6881,"0131",1201,261,455,940,746
6881,"0135",1716,933,1544,783,172
6882,"0131",921,178,295,743,626
6882,"0135",636,476,799,160,-163
6883,"0131",209,25,45,184,164
6883,"0135",146,116,208,30,-62
6884,"0131",8,0,0,8,8
6884,"0135",2,3,7,-1,-5
6885,"0131",1055,168,359,887,696
6885,"0135",552,410,840,142,-288
6886,"0131",1789,370,673,1419,1116
6886,"0135",1198,844,1638,354,-440
6887,"0131",1994,443,713,1551,1281
6887,"0135",1471,922,1973,549,-502
6888,"0131",1399,417,743,982,656
6888,"0135",1869,987,1794,882,75
6889,"0131",1144,340,559,804,585
6889,"0135",1533,837,1487,696,46
6890,"0131",910,142,268,768,642
6890,"0135",1029,538,1215,491,-186
6891,"0131",197,9,11,188,186
6891,"0135",62,102,186,-40,-124
6892,"0131",1302,289,463,1013,839
6892,"0135",1451,919,1637,532,-186
6893,"0131",2174,376,579,1798,1595
6893,"0135",1393,1308,2161,85,-768
6894,"0131",2063,387,712,1676,1351
6894,"0135",2082,1358,2427,724,-345
6895,"0131",1015,334,447,681,568
6895,"0135",1371,813,1249,558,122
6896,"0131",1240,362,486,878,754
6896,"0135",1443,919,1410,524,33
6897,"0131",707,190,241,517,466
6897,"0135",898,589,928,309,-30
6898,"0131",651,219,340,432,311
6898,"0135",1532,786,1232,746,300
6899,"0131",1167,312,467,855,700
6899,"0135",1381,855,1335,526,46
6900,"0131",816,272,412,544,404
6900,"0135",1795,960,1375,835,420
6901,"0131",714,125,162,589,552
6901,"0135",331,403,466,-72,-135
6902,"0131",42,3,10,39,32
6902,"0135",32,13,23,19,9
6903,"0131",759,187,252,572,507
6903,"0135",1146,684,974,462,172
6904,"0131",935,233,374,702,561
6904,"0135",1244,666,972,578,272
6905,"0131",392,91,149,301,243
6905,"0135",560,306,400,254,160
6906,"0131",48,15,18,33,30
6906,"0135",34,30,25,4,9
6907,"0131",132,61,93,71,39
6907,"0135",273,181,203,92,70
6908,"0131",97,16,34,81,63
6908,"0135",26,19,46,7,-20
6909,"0131",1568,312,400,1256,1168
6909,"0135",970,717,1053,253,-83
6910,"0131",152,32,63,120,89
6910,"0135",333,147,201,186,132
6911,"0131",4,0,1,4,3
6911,"0135",6,2,2,4,4
6912,"0131",620,75,151,545,469
6912,"0135",86,157,292,-71,-206
6913,"0131",9,0,1,9,8
6913,"0135",10,4,13,6,-3
6914,"0131",1319,225,329,1094,990
6914,"0135",555,465,915,90,-360
6915,"0131",636,181,280,455,356
6915,"0135",933,422,748,511,185
6916,"0131",618,138,233,480,385
6916,"0135",434,215,466,219,-32
6917,"0131",405,133,209,272,196
6917,"0135",374,135,311,239,63
6918,"0131",4,2,4,2,0
6918,"0135",26,5,11,21,15
6919,"0131",1062,336,529,726,533
6919,"0135",1975,829,1524,1146,451
6920,"0131",885,148,229,737,656
6920,"0135",731,444,837,287,-106
6921,"0131",1152,180,310,972,842
6921,"0135",729,489,925,240,-196
6922,"0131",802,215,320,587,482
6922,"0135",1081,417,797,664,284
6923,"0131",35,3,18,32,17
6923,"0135",41,7,31,34,10
6924,"0131",5,0,2,5,3
6924,"0135",2,1,1,1,1
6925,"0131",178,122,152,56,26
6925,"0135",317,99,191,218,126
6926,"0131",174,72,111,102,63
6926,"0135",207,80,146,127,61
6927,"0131",282,83,124,199,158
6927,"0135",227,125,246,102,-19
6928,"0131",151,88,106,63,45
6928,"0135",162,39,79,123,83
6929,"0131",110,39,50,71,60
6929,"0135",41,10,38,31,3
6930,"0131",2032,655,995,1377,1037
6930,"0135",1200,539,850,661,350
6931,"0131",1574,789,1189,785,385
6931,"0135",2039,610,1325,1429,714
6932,"0131",17,4,17,13,0
6932,"0135",21,4,1,17,20
6933,"0131",197,162,316,35,-119
6933,"0135",413,45,106,368,307
6934,"0131",575,172,362,403,213
6934,"0135",390,119,233,271,157
6935,"0131",78,15,43,63,35
6935,"0135",9,7,23,2,-14
6936,"0131",122,45,132,77,-10
6936,"0135",178,40,62,138,116
6937,"0131",982,693,788,289,194
6937,"0135",1729,604,1023,1125,706
6938,"0131",861,521,611,340,250
6938,"0135",1545,658,1046,887,499
6939,"0131",1845,926,1138,919,707
6939,"0135",2177,883,1566,1294,611
6940,"0131",1592,868,1053,724,539
6940,"0135",2221,877,1527,1344,694
6941,"0131",1281,504,578,777,703
6941,"0135",622,420,708,202,-86
6942,"0131",1540,572,659,968,881
6942,"0135",883,552,1000,331,-117
6943,"0131",1410,476,619,934,791
6943,"0135",784,522,868,262,-84
6944,"0131",904,462,541,442,363
6944,"0135",979,444,737,535,242
6945,"0131",518,158,275,360,243
6945,"0135",463,187,292,276,171
6946,"0131",580,246,413,334,167
6946,"0135",625,210,297,415,328
6947,"0131",57,31,56,26,1
6947,"0135",140,20,32,120,108
6948,"0131",7,6,10,1,-3
6948,"0135",10,3,1,7,9
6949,"0131",1174,549,822,625,352
6949,"0135",1181,451,813,730,368
6950,"0131",477,223,367,254,110
6950,"0135",561,223,379,338,182
6951,"0131",365,232,313,133,52
6951,"0135",834,286,404,548,430
6952,"0131",406,183,267,223,139
6952,"0135",483,210,377,273,106
6953,"0131",561,429,451,132,110
6953,"0135",397,121,215,276,182
6954,"0131",259,124,189,135,70
6954,"0135",276,98,168,178,108
6955,"0131",141,79,182,62,-41
6955,"0135",230,41,91,189,139
6956,"0131",1036,512,656,524,380
6956,"0135",704,304,521,400,183
6957,"0131",1041,770,948,271,93
6957,"0135",617,64,232,553,385
6958,"0131",317,205,290,112,27
6958,"0135",596,186,320,410,276
6960,"0131",703,58,116,645,587
6960,"0135",305,361,529,-56,-224
6961,"0131",805,96,162,709,643
6961,"0135",491,413,633,78,-142
6962,"0131",541,72,311,469,230
6962,"0135",933,468,747,465,186
6963,"0131",1167,222,370,945,797
6963,"0135",1896,993,1928,903,-32
6964,"0131",870,196,362,674,508
6964,"0135",1634,810,1562,824,72
6965,"0131",1684,316,533,1368,1151
6965,"0135",2390,1241,2497,1149,-107
6966,"0131",2092,300,529,1792,1563
6966,"0135",1733,1172,2347,561,-614
6967,"0131",1380,173,325,1207,1055
6967,"0135",1095,762,1535,333,-440
6968,"0131",121,17,47,104,74
6968,"0135",143,47,130,96,13
6969,"0131",615,116,257,499,358
6969,"0135",944,433,786,511,158
6970,"0131",1032,153,346,879,686
6970,"0135",774,501,866,273,-92
6971,"0131",635,88,181,547,454
6971,"0135",378,262,525,116,-147
6972,"0131",4,6,15,-2,-11
6972,"0135",86,28,58,58,28
6973,"0131",1531,174,333,1357,1198
6973,"0135",417,454,774,-37,-357
6974,"0131",1141,315,548,826,593
6974,"0135",1648,600,1027,1048,621
6975,"0131",794,215,410,579,384
6975,"0135",1390,478,672,912,718
6976,"0131",478,149,296,329,182
6976,"0135",865,192,503,673,362
6977,"0131",132,1,10,131,122
6977,"0135",11,46,109,-35,-98
6978,"0131",1289,421,646,868,643
6978,"0135",1429,687,1109,742,320
6979,"0131",995,240,399,755,596
6979,"0135",668,428,673,240,-5
6980,"0131",9,6,13,3,-4
6980,"0135",105,44,76,61,29
6981,"0131",59,5,12,54,47
6981,"0135",7,18,43,-11,-36
6982,"0131",991,76,197,915,794
6982,"0135",600,263,573,337,27
6983,"0131",43,2,48,41,-5
6983,"0135",101,23,51,78,50
6984,"0131",502,67,262,435,240
6984,"0135",469,224,406,245,63
6985,"0131",396,49,90,347,306
6985,"0135",324,226,409,98,-85
6986,"0131",467,51,106,416,361
6986,"0135",266,172,380,94,-114
6987,"0131",944,193,385,751,559
6987,"0135",1190,609,915,581,275
6988,"0131",1165,273,482,892,683
6988,"0135",1547,611,1080,936,467
6989,"0131",31,1,6,30,25
6989,"0135",32,16,37,16,-5
6990,"0131",48,4,15,44,33
6990,"0135",21,12,35,9,-14
6991,"0131",431,85,186,346,245
6991,"0135",846,358,591,488,255
6992,"0131",451,114,246,337,205
6992,"0135",1042,357,619,685,423
6993,"0131",471,78,210,393,261
6993,"0135",357,204,285,153,72
6994,"0131",62,3,16,59,46
6994,"0135",93,43,91,50,2
6995,"0131",673,60,191,613,482
6995,"0135",575,352,701,223,-126
6996,"0131",145,2,19,143,126
6996,"0135",45,5,121,40,-76
6997,"0131",1033,122,275,911,758
6997,"0135",725,484,800,241,-75
6998,"0131",725,78,158,647,567
6998,"0135",226,253,495,-27,-269
6999,"0131",2009,690,939,1319,1070
6999,"0135",2782,1311,2022,1471,760
7000,"0131",644,239,320,405,324
7000,"0135",948,433,648,515,300
7001,"0131",1371,314,442,1057,929
7001,"0135",773,601,918,172,-145
7002,"0131",1241,413,567,828,674
7002,"0135",1738,825,1283,913,455
7003,"0131",162,5,13,157,149
7003,"0135",164,73,174,91,-10
7004,"0131",422,70,122,352,300
7004,"0135",572,338,488,234,84
7005,"0131",995,101,168,894,827
7005,"0135",420,459,810,-39,-390
7006,"0131",17,7,13,10,4
7006,"0135",49,18,44,31,5
7007,"0131",1162,114,324,1048,838
7007,"0135",493,273,593,220,-100
7008,"0131",1829,382,707,1447,1122
7008,"0135",1970,1449,2243,521,-273
7009,"0131",1814,349,595,1465,1219
7009,"0135",1090,1002,1717,88,-627
7010,"0131",2194,477,790,1717,1404
7010,"0135",2039,1500,2577,539,-538
7011,"0131",721,133,226,588,495
7011,"0135",615,494,813,121,-198
7012,"0131",414,142,269,272,145
7012,"0135",1700,652,1120,1048,580
7013,"0131",783,114,268,669,515
7013,"0135",1093,554,938,539,155
7014,"0131",134,25,67,109,67
7014,"0135",305,110,206,195,99
7015,"0131",123,34,104,89,19
7015,"0135",411,57,208,354,203
7016,"0131",588,57,119,531,469
7016,"0135",478,390,633,88,-155
7017,"0131",844,70,194,774,650
7017,"0135",450,487,747,-37,-297
7018,"0131",686,31,94,655,592
7018,"0135",498,238,486,260,12
7019,"0131",1236,335,679,901,557
7019,"0135",2196,953,1558,1243,638
7020,"0131",1204,225,512,979,692
7020,"0135",1443,713,1192,730,251
7021,"0131",1232,343,691,889,541
7021,"0135",2262,917,1590,1345,672
7022,"0131",1315,241,540,1074,775
7022,"0135",1274,545,1064,729,210
7023,"0131",1195,301,632,894,563
7023,"0135",1693,743,1266,950,427
7024,"0131",2467,412,882,2055,1585
7024,"0135",1736,954,1779,782,-43
7025,"0131",647,249,430,398,217
7025,"0135",1458,505,930,953,528
7026,"0131",1684,367,775,1317,909
7026,"0135",2300,1131,1932,1169,368
7027,"0131",1360,191,486,1169,874
7027,"0135",1293,777,1326,516,-33
7028,"0131",1280,225,458,1055,822
7028,"0135",1126,680,1183,446,-57
7029,"0131",1036,115,325,921,711
7029,"0135",574,369,737,205,-163
7030,"0131",1588,260,577,1328,1011
7030,"0135",1285,797,1417,488,-132
7031,"0131",1413,299,717,1114,696
7031,"0135",1963,789,1561,1174,402
7032,"0131",1970,245,584,1725,1386
7032,"0135",1145,837,1533,308,-388
7033,"0131",331,35,100,296,231
7033,"0135",195,133,230,62,-35
7034,"0131",133,20,25,113,108
7034,"0135",51,40,102,11,-51
7035,"0131",15,1,2,14,13
7035,"0135",2,1,8,1,-6
7036,"0131",142,26,72,116,70
7036,"0135",387,113,207,274,180
7037,"0131",1345,191,437,1154,908
7037,"0135",1210,631,1422,579,-212
7038,"0131",271,42,75,229,196
7038,"0135",274,150,259,124,15
7040,"0131",1670,335,528,1335,1142
7040,"0135",1623,899,1774,724,-151
7041,"0131",898,226,309,672,589
7041,"0135",1242,622,1232,620,10
7042,"0131",986,188,257,798,729
7042,"0135",597,428,850,169,-253
7043,"0131",2082,317,470,1765,1612
7043,"0135",584,786,1411,-202,-827
7044,"0131",1019,226,333,793,686
7044,"0135",859,524,1000,335,-141
7045,"0131",1090,301,483,789,607
7045,"0135",1559,699,1376,860,183
7046,"0131",1382,268,429,1114,953
7046,"0135",1049,674,1254,375,-205
7047,"0131",792,197,330,595,462
7047,"0135",1340,596,1143,744,197
7048,"0131",2588,402,616,2186,1972
7048,"0135",1493,1048,1994,445,-501
7049,"0131",2142,350,536,1792,1606
7049,"0135",1292,940,1847,352,-555
7050,"0131",1148,279,449,869,699
7050,"0135",1263,619,1247,644,16
7051,"0131",1037,226,331,811,706
7051,"0135",1127,666,1243,461,-116
7052,"0131",1031,215,351,816,680
7052,"0135",1103,590,1109,513,-6
7053,"0131",864,248,363,616,501
7053,"0135",744,430,795,314,-51
7054,"0131",693,275,358,418,335
7054,"0135",875,429,801,446,74
7055,"0131",78,29,32,49,46
7055,"0135",56,39,87,17,-31
7056,"0131",94,21,28,73,66
7056,"0135",28,47,72,-19,-44
7057,"0131",211,71,102,140,109
7057,"0135",143,108,172,35,-29
7058,"0131",369,106,196,263,173
7058,"0135",538,191,466,347,72
7059,"0131",260,59,137,201,123
7059,"0135",387,118,350,269,37
7060,"0131",341,147,301,194,40
7060,"0135",712,347,435,365,277
7061,"0131",199,122,160,77,39
7061,"0135",621,302,490,319,131
7062,"0131",368,75,118,293,250
7062,"0135",333,222,407,111,-74
7063,"0131",1363,234,381,1129,982
7063,"0135",742,574,1104,168,-362
7064,"0131",148,72,59,76,89
7064,"0135",98,61,131,37,-33
7065,"0131",323,36,64,287,259
7065,"0135",199,197,332,2,-133
7066,"0131",441,139,244,302,197
7066,"0135",764,359,636,405,128
7067,"0131",2,0,0,2,2
7067,"0135",1,2,2,-1,-1
7068,"0131",2,0,1,2,1
7068,"0135",23,10,13,13,10
7069,"0131",1702,192,412,1510,1290
7069,"0135",955,814,1520,141,-565
7070,"0131",733,104,243,629,490
7070,"0135",1134,671,1141,463,-7
7071,"0131",803,132,214,671,589
7071,"0135",202,287,522,-85,-320
7072,"0131",687,61,138,626,549
7072,"0135",464,429,672,35,-208
7073,"0131",1937,346,557,1591,1380
7073,"0135",1298,843,1786,455,-488
7074,"0131",1166,283,465,883,701
7074,"0135",1238,585,1308,653,-70
7075,"0131",560,159,241,401,319
7075,"0135",1054,501,952,553,102
7076,"0131",386,54,71,332,315
7076,"0135",152,171,322,-19,-170
7077,"0131",900,127,178,773,722
7077,"0135",275,421,712,-146,-437
7078,"0131",704,211,352,493,352
7078,"0135",758,397,743,361,15
7079,"0131",349,14,36,335,313
7079,"0135",76,160,267,-84,-191
7080,"0131",408,185,181,223,227
7080,"0135",538,279,549,259,-11
7081,"0131",323,70,111,253,212
7081,"0135",260,191,334,69,-74
7082,"0131",98,12,9,86,89
7082,"0135",43,38,77,5,-34
7083,"0131",88,60,114,28,-26
7083,"0135",411,164,273,247,138
7084,"0131",147,61,85,86,62
7084,"0135",226,96,189,130,37
7085,"0131",1068,167,326,901,742
7085,"0135",800,402,1042,398,-242
7086,"0131",1090,168,300,922,790
7086,"0135",509,409,916,100,-407
7092,"0131",171,153,206,18,-35
7092,"0135",191,33,77,158,114
7093,"0131",163,11,92,152,71
7093,"0135",184,153,188,31,-4
7094,"0131",212,3,127,209,85
7094,"0135",15,25,49,-10,-34
7095,"0131",773,149,493,624,280
7095,"0135",1120,368,651,752,469
7096,"0131",1889,470,738,1419,1151
7096,"0135",1717,866,1661,851,56
7097,"0131",1345,446,674,899,671
7097,"0135",1732,719,1444,1013,288
7098,"0131",1214,205,332,1009,882
7098,"0135",437,377,765,60,-328
7099,"0131",1268,650,782,618,486
7099,"0135",720,670,944,50,-224
7100,"0131",148,33,66,115,82
7100,"0135",361,192,286,169,75
7101,"0131",488,82,174,406,314
7101,"0135",899,407,729,492,170
7102,"0131",767,371,345,396,422
7102,"0135",386,217,407,169,-21
7103,"0131",1034,143,235,891,799
7103,"0135",864,674,1116,190,-252
7104,"0131",445,92,171,353,274
7104,"0135",955,483,826,472,129
7105,"0131",1239,178,303,1061,936
7105,"0135",1167,814,1450,353,-283
7106,"0131",1339,184,306,1155,1033
7106,"0135",775,701,1211,74,-436
7107,"0131",817,136,257,681,560
7107,"0135",744,443,775,301,-31
7108,"0131",1250,209,357,1041,893
7108,"0135",807,468,1027,339,-220
7109,"0131",635,211,244,424,391
7109,"0135",939,546,795,393,144
7110,"0131",1092,238,323,854,769
7110,"0135",701,537,884,164,-183
7111,"0131",394,29,50,365,344
7111,"0135",99,143,288,-44,-189
7112,"0131",904,181,237,723,667
7112,"0135",996,679,1128,317,-132
7113,"0131",1627,324,452,1303,1175
7113,"0135",1811,1276,2093,535,-282
7114,"0131",1667,338,463,1329,1204
7114,"0135",1639,1121,1941,518,-302
7115,"0131",184,26,46,158,138
7115,"0135",163,83,163,80,0
7116,"0131",475,164,215,311,260
7116,"0135",564,417,625,147,-61
7117,"0131",136,0,8,136,128
7117,"0135",56,46,87,10,-31
7118,"0131",223,7,20,216,203
7118,"0135",2,94,149,-92,-147
7119,"0131",1608,500,772,1108,836
7119,"0135",1728,792,1493,936,235
7120,"0131",2317,536,815,1781,1502
7120,"0135",1794,1148,2095,646,-301
7121,"0131",2237,707,998,1530,1239
7121,"0135",2408,1273,2261,1135,147
7122,"0131",1189,468,703,721,486
7122,"0135",2074,955,1666,1119,408
7123,"0131",672,211,355,461,317
7123,"0135",937,376,748,561,189
7124,"0131",2175,532,805,1643,1370
7124,"0135",1659,1003,1799,656,-140
7125,"0131",914,402,624,512,290
7125,"0135",1818,646,1230,1172,588
7126,"0131",2094,469,703,1625,1391
7126,"0135",1161,1005,1596,156,-435
7127,"0131",2046,455,743,1591,1303
7127,"0135",1501,999,1748,502,-247
7128,"0131",1290,398,604,892,686
7128,"0135",1494,716,1293,778,201
7129,"0131",900,159,245,741,655
7129,"0135",1071,561,1009,510,62
7130,"0131",786,189,283,597,503
7130,"0135",1126,527,949,599,177
7131,"0131",169,150,132,19,37
7131,"0135",150,80,123,70,27
7132,"0131",190,2,49,188,141
7132,"0135",113,110,221,3,-108
7133,"0131",363,171,202,192,161
7133,"0135",510,275,530,235,-20
7134,"0131",140,46,103,94,37
7134,"0135",396,116,287,280,109
7135,"0131",968,487,491,481,477
7135,"0135",365,351,569,14,-204
7136,"0131",62,23,44,39,18
7136,"0135",58,15,58,43,0
7137,"0131",3,14,25,-11,-22
7137,"0135",47,4,11,43,36
7138,"0131",25,35,50,-10,-25
7138,"0135",132,13,51,119,81
7139,"0131",355,114,193,241,162
7139,"0135",554,253,470,301,84
7140,"0131",32,42,91,-10,-59
7140,"0135",220,45,76,175,144
7141,"0131",550,94,153,456,397
7141,"0135",960,728,1143,232,-183
7142,"0131",273,112,281,161,-8
7142,"0135",190,86,156,104,34
7143,"0131",1557,525,603,1032,954
7143,"0135",1201,915,1666,286,-465
7144,"0131",816,294,375,522,441
7144,"0135",820,481,968,339,-148
7145,"0131",747,369,472,378,275
7145,"0135",1206,496,1142,710,64
7146,"0131",83,5,41,78,42
7146,"0135",31,19,39,12,-8
7147,"0131",30,15,48,15,-18
7147,"0135",149,39,65,110,84
7148,"0131",0,15,0,-15,0
7148,"0135",0,15,0,-15,0
7149,"0131",411,228,536,183,-125
7149,"0135",992,242,535,750,457
7150,"0131",0,1,3,-1,-3
7150,"0135",14,2,8,12,6
7151,"0131",6,3,3,3,3
7151,"0135",7,1,4,6,3
7152,"0131",723,297,442,426,281
7152,"0135",1116,444,904,672,212
7153,"0131",573,256,385,317,188
7153,"0135",1027,399,782,628,245
7154,"0131",4,0,0,4,4
7154,"0135",1,2,3,-1,-2
7155,"0131",291,164,394,127,-103
7155,"0135",493,102,142,391,351
7156,"0131",228,16,65,212,163
7156,"0135",94,84,115,10,-21
7157,"0131",244,317,339,-73,-95
7157,"0135",293,27,138,266,155
7158,"0131",229,244,256,-15,-27
7158,"0135",215,47,104,168,111
7159,"0131",13,3,9,10,4
7159,"0135",44,8,17,36,27
7160,"0131",0,0,4,0,-4
7160,"0135",18,2,4,16,14
7161,"0131",692,207,331,485,361
7161,"0135",719,390,616,329,103
7162,"0131",563,403,436,160,127
7162,"0135",343,131,256,212,87
7163,"0131",0,7,22,-7,-22
7163,"0135",131,22,51,109,80
7164,"0131",614,490,647,124,-33
7164,"0135",1277,394,632,883,645
7165,"0131",393,262,353,131,40
7165,"0135",678,248,373,430,305
7166,"0131",389,114,214,275,175
7166,"0135",161,119,189,42,-28
7167,"0131",3435,734,973,2701,2462
7167,"0135",2198,2082,3235,116,-1037
7168,"0131",1591,384,542,1207,1049
7168,"0135",1182,1039,1504,143,-322
7169,"0131",2413,509,637,1904,1776
7169,"0135",1110,1192,1906,-82,-796
7170,"0131",1316,424,568,892,748
7170,"0135",1710,1008,1613,702,97
7171,"0131",2027,573,725,1454,1302
7171,"0135",2095,1362,2242,733,-147
7172,"0131",1656,473,631,1183,1025
7172,"0135",1920,1291,1970,629,-50
7173,"0131",197,177,195,20,2
7173,"0135",174,101,137,73,37
7174,"0131",100,11,19,89,81
7174,"0135",110,38,48,72,62
7175,"0131",1013,321,522,692,491
7175,"0135",1550,631,1047,919,503
7176,"0131",1556,429,650,1127,906
7176,"0135",1717,799,1300,918,417
7177,"0131",7,1,4,6,3
7177,"0135",3,3,3,0,0
7178,"0131",754,230,315,524,439
7178,"0135",252,199,357,53,-105
7179,"0131",171,23,42,148,129
7179,"0135",292,106,174,186,118
7180,"0131",840,509,526,331,314
7180,"0135",435,301,520,134,-85
7181,"0131",669,259,349,410,320
7181,"0135",479,323,441,156,38
7182,"0131",57,246,259,-189,-202
7182,"0135",428,33,68,395,360
7183,"0131",591,408,482,183,109
7183,"0135",616,286,433,330,183
7184,"0131",811,167,257,644,554
7184,"0135",493,382,592,111,-99
7185,"0131",841,178,311,663,530
7185,"0135",705,474,705,231,0
7186,"0131",706,190,291,516,415
7186,"0135",593,375,562,218,31
7187,"0131",241,41,78,200,163
7187,"0135",158,115,180,43,-22
7188,"0131",1508,742,726,766,782
7188,"0135",1740,1375,1810,365,-70
7189,"0131",924,423,485,501,439
7189,"0135",959,710,990,249,-31
7190,"0131",576,302,357,274,219
7190,"0135",462,282,413,180,49
7191,"0131",621,481,525,140,96
7191,"0135",909,373,592,536,317
7192,"0131",470,347,438,123,32
7192,"0135",1102,403,658,699,444
7193,"0131",1281,428,580,853,701
7193,"0135",795,511,873,284,-78
7194,"0131",1059,145,283,914,776
7194,"0135",825,496,818,329,7
7195,"0131",615,239,241,376,374
7195,"0135",398,394,511,4,-113
7196,"0131",368,157,184,211,184
7196,"0135",383,247,362,136,21
7197,"0131",1278,367,523,911,755
7197,"0135",1834,1119,1678,715,156
7198,"0131",637,140,181,497,456
7198,"0135",675,515,788,160,-113
7199,"0131",788,145,211,643,577
7199,"0135",572,479,707,93,-135
7200,"0131",2,0,1,2,1
7200,"0135",24,15,22,9,2
7201,"0131",602,126,212,476,390
7201,"0135",528,343,581,185,-53
7202,"0131",0,0,0,0,0
7202,"0135",6,0,6,6,0
7203,"0131",728,150,193,578,535
7203,"0135",366,367,598,-1,-232
7204,"0131",346,168,213,178,133
7204,"0135",748,327,550,421,198
7205,"0131",26,6,11,20,15
7205,"0135",150,49,100,101,50
7206,"0131",563,383,480,180,83
7206,"0135",876,325,500,551,376
7207,"0131",2406,688,741,1718,1665
7207,"0135",1860,2317,2789,-457,-929
7208,"0131",1842,605,611,1237,1231
7208,"0135",1594,1865,2240,-271,-646
7209,"0131",2266,1261,1323,1005,943
7209,"0135",1172,1258,1373,-86,-201
7210,"0131",1449,1184,1218,265,231
7210,"0135",1761,1099,1276,662,485
7211,"0131",1123,859,971,264,152
7211,"0135",1597,889,1139,708,458
7212,"0131",1627,2325,2503,-698,-876
7212,"0135",3101,1209,1428,1892,1673
7213,"0131",1742,2241,2428,-499,-686
7213,"0135",2744,1129,1309,1615,1435
7214,"0131",1424,1210,1270,214,154
7214,"0135",1007,612,701,395,306
7215,"0131",949,1192,1430,-243,-481
7215,"0135",1767,629,825,1138,942
7216,"0131",1181,415,449,766,732
7216,"0135",1482,1524,1818,-42,-336
7217,"0131",981,295,303,686,678
7217,"0135",794,1004,1158,-210,-364
7218,"0131",1563,574,539,989,1024
7218,"0135",1451,1936,1943,-485,-492
7219,"0131",1868,594,597,1274,1271
7219,"0135",1439,1779,2153,-340,-714
7220,"0131",2314,1646,1689,668,625
7220,"0135",2263,1531,1985,732,278
7221,"0131",2788,1466,1537,1322,1251
7221,"0135",1266,1300,1573,-34,-307
7222,"0131",1634,1457,1538,177,96
7222,"0135",2222,1229,1477,993,745
7223,"0131",1131,789,797,342,334
7223,"0135",1022,736,906,286,116
7224,"0131",2805,2606,2714,199,91
7224,"0135",3716,1725,2276,1991,1440
7225,"0131",2417,2124,2140,293,277
7225,"0135",3020,1517,2000,1503,1020
7226,"0131",3360,2152,2190,1208,1170
7226,"0135",1932,1422,1848,510,84
7227,"0131",1996,2073,2174,-77,-178
7227,"0135",3122,1541,1745,1581,1377
7228,"0131",2207,1892,1936,315,271
7228,"0135",2557,1175,1729,1382,828
7229,"0131",2670,1751,1648,919,1022
7229,"0135",1401,1149,1514,252,-113
7230,"0131",2145,1861,1856,284,289
7230,"0135",2499,1279,1722,1220,777
7231,"0131",2881,2238,2218,643,663
7231,"0135",2748,1775,2231,973,517
7232,"0131",2370,2144,2155,226,215
7232,"0135",3341,1749,2239,1592,1102
7233,"0131",3076,2417,2385,659,691
7233,"0135",3243,2099,2566,1144,677
7234,"0131",1489,1266,1339,223,150
7234,"0135",1936,1034,1337,902,599
7235,"0131",2389,2059,2108,330,281
7235,"0135",2869,1567,2067,1302,802
7236,"0131",3649,3789,3921,-140,-272
7236,"0135",3797,1663,2161,2134,1636
7237,"0131",2684,2386,2691,298,-7
7237,"0135",2645,1306,1629,1339,1016
7238,"0131",1359,1964,2031,-605,-672
7238,"0135",2539,939,1182,1600,1357
7239,"0131",3053,1807,1883,1246,1170
7239,"0135",1867,1626,1958,241,-91
7240,"0131",1650,1012,1042,638,608
7240,"0135",1026,935,1078,91,-52
7241,"0131",611,408,403,203,208
7241,"0135",420,324,393,96,27
7242,"0131",2739,1645,1683,1094,1056
7242,"0135",2171,1696,2115,475,56
7243,"0131",2363,1510,1558,853,805
7243,"0135",2253,1453,1914,800,339
7244,"0131",1692,723,729,969,963
7244,"0135",481,776,930,-295,-449
7245,"0131",489,475,480,14,9
7245,"0135",1005,552,665,453,340
7246,"0131",2400,2875,3010,-475,-610
7246,"0135",3178,1206,1588,1972,1590
7247,"0131",1630,2040,2058,-410,-428
7247,"0135",2299,883,1115,1416,1184
7248,"0131",2386,2454,2445,-68,-59
7248,"0135",3214,1472,1872,1742,1342
7249,"0131",2065,1347,1365,718,700
7249,"0135",995,835,1030,160,-35
7250,"0131",2880,2478,2511,402,369
7250,"0135",2840,1455,1961,1385,879
7251,"0131",3235,2289,2387,946,848
7251,"0135",2074,1412,1871,662,203
7252,"0131",1694,1517,1538,177,156
7252,"0135",1643,942,1157,701,486
7253,"0131",2009,1310,1346,699,663
7253,"0135",941,837,1005,104,-64
7254,"0131",3397,2921,3065,476,332
7254,"0135",2807,1489,1962,1318,845
7255,"0131",3258,2854,2988,404,270
7255,"0135",2758,1297,1855,1461,903
7256,"0131",2855,2285,2467,570,388
7256,"0135",2321,1355,1681,966,640
7257,"0131",1253,1402,1474,-149,-221
7257,"0135",1656,703,911,953,745
7258,"0131",51,123,140,-72,-89
7258,"0135",178,66,56,112,122
7259,"0131",2323,2754,2902,-431,-579
7259,"0135",3001,1105,1349,1896,1652
7260,"0131",945,845,899,100,46
7260,"0135",673,387,456,286,217
7261,"0131",1559,1444,1562,115,-3
7261,"0135",1856,1263,1283,593,573
7262,"0131",311,620,619,-309,-308
7262,"0135",938,343,355,595,583
7263,"0131",3148,2595,2656,553,492
7263,"0135",3154,2126,2494,1028,660
7264,"0131",1426,1405,1314,21,112
7264,"0135",1516,1061,1069,455,447
7265,"0131",547,556,584,-9,-37
7265,"0135",754,519,462,235,292
7266,"0131",2672,2272,2308,400,364
7266,"0135",1453,916,1045,537,408
7267,"0131",2235,2565,2446,-330,-211
7267,"0135",2111,1086,1135,1025,976
7268,"0131",3259,4049,4340,-790,-1081
7268,"0135",4462,1792,2062,2670,2400
7269,"0131",2013,1988,2050,25,-37
7269,"0135",1687,929,981,758,706
7270,"0131",2672,3015,3168,-343,-496
7270,"0135",1803,776,746,1027,1057
7271,"0131",1053,1900,2032,-847,-979
7271,"0135",1780,544,465,1236,1315
7272,"0131",2143,2961,3125,-818,-982
7272,"0135",2283,790,734,1493,1549
7273,"0131",790,1271,1356,-481,-566
7273,"0135",1219,356,347,863,872
7274,"0131",621,1348,1383,-727,-762
7274,"0135",1226,230,264,996,962
7275,"0131",1136,941,987,195,149
7275,"0135",514,406,434,108,80
7276,"0131",637,1052,1098,-415,-461
7276,"0135",913,279,288,634,625
7277,"0131",1604,1752,2121,-148,-517
7277,"0135",1064,412,350,652,714
7278,"0131",1080,1685,2070,-605,-990
7278,"0135",1800,525,494,1275,1306
7279,"0131",1994,1958,2065,36,-71
7279,"0135",2240,1216,1380,1024,860
7280,"0131",1529,1861,1885,-332,-356
7280,"0135",2407,1113,1328,1294,1079
7281,"0131",1951,1589,1631,362,320
7281,"0135",1448,932,1088,516,360
7282,"0131",2017,1952,1961,65,56
7282,"0135",1931,1046,1224,885,707
7283,"0131",1932,1321,1396,611,536
7283,"0135",986,806,974,180,12
7284,"0131",1718,1454,1491,264,227
7284,"0135",1309,850,986,459,323
7285,"0131",541,587,631,-46,-90
7285,"0135",521,242,270,279,251
7286,"0131",124,329,292,-205,-168
7286,"0135",308,87,96,221,212
7287,"0131",8,30,33,-22,-25
7287,"0135",55,42,17,13,38
7288,"0131",84,162,171,-78,-87
7288,"0135",179,125,85,54,94
7289,"0131",971,1213,1407,-242,-436
7289,"0135",1478,661,775,817,703
7290,"0131",919,651,726,268,193
7290,"0135",354,338,393,16,-39
7291,"0131",2646,1819,2227,827,419
7291,"0135",2492,2042,2162,450,330
7292,"0131",1798,1245,1442,553,356
7292,"0135",1731,1382,1542,349,189
7293,"0131",1080,527,626,553,454
7293,"0135",510,662,717,-152,-207
7294,"0131",3378,3417,4054,-39,-676
7294,"0135",3413,1921,1920,1492,1493
7295,"0131",2988,2750,3313,238,-325
7295,"0135",2535,1611,1511,924,1024
7296,"0131",825,573,720,252,105
7296,"0135",553,333,314,220,239
7297,"0131",699,590,691,109,8
7297,"0135",435,219,271,216,164
7298,"0131",138,286,345,-148,-207
7298,"0135",425,209,174,216,251
7299,"0131",140,184,178,-44,-38
7299,"0135",150,106,102,44,48
7300,"0131",93,37,42,56,51
7300,"0135",3,46,49,-43,-46
7301,"0131",2316,1925,2270,391,46
7301,"0135",2705,1454,1722,1251,983
7302,"0131",1335,1319,1529,16,-194
7302,"0135",1891,861,990,1030,901
7303,"0131",1228,1136,1308,92,-80
7303,"0135",1547,791,885,756,662
7304,"0131",1814,2012,2458,-198,-644
7304,"0135",1971,773,819,1198,1152
7305,"0131",1055,1293,1493,-238,-438
7305,"0135",1369,511,655,858,714
7306,"0131",393,436,498,-43,-105
7306,"0135",257,181,106,76,151
7307,"0131",402,493,678,-91,-276
7307,"0135",660,356,302,304,358
7308,"0131",343,359,401,-16,-58
7308,"0135",205,169,111,36,94
7309,"0131",187,74,126,113,61
7309,"0135",72,114,116,-42,-44
7310,"0131",2938,1492,2581,1446,357
7310,"0135",1301,604,1150,697,151
7311,"0131",1966,2432,2573,-466,-607
7311,"0135",2086,1032,1055,1054,1031
7312,"0131",1210,2339,2631,-1129,-1421
7312,"0135",2502,763,723,1739,1779
7313,"0131",273,363,356,-90,-83
7313,"0135",195,104,82,91,113
7314,"0131",773,800,1065,-27,-292
7314,"0135",592,164,234,428,358
7315,"0131",451,1920,1966,-1469,-1515
7315,"0135",2328,731,661,1597,1667
7316,"0131",919,919,943,0,-24
7316,"0135",586,522,508,64,78
7317,"0131",3281,3128,3179,153,102
7317,"0135",3650,1822,2403,1828,1247
7318,"0131",2927,2486,2774,441,153
7318,"0135",3280,1599,2299,1681,981
7319,"0131",390,573,621,-183,-231
7319,"0135",1082,473,591,609,491
7320,"0131",409,591,609,-182,-200
7320,"0135",539,151,210,388,329
7321,"0131",63,63,61,0,2
7321,"0135",25,9,11,16,14
7322,"0131",452,551,576,-99,-124
7322,"0135",382,151,186,231,196
7323,"0131",281,356,357,-75,-76
7323,"0135",346,168,178,178,168
7324,"0131",3063,2166,2667,897,396
7324,"0135",2371,1177,1496,1194,875
7325,"0131",2904,1854,2570,1050,334
7325,"0135",2521,1126,1573,1395,948
7326,"0131",3072,2058,2538,1014,534
7326,"0135",2074,1219,1421,855,653
7327,"0131",1691,1272,1539,419,152
7327,"0135",1660,807,1054,853,606
7328,"0131",17,52,44,-35,-27
7328,"0135",32,2,3,30,29
7329,"0131",0,2,2,-2,-2
7329,"0135",5,1,1,4,4
7330,"0131",7,26,21,-19,-14
7330,"0135",17,1,0,16,17
7331,"0131",2323,2212,2561,111,-238
7331,"0135",2732,1313,1463,1419,1269
7332,"0131",2400,2549,2852,-149,-452
7332,"0135",3246,1438,1646,1808,1600
7333,"0131",1864,1512,1735,352,129
7333,"0135",1856,984,1092,872,764
7334,"0131",1155,1286,1483,-131,-328
7334,"0135",1694,792,778,902,916
7335,"0131",1161,1329,1535,-168,-374
7335,"0135",1654,682,717,972,937
7336,"0131",1404,1197,1352,207,52
7336,"0135",1443,735,917,708,526
7337,"0131",1284,706,914,578,370
7337,"0135",603,523,541,80,62
7338,"0131",430,370,374,60,56
7338,"0135",95,76,80,19,15
7339,"0131",16,51,36,-35,-20
7339,"0135",109,102,72,7,37
7340,"0131",144,398,397,-254,-253
7340,"0135",359,77,69,282,290
7341,"0131",452,364,429,88,23
7341,"0135",274,217,188,57,86
7342,"0131",1280,1594,2089,-314,-809
7342,"0135",1693,632,455,1061,1238
7343,"0131",2660,2219,2550,441,110
7343,"0135",3057,1543,1603,1514,1454
7344,"0131",2484,2043,2279,441,205
7344,"0135",2668,1331,1439,1337,1229
7345,"0131",1274,1184,1402,90,-128
7345,"0135",1891,749,843,1142,1048
7346,"0131",630,386,603,244,27
7346,"0135",434,302,222,132,212
7347,"0131",199,451,449,-252,-250
7347,"0135",526,184,162,342,364
7348,"0131",32,27,26,5,6
7348,"0135",4,2,4,2,0
7349,"0131",867,352,450,515,417
7349,"0135",222,472,452,-250,-230
7350,"0131",1946,1673,2058,273,-112
7350,"0135",2737,2161,1942,576,795
7351,"0131",80,114,138,-34,-58
7351,"0135",238,130,128,108,110
7352,"0131",4571,4180,4422,391,149
7352,"0135",3643,1921,2188,1722,1455
7353,"0131",449,1007,1028,-558,-579
7353,"0135",975,198,222,777,753
7354,"0131",191,293,240,-102,-49
7354,"0135",161,120,90,41,71
7355,"0131",454,690,634,-236,-180
7355,"0135",407,176,187,231,220
7356,"0131",87,103,83,-16,4
7356,"0135",121,39,78,82,43
7357,"0131",35,257,188,-222,-153
7357,"0135",204,42,17,162,187
7358,"0131",176,315,269,-139,-93
7358,"0135",194,74,69,120,125
7359,"0131",4013,4745,5202,-732,-1189
7359,"0135",5541,1979,2440,3562,3101
7360,"0131",3194,3059,3221,135,-27
7360,"0135",2682,1147,1486,1535,1196
7361,"0131",1666,1705,1844,-39,-178
7361,"0135",1732,709,876,1023,856
7362,"0131",1167,1302,1458,-135,-291
7362,"0135",946,326,389,620,557
7363,"0131",15,112,110,-97,-95
7363,"0135",145,50,37,95,108
7364,"0131",530,837,1030,-307,-500
7364,"0135",1074,383,371,691,703
7365,"0131",465,494,519,-29,-54
7365,"0135",358,286,209,72,149
7366,"0131",1699,1285,1359,414,340
7366,"0135",1466,902,1033,564,433
7367,"0131",1309,1102,1161,207,148
7367,"0135",1392,827,888,565,504
7368,"0131",469,415,452,54,17
7368,"0135",268,231,193,37,75
7369,"0131",248,398,472,-150,-224
7369,"0135",662,427,365,235,297
7370,"0131",274,259,241,15,33
7370,"0135",138,180,141,-42,-3
7371,"0131",144,107,90,37,54
7371,"0135",86,90,90,-4,-4
7372,"0131",798,808,821,-10,-23
7372,"0135",489,302,354,187,135
7373,"0131",1537,1628,1896,-91,-359
7373,"0135",1127,448,459,679,668
7374,"0131",1223,1563,1798,-340,-575
7374,"0135",1412,459,548,953,864
7375,"0131",613,826,879,-213,-266
7375,"0135",667,228,224,439,443
7376,"0131",621,1273,1508,-652,-887
7376,"0135",1565,604,544,961,1021
7377,"0131",581,685,926,-104,-345
7377,"0135",808,555,400,253,408
7378,"0131",90,191,206,-101,-116
7378,"0135",160,21,32,139,128
7379,"0131",519,917,956,-398,-437
7379,"0135",1112,354,448,758,664
7380,"0131",939,724,915,215,24
7380,"0135",752,564,481,188,271
7381,"0131",843,656,808,187,35
7381,"0135",682,501,477,181,205
7382,"0131",296,369,509,-73,-213
7382,"0135",447,239,163,208,284
7383,"0131",862,574,803,288,59
7383,"0135",496,436,426,60,70
7384,"0131",159,171,224,-12,-65
7384,"0135",114,51,25,63,89
7385,"0131",80,116,131,-36,-51
7385,"0135",127,67,62,60,65
7386,"0131",33,28,33,5,0
7386,"0135",24,10,12,14,12
7387,"0131",641,463,629,178,12
7387,"0135",306,111,239,195,67
7388,"0131",78,226,245,-148,-167
7388,"0135",209,25,24,184,185
7389,"0131",1893,1175,1318,718,575
7389,"0135",882,699,1016,183,-134
7390,"0131",2471,2704,2955,-233,-484
7390,"0135",2912,1208,1390,1704,1522
7391,"0131",940,945,1034,-5,-94
7391,"0135",946,414,490,532,456
7392,"0131",1164,1749,1980,-585,-816
7392,"0135",1385,353,323,1032,1062
7393,"0131",403,765,688,-362,-285
7393,"0135",730,159,381,571,349
7394,"0131",926,1032,1139,-106,-213
7394,"0135",1448,867,863,581,585
7395,"0131",384,385,440,-1,-56
7395,"0135",134,55,53,79,81
7396,"0131",1323,1191,1286,132,37
7396,"0135",1148,650,767,498,381
7397,"0131",629,908,970,-279,-341
7397,"0135",1157,452,540,705,617
7398,"0131",342,355,432,-13,-90
7398,"0135",291,163,141,128,150
7399,"0131",299,254,329,45,-30
7399,"0135",208,55,127,153,81
7400,"0131",0,14,9,-14,-9
7400,"0135",19,3,4,16,15
7401,"0131",681,511,534,170,147
7401,"0135",540,444,481,96,59
7402,"0131",273,380,338,-107,-65
7402,"0135",347,161,208,186,139
7403,"0131",1665,1388,1394,277,271
7403,"0135",1014,535,758,479,256
7404,"0131",65,41,37,24,28
7404,"0135",9,8,20,1,-11
7405,"0131",84,44,61,40,23
7405,"0135",21,26,29,-5,-8
7406,"0131",6,13,13,-7,-7
7406,"0135",16,2,6,14,10
7407,"0131",1036,1246,1175,-210,-139
7407,"0135",803,238,357,565,446
7408,"0131",562,1008,1078,-446,-516
7408,"0135",916,165,256,751,660
7409,"0131",2531,2714,2952,-183,-421
7409,"0135",2615,1000,1595,1615,1020
7410,"0131",449,350,346,99,103
7410,"0135",196,120,191,76,5
7411,"0131",92,60,60,32,32
7411,"0135",28,31,42,-3,-14
7412,"0131",1850,1772,1993,78,-143
7412,"0135",1534,958,997,576,537
7413,"0131",473,626,704,-153,-231
7413,"0135",760,335,368,425,392
7414,"0131",933,608,793,325,140
7414,"0135",287,361,312,-74,-25
7415,"0131",337,317,366,20,-29
7415,"0135",315,116,183,199,132
7416,"0131",48,35,44,13,4
7416,"0135",29,28,24,1,5
7417,"0131",2044,2553,2646,-509,-602
7417,"0135",3345,1308,1562,2037,1783
7418,"0131",2370,2150,2186,220,184
7418,"0135",2169,1073,1286,1096,883
7419,"0131",1115,1695,1704,-580,-589
7419,"0135",2207,746,857,1461,1350
7420,"0131",119,47,48,72,71
7420,"0135",22,54,69,-32,-47
7421,"0131",566,575,558,-9,8
7421,"0135",290,169,223,121,67
7422,"0131",82,23,49,59,33
7422,"0135",4,27,25,-23,-21
7423,"0131",5,4,3,1,2
7423,"0135",1,2,0,-1,1
7424,"0131",454,564,608,-110,-154
7424,"0135",400,205,167,195,233
7425,"0131",148,121,123,27,25
7425,"0135",2,31,24,-29,-22
7426,"0131",1205,920,1120,285,85
7426,"0135",982,656,638,326,344
7427,"0131",970,788,928,182,42
7427,"0135",699,474,473,225,226
7428,"0131",312,486,532,-174,-220
7428,"0135",722,311,340,411,382
7429,"0131",3,23,32,-20,-29
7429,"0135",65,32,32,33,33
7430,"0131",2186,2006,2402,180,-216
7430,"0135",2172,1246,1301,926,871
7431,"0131",352,411,448,-59,-96
7431,"0135",356,195,193,161,163
7432,"0131",150,181,191,-31,-41
7432,"0135",147,113,93,34,54
7433,"0131",2,7,9,-5,-7
7433,"0135",11,2,3,9,8
7434,"0131",18,81,87,-63,-69
7434,"0135",147,75,66,72,81
7435,"0131",1517,785,881,732,636
7435,"0135",806,1051,1060,-245,-254
7436,"0131",403,261,299,142,104
7436,"0135",268,293,292,-25,-24
7437,"0131",1241,696,840,545,401
7437,"0135",1027,794,1034,233,-7
7438,"0131",290,189,166,101,124
7438,"0135",20,74,116,-54,-96
7439,"0131",125,83,84,42,41
7439,"0135",35,70,67,-35,-32
7440,"0131",489,313,347,176,142
7440,"0135",88,174,173,-86,-85
7441,"0131",10,21,15,-11,-5
7441,"0135",18,17,13,1,5
7442,"0131",1039,1104,1092,-65,-53
7442,"0135",1633,860,1092,773,541
7443,"0131",752,732,755,20,-3
7443,"0135",1050,542,694,508,356
7444,"0131",1746,1532,1650,214,96
7444,"0135",1203,534,755,669,448
7445,"0131",617,585,631,32,-14
7445,"0135",537,199,314,338,223
7446,"0131",109,194,222,-85,-113
7446,"0135",177,33,43,144,134
7447,"0131",52,108,113,-56,-61
7447,"0135",93,21,25,72,68
7448,"0131",222,111,100,111,122
7448,"0135",22,21,21,1,1
7449,"0131",659,986,1097,-327,-438
7449,"0135",993,342,388,651,605
7450,"0131",1650,1552,1717,98,-67
7450,"0135",902,579,583,323,319
7451,"0131",18,121,157,-103,-139
7451,"0135",192,39,43,153,149
7452,"0131",192,231,242,-39,-50
7452,"0135",145,50,75,95,70
7453,"0131",74,66,83,8,-9
7453,"0135",31,15,11,16,20
7454,"0131",1160,1037,1079,123,81
7454,"0135",737,398,528,339,209
7455,"0131",918,1454,1435,-536,-517
7455,"0135",1936,723,1063,1213,873
7456,"0131",820,948,961,-128,-141
7456,"0135",999,418,652,581,347
7457,"0131",120,135,151,-15,-31
7457,"0135",77,25,37,52,40
7458,"0131",348,618,609,-270,-261
7458,"0135",498,115,174,383,324
7459,"0131",98,427,301,-329,-203
7459,"0135",346,64,109,282,237
7460,"0131",624,517,566,107,58
7460,"0135",355,314,323,41,32
7461,"0131",12,385,370,-373,-358
7461,"0135",499,81,116,418,383
7462,"0131",236,212,302,24,-66
7462,"0135",122,188,29,-66,93
7463,"0131",554,363,395,191,159
7463,"0135",1239,967,1074,272,165
7464,"0131",899,374,395,525,504
7464,"0135",949,1035,1118,-86,-169
7465,"0131",1230,664,695,566,535
7465,"0135",2048,1843,2034,205,14
7466,"0131",926,380,384,546,542
7466,"0135",827,894,1017,-67,-190
7467,"0131",806,298,304,508,502
7467,"0135",702,792,875,-90,-173
7468,"0131",1868,816,850,1052,1018
7468,"0135",1839,1854,2140,-15,-301
7469,"0131",3131,2425,2433,706,698
7469,"0135",3638,2412,2869,1226,769
7470,"0131",1606,1410,1795,196,-189
7470,"0135",1491,527,683,964,808
7471,"0131",674,864,872,-190,-198
7471,"0135",883,288,365,595,518
7472,"0131",936,663,705,273,231
7472,"0135",1068,706,783,362,285
7473,"0131",2095,1729,1721,366,374
7473,"0135",2509,1564,1868,945,641
7474,"0131",1049,1250,1269,-201,-220
7474,"0135",2238,1097,1318,1141,920
7475,"0131",2260,1903,2079,357,181
7475,"0135",2071,1114,1251,957,820
7476,"0131",951,1101,1115,-150,-164
7476,"0135",1414,563,693,851,721
7477,"0131",1111,1368,1318,-257,-207
7477,"0135",1818,747,920,1071,898
7478,"0131",1894,1520,1580,374,314
7478,"0135",1116,628,724,488,392
7479,"0131",1291,1499,1522,-208,-231
7479,"0135",1721,616,780,1105,941
7480,"0131",1463,1335,1377,128,86
7480,"0135",1269,596,701,673,568
7481,"0131",1282,1494,1544,-212,-262
7481,"0135",1720,641,749,1079,971
7482,"0131",910,1022,1017,-112,-107
7482,"0135",974,381,426,593,548
7483,"0131",1439,1338,1361,101,78
7483,"0135",1210,543,691,667,519
7484,"0131",1079,1496,1546,-417,-467
7484,"0135",2206,865,1040,1341,1166
7485,"0131",1514,1288,1301,226,213
7485,"0135",1230,708,820,522,410
7486,"0131",2742,2255,2357,487,385
7486,"0135",2445,1386,1651,1059,794
7487,"0131",2164,2264,2407,-100,-243
7487,"0135",1945,735,812,1210,1133
7488,"0131",1118,1508,1606,-390,-488
7488,"0135",1642,505,541,1137,1101
7489,"0131",1931,1871,1925,60,6
7489,"0135",2398,1086,1263,1312,1135
7490,"0131",1680,1347,1393,333,287
7490,"0135",1546,882,1014,664,532
7491,"0131",1507,1595,1632,-88,-125
7491,"0135",2669,1315,1468,1354,1201
7492,"0131",1154,1060,1099,94,55
7492,"0135",1562,858,936,704,626
7493,"0131",2194,1812,1846,382,348
7493,"0135",1731,843,1064,888,667
7494,"0131",1675,1878,1853,-203,-178
7494,"0135",2241,847,1059,1394,1182
7495,"0131",1168,1353,1384,-185,-216
7495,"0135",1666,643,768,1023,898
7496,"0131",2283,1441,1424,842,859
7496,"0135",784,609,791,175,-7
7497,"0131",1637,1850,1826,-213,-189
7497,"0135",1620,503,661,1117,959
7498,"0131",821,1249,1173,-428,-352
7498,"0135",1113,235,354,878,759
7499,"0131",1280,1707,1556,-427,-276
7499,"0135",1439,398,562,1041,877
7500,"0131",1996,1705,1874,291,122
7500,"0135",1516,603,837,913,679
7501,"0131",1672,1917,1784,-245,-112
7501,"0135",1615,669,754,946,861
7502,"0131",1789,1915,1958,-126,-169
7502,"0135",1776,653,752,1123,1024
7503,"0131",1284,2033,2070,-749,-786
7503,"0135",2458,811,827,1647,1631
7504,"0131",1186,1387,1377,-201,-191
7504,"0135",1452,549,678,903,774
7505,"0131",1873,2165,2174,-292,-301
7505,"0135",2421,886,1096,1535,1325
7506,"0131",1269,1811,1877,-542,-608
7506,"0135",2265,745,861,1520,1404
7507,"0131",2531,1586,1671,945,860
7507,"0135",2533,1946,2231,587,302
7508,"0131",1864,1479,1516,385,348
7508,"0135",1998,1139,1396,859,602
7509,"0131",1064,1018,1042,46,22
7509,"0135",1409,679,854,730,555
7510,"0131",1452,1234,1269,218,183
7510,"0135",1787,947,1176,840,611
7511,"0131",1063,1124,1120,-61,-57
7511,"0135",1694,773,991,921,703
7512,"0131",1146,1479,1500,-333,-354
7512,"0135",2124,809,989,1315,1135
7513,"0131",3195,2489,2460,706,735
7513,"0135",2257,1353,1657,904,600
7514,"0131",1058,1126,1163,-68,-105
7514,"0135",1563,692,846,871,717
7515,"0131",2266,1882,1932,384,334
7515,"0135",2102,1114,1360,988,742
7516,"0131",1653,1171,1218,482,435
7516,"0135",1097,727,869,370,228
7517,"0131",1979,1707,1755,272,224
7517,"0135",2136,1077,1338,1059,798
7518,"0131",1712,1517,1500,195,212
7518,"0135",1884,1068,1138,816,746
7519,"0131",1480,1273,1239,207,241
7519,"0135",1557,822,994,735,563
7520,"0131",1495,1409,1353,86,142
7520,"0135",1645,872,995,773,650
7521,"0131",1903,1354,1393,549,510
7521,"0135",1876,1257,1492,619,384
7522,"0131",1659,1332,1460,327,199
7522,"0135",2147,1112,1408,1035,739
7523,"0131",1087,702,699,385,388
7523,"0135",761,582,685,179,76
7524,"0131",1737,992,1025,745,712
7524,"0135",1380,1192,1460,188,-80
7525,"0131",2036,2052,2108,-16,-72
7525,"0135",1509,677,774,832,735
7526,"0131",1233,1175,1273,58,-40
7526,"0135",851,432,459,419,392
7527,"0131",1504,1130,1489,374,15
7527,"0135",1206,544,734,662,472
7528,"0131",1084,989,985,95,99
7528,"0135",1023,568,703,455,320
7529,"0131",2035,1545,1588,490,447
7529,"0135",1416,988,1109,428,307
7530,"0131",1329,1376,1624,-47,-295
7530,"0135",1643,520,770,1123,873
7531,"0131",831,1105,1168,-274,-337
7531,"0135",1287,465,549,822,738
7532,"0131",48,0,273,48,-225
7532,"0135",617,0,277,617,340
7533,"0131",1697,1404,1432,293,265
7533,"0135",608,363,475,245,133
7534,"0131",1093,1297,1522,-204,-429
7534,"0135",1425,412,531,1013,894
7535,"0131",1714,2302,2531,-588,-817
7535,"0135",2403,628,768,1775,1635
7536,"0131",1114,1219,1324,-105,-210
7536,"0135",1082,265,403,817,679
7537,"0131",3231,2953,3130,278,101
7537,"0135",2626,1052,1364,1574,1262
7538,"0131",1219,1265,1492,-46,-273
7538,"0135",1573,489,628,1084,945
7539,"0131",1756,2168,2317,-412,-561
7539,"0135",2082,582,711,1500,1371
7540,"0131",1936,2041,2148,-105,-212
7540,"0135",1548,460,622,1088,926
7541,"0131",116,155,166,-39,-50
7541,"0135",181,150,121,31,60
7542,"0131",5,5,5,0,0
7542,"0135",5,6,5,-1,0
7543,"0131",1572,1826,1712,-254,-140
7543,"0135",1441,901,746,540,695
7544,"0131",44,141,104,-97,-60
7544,"0135",97,15,18,82,79
7545,"0131",1408,1625,1553,-217,-145
7545,"0135",1245,662,714,583,531
7546,"0131",207,450,442,-243,-235
7546,"0135",437,118,129,319,308
7547,"0131",2189,2643,2417,-454,-228
7547,"0135",2303,852,1103,1451,1200
7548,"0131",39,72,48,-33,-9
7548,"0135",40,16,17,24,23
7549,"0131",0,0,0,0,0
7549,"0135",0,0,0,0,0
7550,"0131",1578,1852,1861,-274,-283
7550,"0135",1696,620,756,1076,940
7551,"0131",1779,2057,2017,-278,-238
7551,"0135",1761,623,842,1138,919
7552,"0131",442,328,348,114,94
7552,"0135",245,317,264,-72,-19
7553,"0131",339,567,552,-228,-213
7553,"0135",307,39,57,268,250
7554,"0131",0,0,0,0,0
7554,"0135",0,0,0,0,0
7555,"0131",0,0,0,0,0
7555,"0135",1,2,1,-1,0
7556,"0131",390,536,544,-146,-154
7556,"0135",364,133,130,231,234
7557,"0131",1863,1910,2093,-47,-230
7557,"0135",1687,647,796,1040,891
7558,"0131",1007,1394,1504,-387,-497
7558,"0135",1311,547,486,764,825
7559,"0131",1119,828,838,291,281
7559,"0135",261,299,312,-38,-51
7560,"0131",914,860,856,54,58
7560,"0135",487,221,242,266,245
7561,"0131",1532,2114,1863,-582,-331
7561,"0135",1522,414,552,1108,970
7562,"0131",628,1087,1069,-459,-441
7562,"0135",942,243,239,699,703
7563,"0131",1232,1506,1716,-274,-484
7563,"0135",1493,786,693,707,800
7564,"0131",1093,1461,1456,-368,-363
7564,"0135",1008,323,379,685,629
7565,"0131",911,910,886,1,25
7565,"0135",366,174,233,192,133
7566,"0131",117,174,131,-57,-14
7566,"0135",53,64,26,-11,27
7567,"0131",51,103,70,-52,-19
7567,"0135",43,30,16,13,27
7568,"0131",1358,1390,1514,-32,-156
7568,"0135",1079,645,643,434,436
7569,"0131",1801,1986,2231,-185,-430
7569,"0135",1868,992,1014,876,854
7570,"0131",10,59,31,-49,-21
7570,"0135",31,22,7,9,24
7571,"0131",774,762,761,12,13
7571,"0135",486,206,240,280,246
7572,"0131",173,273,270,-100,-97
7572,"0135",134,35,24,99,110
7573,"0131",115,108,107,7,8
7573,"0135",4,9,5,-5,-1
7574,"0131",1720,1363,1401,357,319
7574,"0135",621,486,444,135,177
7575,"0131",1400,1176,1260,224,140
7575,"0135",655,480,414,175,241
7576,"0131",1127,1554,1522,-427,-395
7576,"0135",1295,358,422,937,873
7577,"0131",2124,2255,2368,-131,-244
7577,"0135",1592,538,627,1054,965
7578,"0131",1030,1541,1444,-511,-414
7578,"0135",1127,306,303,821,824
7579,"0131",561,820,829,-259,-268
7579,"0135",737,281,222,456,515
7580,"0131",362,421,409,-59,-47
7580,"0135",198,63,78,135,120
7581,"0131",0,0,0,0,0
7581,"0135",0,0,0,0,0
7582,"0131",129,145,115,-16,14
7582,"0135",15,7,17,8,-2
7583,"0131",399,440,425,-41,-26
7583,"0135",228,128,142,100,86
7584,"0131",332,409,403,-77,-71
7584,"0135",274,121,132,153,142
7585,"0131",557,647,720,-90,-163
7585,"0135",909,699,662,210,247
7586,"0131",493,830,823,-337,-330
7586,"0135",567,120,147,447,420
7587,"0131",1533,1894,1840,-361,-307
7587,"0135",1721,622,816,1099,905
7588,"0131",3387,3588,3572,-201,-185
7588,"0135",3022,1340,1724,1682,1298
7589,"0131",2092,1782,1950,310,142
7589,"0135",1439,787,980,652,459
7590,"0131",1644,1726,1775,-82,-131
7590,"0135",1638,679,902,959,736
7591,"0131",690,715,1015,-25,-325
7591,"0135",1168,418,568,750,600
7592,"0131",262,328,343,-66,-81
7592,"0135",205,52,75,153,130
7593,"0131",1354,1924,1975,-570,-621
7593,"0135",1691,852,825,839,866
7594,"0131",1737,1731,2044,6,-307
7594,"0135",959,315,432,644,527
7595,"0131",1394,1178,1729,216,-335
7595,"0135",826,248,322,578,504
7596,"0131",834,1093,1244,-259,-410
7596,"0135",814,213,273,601,541
7597,"0131",620,880,1061,-260,-441
7597,"0135",937,197,365,740,572
7598,"0131",620,533,444,87,176
7598,"0135",472,613,584,-141,-112
7599,"0131",124,625,603,-501,-479
7599,"0135",650,93,78,557,572
7600,"0131",509,661,686,-152,-177
7600,"0135",322,176,96,146,226
7601,"0131",75,89,92,-14,-17
7601,"0135",41,8,6,33,35
7602,"0131",390,496,637,-106,-247
7602,"0135",474,153,122,321,352
7603,"0131",51,53,46,-2,5
7603,"0135",1,8,5,-7,-4
7604,"0131",10,16,15,-6,-5
7604,"0135",9,1,2,8,7
7605,"0131",61,106,123,-45,-62
7605,"0135",119,44,37,75,82
7606,"0131",1843,2303,2536,-460,-693
7606,"0135",1982,847,826,1135,1156
7607,"0131",2461,2438,2769,23,-308
7607,"0135",1881,948,815,933,1066
7608,"0131",604,877,858,-273,-254
7608,"0135",540,138,116,402,424
7609,"0131",327,517,552,-190,-225
7609,"0135",455,60,113,395,342
7610,"0131",1431,1471,1585,-40,-154
7610,"0135",1251,426,535,825,716
7611,"0131",1179,1128,1218,51,-39
7611,"0135",979,380,490,599,489
7612,"0131",1896,1850,1974,46,-78
7612,"0135",2348,1089,1254,1259,1094
7613,"0131",2619,1649,1994,970,625
7613,"0135",1746,1124,1394,622,352
7614,"0131",2187,1519,1601,668,586
7614,"0135",1346,950,1141,396,205
7615,"0131",2333,2400,2541,-67,-208
7615,"0135",2011,699,921,1312,1090
7616,"0131",2356,2191,2562,165,-206
7616,"0135",1856,709,807,1147,1049
7617,"0131",1007,655,770,352,237
7617,"0135",377,239,311,138,66
7618,"0131",1585,2036,2173,-451,-588
7618,"0135",2677,1334,1641,1343,1036
7619,"0131",1162,1208,1246,-46,-84
7619,"0135",1528,954,1142,574,386
7620,"0131",13,26,29,-13,-16
7620,"0135",51,23,21,28,30
7621,"0131",412,251,318,161,94
7621,"0135",205,137,184,68,21
7622,"0131",82,94,117,-12,-35
7622,"0135",111,36,36,75,75
7623,"0131",1374,1891,2168,-517,-794
7623,"0135",1881,761,662,1120,1219
7624,"0131",1322,1670,1894,-348,-572
7624,"0135",1534,688,630,846,904
7625,"0131",1684,2314,2367,-630,-683
7625,"0135",1612,536,654,1076,958
7626,"0131",1651,2073,2192,-422,-541
7626,"0135",1285,371,458,914,827
7627,"0131",226,144,243,82,-17
7627,"0135",270,114,174,156,96
7628,"0131",220,148,210,72,10
7628,"0135",240,114,179,126,61
7629,"0131",1993,1663,2287,330,-294
7629,"0135",2231,884,1224,1347,1007
7630,"0131",1267,775,1099,492,168
7630,"0135",873,515,677,358,196
7631,"0131",1454,732,1029,722,425
7631,"0135",693,551,749,142,-56
7632,"0131",1495,813,1097,682,398
7632,"0135",641,490,676,151,-35
7633,"0131",825,1141,861,-316,-36
7633,"0135",820,753,509,67,311
7634,"0131",1396,1094,1419,302,-23
7634,"0135",1538,750,988,788,550
7635,"0131",2441,1738,2252,703,189
7635,"0135",1926,975,1278,951,648
7636,"0131",2432,1455,1887,977,545
7636,"0135",1121,794,1085,327,36
7637,"0131",1422,1224,1563,198,-141
7637,"0135",1552,702,923,850,629
7638,"0131",1596,1535,2008,61,-412
7638,"0135",2216,695,1111,1521,1105
7639,"0131",672,774,973,-102,-301
7639,"0135",1260,462,627,798,633
7640,"0131",1011,351,403,660,608
7640,"0135",848,909,1145,-61,-297
7641,"0131",1734,866,1003,868,731
7641,"0135",1540,1388,1744,152,-204
7642,"0131",1451,824,934,627,517
7642,"0135",1491,1151,1484,340,7
7643,"0131",1400,610,722,790,678
7643,"0135",976,999,1199,-23,-223
7644,"0131",1002,550,689,452,313
7644,"0135",1272,909,1167,363,105
7645,"0131",2421,1651,2004,770,417
7645,"0135",2456,1373,1854,1083,602
7646,"0131",805,627,741,178,64
7646,"0135",1075,555,747,520,328
7647,"0131",1154,761,893,393,261
7647,"0135",997,631,842,366,155
7648,"0131",134,114,129,20,5
7648,"0135",114,54,82,60,32
7649,"0131",365,264,394,101,-29
7649,"0135",311,150,212,161,99
7650,"0131",195,151,191,44,4
7650,"0135",299,191,247,108,52
7651,"0131",1597,1800,1853,-203,-256
7651,"0135",2294,890,1197,1404,1097
7652,"0131",1152,1280,1349,-128,-197
7652,"0135",1396,520,665,876,731
7653,"0131",2069,1185,1363,884,706
7653,"0135",761,626,884,135,-123
7654,"0131",1836,1651,1717,185,119
7654,"0135",1507,750,940,757,567
7655,"0131",1499,1349,1559,150,-60
7655,"0135",1560,690,903,870,657
7656,"0131",263,279,307,-16,-44
7656,"0135",323,180,200,143,123
7657,"0131",457,368,444,89,13
7657,"0135",243,157,185,86,58
7658,"0131",248,279,339,-31,-91
7658,"0135",284,150,138,134,146
7659,"0131",751,812,844,-61,-93
7659,"0135",682,441,496,241,186
7660,"0131",25,76,92,-51,-67
7660,"0135",82,12,0,70,82
7661,"0131",373,257,426,116,-53
7661,"0135",282,88,167,194,115
7662,"0131",2069,2221,2311,-152,-242
7662,"0135",1750,822,892,928,858
7663,"0131",1385,1697,1804,-312,-419
7663,"0135",1612,753,752,859,860
7664,"0131",3665,3583,3706,82,-41
7664,"0135",2634,1515,1646,1119,988
7665,"0131",620,784,980,-164,-360
7665,"0135",550,97,91,453,459
7666,"0131",688,866,860,-178,-172
7666,"0135",298,64,94,234,204
7667,"0131",22,43,24,-21,-2
7667,"0135",20,25,8,-5,12
7668,"0131",153,102,131,51,22
7668,"0135",89,56,89,33,0
7669,"0131",1853,1457,1696,396,157
7669,"0135",1389,769,991,620,398
7670,"0131",1839,1754,1945,85,-106
7670,"0135",1908,923,1161,985,747
7671,"0131",2596,2297,2624,299,-28
7671,"0135",2276,1230,1487,1046,789
7672,"0131",553,674,764,-121,-211
7672,"0135",930,407,461,523,469
7673,"0131",234,133,163,101,71
7673,"0135",136,59,163,77,-27
7674,"0131",39,70,70,-31,-31
7674,"0135",52,8,11,44,41
7675,"0131",1046,1305,1414,-259,-368
7675,"0135",1167,352,517,815,650
7676,"0131",1145,1528,1737,-383,-592
7676,"0135",1224,275,364,949,860
7677,"0131",686,1250,1365,-564,-679
7677,"0135",1117,171,240,946,877
7678,"0131",1656,1883,2491,-227,-835
7678,"0135",2012,737,791,1275,1221
7679,"0131",1600,1567,1796,33,-196
7679,"0135",1069,558,566,511,503
7680,"0131",81,125,159,-44,-78
7680,"0135",141,34,51,107,90
7681,"0131",1243,1044,1251,199,-8
7681,"0135",507,259,324,248,183
7682,"0131",1316,2069,2413,-753,-1097
7682,"0135",2200,619,723,1581,1477
7683,"0131",679,925,1022,-246,-343
7683,"0135",833,268,341,565,492
7684,"0131",1,2,2,-1,-1
7684,"0135",1,0,0,1,1
7685,"0131",1831,1809,2118,22,-287
7685,"0135",2076,974,1273,1102,803
7686,"0131",1159,1298,1420,-139,-261
7686,"0135",1608,753,948,855,660
7687,"0131",2352,2145,2314,207,38
7687,"0135",2169,1226,1579,943,590
7688,"0131",2592,2433,2562,159,30
7688,"0135",2464,1319,1764,1145,700
7689,"0131",189,215,266,-26,-77
7689,"0135",268,130,175,138,93
7690,"0131",441,300,386,141,55
7690,"0135",233,158,239,75,-6
7691,"0131",403,266,287,137,116
7691,"0135",147,181,224,-34,-77
7692,"0131",1521,1500,1589,21,-68
7692,"0135",1709,881,1128,828,581
7693,"0131",2287,1576,1717,711,570
7693,"0135",1300,1024,1271,276,29
7694,"0131",1228,1266,1398,-38,-170
7694,"0135",1565,787,972,778,593
7695,"0131",1494,1320,1653,174,-159
7695,"0135",1837,873,1131,964,706
7696,"0131",2766,1969,2176,797,590
7696,"0135",1641,1241,1510,400,131
7697,"0131",1206,805,894,401,312
7697,"0135",715,593,696,122,19
7698,"0131",384,334,455,50,-71
7698,"0135",273,60,120,213,153
7699,"0131",231,332,411,-101,-180
7699,"0135",434,182,198,252,236
7700,"0131",1486,1272,1479,214,7
7700,"0135",1122,803,826,319,296
7701,"0131",1534,1728,1967,-194,-433
7701,"0135",2045,1121,1177,924,868
7702,"0131",1625,1358,1544,267,81
7702,"0135",1301,1009,1011,292,290
7703,"0131",367,273,381,94,-14
7703,"0135",304,223,234,81,70
7704,"0131",146,447,471,-301,-325
7704,"0135",437,23,37,414,400
7705,"0131",1015,1380,1334,-365,-319
7705,"0135",1127,394,505,733,622
7706,"0131",380,692,651,-312,-271
7706,"0135",718,231,306,487,412
7707,"0131",1474,1343,1410,131,64
7707,"0135",969,584,750,385,219
7708,"0131",1316,1042,1082,274,234
7708,"0135",608,481,593,127,15
7709,"0131",131,82,96,49,35
7709,"0135",37,40,50,-3,-13
7710,"0131",1722,1665,1650,57,72
7710,"0135",1452,1136,1072,316,380
7711,"0131",1068,1547,1563,-479,-495
7711,"0135",1883,956,952,927,931
7712,"0131",643,654,854,-11,-211
7712,"0135",602,250,227,352,375
7713,"0131",875,1291,1379,-416,-504
7713,"0135",1178,563,542,615,636
7714,"0131",640,1132,1236,-492,-596
7714,"0135",1133,422,420,711,713
7715,"0131",1281,1665,1748,-384,-467
7715,"0135",1750,564,889,1186,861
7716,"0131",1958,1805,1932,153,26
7716,"0135",1301,607,872,694,429
7717,"0131",1346,1905,2175,-559,-829
7717,"0135",1747,362,599,1385,1148
7718,"0131",132,304,355,-172,-223
7718,"0135",435,87,130,348,305
7719,"0131",1163,1549,1722,-386,-559
7719,"0135",1189,317,432,872,757
7720,"0131",985,1602,1482,-617,-497
7720,"0135",999,299,346,700,653
7721,"0131",685,900,906,-215,-221
7721,"0135",506,166,246,340,260
7722,"0131",270,646,649,-376,-379
7722,"0135",492,46,53,446,439
7723,"0131",1422,2117,2093,-695,-671
7723,"0135",1313,286,336,1027,977
7724,"0131",333,441,544,-108,-211
7724,"0135",293,84,52,209,241
7725,"0131",2033,1977,1968,56,65
7725,"0135",1573,1664,1505,-91,68
7726,"0131",697,970,1017,-273,-320
7726,"0135",657,200,235,457,422
7727,"0131",1511,1608,1723,-97,-212
7727,"0135",1064,492,471,572,593
7728,"0131",1198,1723,1701,-525,-503
7728,"0135",1355,498,493,857,862
7729,"0131",172,413,313,-241,-141
7729,"0135",250,70,78,180,172
7730,"0131",1603,2447,2853,-844,-1250
7730,"0135",2642,694,767,1948,1875
7731,"0131",1379,1443,1881,-64,-502
7731,"0135",1661,605,617,1056,1044
7732,"0131",1411,1116,1293,295,118
7732,"0135",919,565,575,354,344
7733,"0131",1811,1923,2207,-112,-396
7733,"0135",1788,679,705,1109,1083
7734,"0131",3175,2648,3009,527,166
7734,"0135",2004,1133,1124,871,880
7735,"0131",387,594,662,-207,-275
7735,"0135",568,133,161,435,407
7736,"0131",283,212,233,71,50
7736,"0135",24,56,46,-32,-22
7737,"0131",1261,1895,2020,-634,-759
7737,"0135",1278,271,306,1007,972
7738,"0131",758,938,1000,-180,-242
7738,"0135",503,148,150,355,353
7739,"0131",1024,1374,1371,-350,-347
7739,"0135",460,66,69,394,391
7740,"0131",515,390,436,125,79
7740,"0135",394,142,174,252,220
7741,"0131",329,302,342,27,-13
7741,"0135",365,97,125,268,240
7742,"0131",680,464,427,216,253
7742,"0135",456,310,283,146,173
7743,"0131",749,496,530,253,219
7743,"0135",584,252,288,332,296
7744,"0131",790,746,800,44,-10
7744,"0135",1152,369,406,783,746
7745,"0131",880,704,771,176,109
7745,"0135",1077,439,452,638,625
7746,"0131",749,718,774,31,-25
7746,"0135",1221,362,398,859,823
7747,"0131",1165,719,799,446,366
7747,"0135",807,329,353,478,454
7748,"0131",825,576,613,249,212
7748,"0135",658,286,292,372,366
7749,"0131",714,518,573,196,141
7749,"0135",555,189,226,366,329
7750,"0131",1192,745,823,447,369
7750,"0135",1337,672,825,665,512
7751,"0131",916,552,575,364,341
7751,"0135",864,505,567,359,297
7752,"0131",692,442,571,250,121
7752,"0135",614,116,131,498,483
7753,"0131",630,302,610,328,20
7753,"0135",672,115,135,557,537
7754,"0131",305,360,433,-55,-128
7754,"0135",758,98,156,660,602
7755,"0131",687,445,489,242,198
7755,"0135",414,121,146,293,268
7756,"0131",457,379,514,78,-57
7756,"0135",682,125,157,557,525
7757,"0131",657,381,526,276,131
7757,"0135",504,105,147,399,357
7758,"0131",1024,608,685,416,339
7758,"0135",598,232,234,366,364
7759,"0131",572,624,807,-52,-235
7759,"0135",1310,208,239,1102,1071
7760,"0131",1119,644,835,475,284
7760,"0135",745,165,211,580,534
7761,"0131",1043,644,948,399,95
7761,"0135",1037,217,270,820,767
7762,"0131",874,565,768,309,106
7762,"0135",967,158,208,809,759
7763,"0131",755,573,612,182,143
7763,"0135",631,137,145,494,486
7764,"0131",933,544,648,389,285
7764,"0135",595,147,191,448,404
7765,"0131",453,390,457,63,-4
7765,"0135",771,173,264,598,507
7766,"0131",883,439,422,444,461
7766,"0135",262,205,209,57,53
7767,"0131",629,385,453,244,176
7767,"0135",777,397,449,380,328
7768,"0131",572,297,315,275,257
7768,"0135",601,346,427,255,174
7769,"0131",608,321,283,287,325
7769,"0135",449,512,455,-63,-6
7770,"0131",654,295,326,359,328
7770,"0135",505,315,344,190,161
7771,"0131",440,203,342,237,98
7771,"0135",711,192,366,519,345
7772,"0131",770,500,544,270,226
7772,"0135",582,242,238,340,344
7773,"0131",567,448,460,119,107
7773,"0135",902,322,433,580,469
7774,"0131",644,556,596,88,48
7774,"0135",1092,394,460,698,632
7775,"0131",934,395,523,539,411
7775,"0135",900,680,762,220,138
7776,"0131",961,442,501,519,460
7776,"0135",768,420,538,348,230
7777,"0131",839,422,458,417,381
7777,"0135",875,504,567,371,308
7778,"0131",844,467,502,377,342
7778,"0135",676,388,467,288,209
7779,"0131",405,230,239,175,166
7779,"0135",352,221,246,131,106
7780,"0131",867,446,452,421,415
7780,"0135",858,610,725,248,133
7781,"0131",511,322,401,189,110
7781,"0135",967,411,565,556,402
7782,"0131",566,527,394,39,172
7782,"0135",667,412,341,255,326
7783,"0131",585,294,370,291,215
7783,"0135",636,278,342,358,294
7784,"0131",118,85,93,33,25
7784,"0135",177,107,127,70,50
7785,"0131",817,591,793,226,24
7785,"0135",639,72,109,567,530
7786,"0131",735,543,646,192,89
7786,"0135",445,35,73,410,372
7787,"0131",323,501,351,-178,-28
7787,"0135",338,39,45,299,293
7788,"0131",105,28,49,77,56
7788,"0135",59,47,49,12,10
7789,"0131",537,474,510,63,27
7789,"0135",1040,343,396,697,644
7790,"0131",111,182,175,-71,-64
7790,"0135",411,124,120,287,291
7791,"0131",705,370,574,335,131
7791,"0135",837,264,351,573,486
7792,"0131",851,555,554,296,297
7792,"0135",890,566,677,324,213
7793,"0131",772,510,498,262,274
7793,"0135",1007,631,746,376,261
7794,"0131",883,520,516,363,367
7794,"0135",807,597,666,210,141
7795,"0131",759,461,495,298,264
7795,"0135",795,468,552,327,243
7796,"0131",376,445,450,-69,-74
7796,"0135",1047,438,493,609,554
7797,"0131",734,456,465,278,269
7797,"0135",655,504,481,151,174
7798,"0131",1253,1004,1022,249,231
7798,"0135",907,252,308,655,599
7799,"0131",930,1011,978,-81,-48
7799,"0135",1218,283,303,935,915
7800,"0131",590,567,566,23,24
7800,"0135",604,158,133,446,471
7801,"0131",761,676,725,85,36
7801,"0135",699,178,202,521,497
7802,"0131",761,673,705,88,56
7802,"0135",697,181,227,516,470
7803,"0131",882,788,784,94,98
7803,"0135",795,169,204,626,591
7804,"0131",691,553,582,138,109
7804,"0135",532,133,174,399,358
7805,"0131",515,419,553,96,-38
7805,"0135",706,147,190,559,516
7806,"0131",546,574,576,-28,-30
7806,"0135",627,119,189,508,438
7807,"0131",756,490,474,266,282
7807,"0135",575,283,335,292,240
7808,"0131",785,426,411,359,374
7808,"0135",287,290,237,-3,50
7809,"0131",662,420,435,242,227
7809,"0135",483,216,276,267,207
7810,"0131",359,446,443,-87,-84
7810,"0135",779,198,290,581,489
7811,"0131",1000,851,951,149,49
7811,"0135",1104,162,204,942,900
7812,"0131",791,684,668,107,123
7812,"0135",627,112,142,515,485
7813,"0131",326,345,329,-19,-3
7813,"0135",374,86,94,288,280
7814,"0131",1061,994,1069,67,-8
7814,"0135",1086,144,214,942,872
7815,"0131",601,439,476,162,125
7815,"0135",344,88,109,256,235
7816,"0131",501,534,557,-33,-56
7816,"0135",701,84,119,617,582
7817,"0131",629,625,709,4,-80
7817,"0135",767,124,156,643,611
7818,"0131",150,313,338,-163,-188
7818,"0135",532,35,68,497,464
7819,"0131",1162,967,987,195,175
7819,"0135",1370,480,564,890,806
7820,"0131",1017,820,856,197,161
7820,"0135",1234,375,476,859,758
7821,"0131",225,183,181,42,44
7821,"0135",271,91,130,180,141
7822,"0131",69,219,111,-150,-42
7822,"0135",127,97,31,30,96
7823,"0131",125,0,243,125,-118
7823,"0135",188,0,22,188,166
7824,"0131",152,0,216,152,-64
7824,"0135",155,0,47,155,108
7825,"0131",92,0,50,92,42
7825,"0135",5,0,14,5,-9
7826,"0131",21,0,31,21,-10
7826,"0135",27,0,4,27,23
7827,"0131",129,0,430,129,-301
7827,"0135",414,0,32,414,382
7828,"0131",730,554,789,176,-59
7828,"0135",447,114,133,333,314
7829,"0131",562,604,827,-42,-265
7829,"0135",682,118,121,564,561
7830,"0131",454,570,630,-116,-176
7830,"0135",399,77,52,322,347
7831,"0131",521,416,537,105,-16
7831,"0135",406,126,157,280,249
7832,"0131",287,230,216,57,71
7832,"0135",91,44,46,47,45
7833,"0131",312,776,705,-464,-393
7833,"0135",855,131,139,724,716
7834,"0131",791,538,683,253,108
7834,"0135",415,179,220,236,195
7835,"0131",634,545,634,89,0
7835,"0135",541,156,204,385,337
7836,"0131",825,650,699,175,126
7836,"0135",614,247,310,367,304
7837,"0131",994,596,680,398,314
7837,"0135",451,255,330,196,121
7838,"0131",698,489,583,209,115
7838,"0135",498,213,240,285,258
7839,"0131",488,320,369,168,119
7839,"0135",324,157,213,167,111
7840,"0131",19,13,20,6,-1
7840,"0135",15,1,5,14,10
7841,"0131",17,13,17,4,0
7841,"0135",17,1,2,16,15
7842,"0131",880,552,471,328,409
7842,"0135",480,273,325,207,155
7843,"0131",679,536,462,143,217
7843,"0135",698,310,358,388,340
7844,"0131",802,561,522,241,280
7844,"0135",775,354,392,421,383
7845,"0131",449,585,458,-136,-9
7845,"0135",878,234,305,644,573
7846,"0131",842,596,533,246,309
7846,"0135",646,291,279,355,367
7847,"0131",526,332,480,194,46
7847,"0135",753,166,258,587,495
7848,"0131",484,493,468,-9,16
7848,"0135",807,240,303,567,504
7849,"0131",588,691,694,-103,-106
7849,"0135",1644,564,657,1080,987
7850,"0131",972,580,517,392,455
7850,"0135",863,533,577,330,286
7851,"0131",835,712,661,123,174
7851,"0135",1167,473,549,694,618
7852,"0131",1374,568,536,806,838
7852,"0135",421,463,549,-42,-128
7853,"0131",12,53,58,-41,-46
7853,"0135",65,2,5,63,60
7854,"0131",16,0,59,16,-43
7854,"0135",148,0,34,148,114
7855,"0131",587,529,439,58,148
7855,"0135",511,323,270,188,241
7856,"0131",660,504,516,156,144
7856,"0135",620,339,285,281,335
7857,"0131",129,88,101,41,28
7857,"0135",116,54,33,62,83
7858,"0131",807,483,431,324,376
7858,"0135",582,426,421,156,161
7859,"0131",46,35,44,11,2
7859,"0135",37,15,12,22,25
7860,"0131",85,80,120,5,-35
7860,"0135",119,17,4,102,115
7861,"0131",662,681,600,-19,62
7861,"0135",387,223,265,164,122
7862,"0131",71,93,92,-22,-21
7862,"0135",40,13,5,27,35
7863,"0131",6,93,90,-87,-84
7863,"0135",199,51,50,148,149
7864,"0131",304,440,464,-136,-160
7864,"0135",364,50,53,314,311
7865,"0131",123,161,146,-38,-23
7865,"0135",169,104,81,65,88
7866,"0131",56,158,158,-102,-102
7866,"0135",153,29,12,124,141
7867,"0131",87,104,77,-17,10
7867,"0135",18,5,8,13,10
7868,"0131",109,55,54,54,55
7868,"0135",1,7,13,-6,-12
7869,"0131",490,411,505,79,-15
7869,"0135",224,35,52,189,172
7870,"0131",483,617,636,-134,-153
7870,"0135",785,196,197,589,588
7871,"0131",426,367,458,59,-32
7871,"0135",438,201,203,237,235
7872,"0131",416,264,265,152,151
7872,"0135",409,129,114,280,295
7873,"0131",69,57,57,12,12
7873,"0135",21,19,8,2,13
7874,"0131",25,10,20,15,5
7874,"0135",4,6,3,-2,1
7875,"0131",138,231,226,-93,-88
7875,"0135",239,14,13,225,226
7876,"0131",359,529,523,-170,-164
7876,"0135",551,64,94,487,457
7877,"0131",497,432,538,65,-41
7877,"0135",807,250,262,557,545
7878,"0131",378,258,288,120,90
7878,"0135",305,119,141,186,164
7879,"0131",734,483,608,251,126
7879,"0135",763,343,361,420,402
7880,"0131",183,134,162,49,21
7880,"0135",281,109,106,172,175
7881,"0131",357,269,327,88,30
7881,"0135",380,212,185,168,195
7882,"0131",587,459,633,128,-46
7882,"0135",589,200,149,389,440
7883,"0131",209,188,192,21,17
7883,"0135",151,154,89,-3,62
7884,"0131",109,55,54,54,55
7884,"0135",13,20,19,-7,-6
7885,"0131",22,0,47,22,-25
7885,"0135",50,0,2,50,48
7886,"0131",128,290,294,-162,-166
7886,"0135",301,35,33,266,268
7887,"0131",235,397,416,-162,-181
7887,"0135",404,36,50,368,354
7888,"0131",65,62,74,3,-9
7888,"0135",52,4,12,48,40
7889,"0131",545,353,454,192,91
7889,"0135",245,124,147,121,98
7890,"0131",497,496,449,1,48
7890,"0135",292,124,150,168,142
7891,"0131",51,50,69,1,-18
7891,"0135",57,9,15,48,42
7892,"0131",49,28,12,21,37
7892,"0135",14,16,30,-2,-16
7893,"0131",39,35,50,4,-11
7893,"0135",32,2,3,30,29
7894,"0131",7,0,40,7,-33
7894,"0135",51,3,3,48,48
7895,"0131",464,537,586,-73,-122
7895,"0135",1104,341,361,763,743
7896,"0131",710,602,643,108,67
7896,"0135",652,195,270,457,382
7897,"0131",696,531,587,165,109
7897,"0135",582,215,274,367,308
7898,"0131",574,397,457,177,117
7898,"0135",319,110,130,209,189
7899,"0131",515,456,539,59,-24
7899,"0135",593,119,180,474,413
7900,"0131",1216,688,654,528,562
7900,"0135",1382,1146,1253,236,129
7901,"0131",1158,644,630,514,528
7901,"0135",1368,1234,1269,134,99
7902,"0131",565,369,383,196,182
7902,"0135",948,778,779,170,169
7903,"0131",621,255,328,366,293
7903,"0135",688,503,649,185,39
7904,"0131",254,369,382,-115,-128
7904,"0135",560,134,161,426,399
7905,"0131",132,76,61,56,71
7905,"0135",86,16,73,70,13
7906,"0131",338,180,173,158,165
7906,"0135",135,88,86,47,49
7907,"0131",295,95,61,200,234
7907,"0135",38,94,136,-56,-98
7908,"0131",1378,739,731,639,647
7908,"0135",705,413,478,292,227
7909,"0131",1239,863,850,376,389
7909,"0135",1071,503,517,568,554
7910,"0131",739,494,543,245,196
7910,"0135",535,237,242,298,293
7911,"0131",416,233,330,183,86
7911,"0135",350,96,125,254,225
7912,"0131",1212,758,903,454,309
7912,"0135",620,109,220,511,400
7913,"0131",379,396,399,-17,-20
7913,"0135",393,64,77,329,316
7914,"0131",374,373,391,1,-17
7914,"0135",473,103,106,370,367
7915,"0131",839,833,857,6,-18
7915,"0135",1253,287,361,966,892
7916,"0131",531,450,499,81,32
7916,"0135",740,235,286,505,454
7917,"0131",329,395,413,-66,-84
7917,"0135",684,131,172,553,512
7918,"0131",751,797,546,-46,205
7918,"0135",586,294,220,292,366
7919,"0131",1303,933,955,370,348
7919,"0135",1062,349,409,713,653
7920,"0131",635,547,564,88,71
7920,"0135",888,256,304,632,584
7921,"0131",1600,971,978,629,622
7921,"0135",973,419,492,554,481
7922,"0131",1131,644,645,487,486
7922,"0135",637,421,497,216,140
7923,"0131",978,567,550,411,428
7923,"0135",769,508,583,261,186
7924,"0131",1452,696,720,756,732
7924,"0135",591,547,611,44,-20
7925,"0131",770,452,497,318,273
7925,"0135",774,388,496,386,278
7926,"0131",1035,495,486,540,549
7926,"0135",718,594,694,124,24
7927,"0131",490,511,557,-21,-67
7927,"0135",1325,523,720,802,605
7928,"0131",922,362,420,560,502
7928,"0135",536,375,547,161,-11
7929,"0131",554,362,396,192,158
7929,"0135",612,387,398,225,214
7930,"0131",886,468,522,418,364
7930,"0135",785,566,595,219,190
7931,"0131",813,483,462,330,351
7931,"0135",839,528,583,311,256
7932,"0131",546,559,519,-13,27
7932,"0135",607,172,195,435,412
7933,"0131",418,540,623,-122,-205
7933,"0135",773,143,164,630,609
7934,"0131",499,682,753,-183,-254
7934,"0135",1149,323,376,826,773
7935,"0131",891,429,564,462,327
7935,"0135",390,138,254,252,136
7936,"0131",348,220,220,128,128
7936,"0135",161,51,83,110,78
7937,"0131",452,481,513,-29,-61
7937,"0135",817,207,243,610,574
7938,"0131",1466,1344,1489,122,-23
7938,"0135",1445,519,356,926,1089
7939,"0131",1731,1396,1500,335,231
7939,"0135",1231,291,323,940,908
7940,"0131",1291,1056,1248,235,43
7940,"0135",1200,206,281,994,919
7941,"0131",1299,1176,1318,123,-19
7941,"0135",1454,297,330,1157,1124
7942,"0131",1604,1140,1202,464,402
7942,"0135",1056,310,341,746,715
7943,"0131",846,1037,1175,-191,-329
7943,"0135",1804,391,444,1413,1360
7944,"0131",1333,1172,1426,161,-93
7944,"0135",1593,258,441,1335,1152
7945,"0131",1384,1156,1246,228,138
7945,"0135",1300,297,363,1003,937
7946,"0131",1553,1149,1220,404,333
7946,"0135",1154,338,465,816,689
7947,"0131",738,575,604,163,134
7947,"0135",1237,622,688,615,549
7948,"0131",755,534,578,221,177
7948,"0135",989,482,565,507,424
7949,"0131",484,681,703,-197,-219
7949,"0135",1329,361,373,968,956
7950,"0131",850,662,714,188,136
7950,"0135",953,371,424,582,529
7951,"0131",660,728,462,-68,198
7951,"0135",365,344,228,21,137
7952,"0131",1072,719,746,353,326
7952,"0135",774,368,407,406,367
7953,"0131",965,565,683,400,282
7953,"0135",806,369,410,437,396
7954,"0131",760,911,932,-151,-172
7954,"0135",1254,332,318,922,936
7955,"0131",1366,1246,1365,120,1
7955,"0135",1276,364,262,912,1014
7956,"0131",689,657,680,32,9
7956,"0135",577,107,136,470,441
7957,"0131",848,566,598,282,250
7957,"0135",412,132,147,280,265
7958,"0131",945,1050,1256,-105,-311
7958,"0135",1361,183,202,1178,1159
7959,"0131",973,1291,1218,-318,-245
7959,"0135",1527,190,233,1337,1294
7960,"0131",885,712,842,173,43
7960,"0135",652,106,127,546,525
7961,"0131",1310,1107,1249,203,61
7961,"0135",1020,135,209,885,811
7962,"0131",1163,645,704,518,459
7962,"0135",1581,1106,1377,475,204
7963,"0131",1277,733,796,544,481
7963,"0135",1695,1083,1393,612,302
7964,"0131",1064,535,533,529,531
7964,"0135",845,788,869,57,-24
7965,"0131",786,345,426,441,360
7965,"0135",893,639,836,254,57
7966,"0131",978,442,338,536,640
7966,"0135",661,938,879,-277,-218
7967,"0131",715,368,339,347,376
7967,"0135",905,819,895,86,10
7968,"0131",380,467,500,-87,-120
7968,"0135",1808,1041,1135,767,673
7969,"0131",327,275,242,52,85
7969,"0135",905,668,678,237,227
7970,"0131",1324,753,777,571,547
7970,"0135",1451,1160,1302,291,149
7971,"0131",770,749,560,21,210
7971,"0135",1187,1151,896,36,291
7972,"0131",1477,605,611,872,866
7972,"0135",1319,1418,1609,-99,-290
7973,"0131",1552,617,692,935,860
7973,"0135",1477,1292,1685,185,-208
7974,"0131",1521,581,643,940,878
7974,"0135",1419,1346,1672,73,-253
7975,"0131",1041,696,509,345,532
7975,"0135",353,605,526,-252,-173
7976,"0131",515,549,470,-34,45
7976,"0135",585,469,360,116,225
7977,"0131",1254,640,742,614,512
7977,"0135",684,504,709,180,-25
7978,"0131",792,613,813,179,-21
7978,"0135",1250,502,691,748,559
7979,"0131",496,593,521,-97,-25
7979,"0135",643,426,370,217,273
7980,"0131",730,627,633,103,97
7980,"0135",626,391,408,235,218
7981,"0131",489,961,850,-472,-361
7981,"0135",1046,443,446,603,600
7982,"0131",810,554,552,256,258
7982,"0135",886,641,706,245,180
7983,"0131",711,303,288,408,423
7983,"0135",412,552,532,-140,-120
7984,"0131",881,629,535,252,346
7984,"0135",851,768,723,83,128
7985,"0131",697,522,592,175,105
7985,"0135",1260,628,806,632,454
7986,"0131",1656,651,723,1005,933
7986,"0135",876,856,1093,20,-217
7987,"0131",1045,576,634,469,411
7987,"0135",920,609,783,311,137
7988,"0131",1642,746,860,896,782
7988,"0135",1158,941,1157,217,1
7989,"0131",1120,414,521,706,599
7989,"0135",605,462,735,143,-130
7990,"0131",756,456,524,300,232
7990,"0135",915,511,708,404,207
7991,"0131",574,648,654,-74,-80
7991,"0135",822,292,401,530,421
7992,"0131",1368,1193,1317,175,51
7992,"0135",1188,430,633,758,555
7993,"0131",1246,622,748,624,498
7993,"0135",758,465,648,293,110
7994,"0131",600,597,540,3,60
7994,"0135",797,403,466,394,331
7995,"0131",959,485,565,474,394
7995,"0135",610,419,543,191,67
7996,"0131",1867,1160,1400,707,467
7996,"0135",1190,788,841,402,349
7997,"0131",1231,1215,1084,16,147
7997,"0135",1283,722,715,561,568
7998,"0131",1195,1070,1255,125,-60
7998,"0135",1592,576,829,1016,763
7999,"0131",344,457,429,-113,-85
7999,"0135",584,259,258,325,326
8000,"0131",1065,840,801,225,264
8000,"0135",1384,928,945,456,439
8001,"0131",1679,939,859,740,820
8001,"0135",1112,1125,1135,-13,-23
8002,"0131",571,825,574,-254,-3
8002,"0135",1339,759,789,580,550
8003,"0131",1302,891,837,411,465
8003,"0135",1148,892,929,256,219
8004,"0131",1484,815,818,669,666
8004,"0135",1153,984,1033,169,120
8005,"0131",1058,824,913,234,145
8005,"0135",1773,919,1070,854,703
8006,"0131",1246,1059,1015,187,231
8006,"0135",1827,968,1108,859,719
8007,"0131",1339,1061,913,278,426
8007,"0135",1384,1007,1085,377,299
8008,"0131",637,494,604,143,33
8008,"0135",1050,445,541,605,509
8009,"0131",635,628,532,7,103
8009,"0135",1090,668,665,422,425
8010,"0131",878,483,540,395,338
8010,"0135",808,488,628,320,180
8011,"0131",714,432,491,282,223
8011,"0135",790,435,543,355,247
8012,"0131",317,455,320,-138,-3
8012,"0135",540,344,289,196,251
8013,"0131",353,255,215,98,138
8013,"0135",233,248,220,-15,13
8014,"0131",1696,845,700,851,996
8014,"0135",853,1103,1038,-250,-185
8015,"0131",1581,1155,1259,426,322
8015,"0135",2705,1347,1729,1358,976
8016,"0131",942,394,525,548,417
8016,"0135",711,529,679,182,32
8017,"0131",772,450,360,322,412
8017,"0135",409,505,413,-96,-4
8018,"0131",1595,674,787,921,808
8018,"0135",1070,821,1076,249,-6
8019,"0131",1290,691,609,599,681
8019,"0135",985,954,1026,31,-41
8020,"0131",806,451,384,355,422
8020,"0135",610,457,588,153,22
8021,"0131",2258,1002,1049,1256,1209
8021,"0135",1488,1345,1615,143,-127
8022,"0131",1412,555,575,857,837
8022,"0135",766,774,965,-8,-199
8023,"0131",824,698,826,126,-2
8023,"0135",1717,691,974,1026,743
8024,"0131",481,354,395,127,86
8024,"0135",927,481,619,446,308
8025,"0131",923,627,714,296,209
8025,"0135",1221,617,818,604,403
8026,"0131",640,405,462,235,178
8026,"0135",811,430,589,381,222
8027,"0131",1535,977,1095,558,440
8027,"0135",1856,810,1251,1046,605
8028,"0131",1178,557,738,621,440
8028,"0135",1172,646,955,526,217
8029,"0131",730,526,455,204,275
8029,"0135",762,559,590,203,172
8030,"0131",573,455,455,118,118
8030,"0135",908,492,597,416,311
8031,"0131",1059,818,795,241,264
8031,"0135",1191,617,627,574,564
8032,"0131",972,388,509,584,463
8032,"0135",447,323,383,124,64
8033,"0131",877,391,459,486,418
8033,"0135",539,359,409,180,130
8034,"0131",1234,538,611,696,623
8034,"0135",583,361,511,222,72
8035,"0131",77,37,32,40,45
8035,"0135",28,45,61,-17,-33
8036,"0131",723,478,358,245,365
8036,"0135",432,601,477,-169,-45
8037,"0131",343,361,310,-18,33
8037,"0135",788,438,515,350,273
8038,"0131",142,18,29,124,113
8038,"0135",11,98,102,-87,-91
8039,"0131",366,476,516,-110,-150
8039,"0135",1065,324,428,741,637
8040,"0131",863,444,568,419,295
8040,"0135",753,288,475,465,278
8041,"0131",384,197,203,187,181
8041,"0135",132,158,194,-26,-62
8042,"0131",128,256,134,-128,-6
8042,"0135",191,321,110,-130,81
8043,"0131",158,75,62,83,96
8043,"0135",18,82,99,-64,-81
8044,"0131",23,2,24,21,-1
8044,"0135",110,90,79,20,31
8045,"0131",249,64,89,185,160
8045,"0135",104,174,207,-70,-103
8046,"0131",259,94,93,165,166
8046,"0135",85,176,205,-91,-120
8047,"0131",64,22,31,42,33
8047,"0135",86,55,65,31,21
8048,"0131",110,36,43,74,67
8048,"0135",91,102,120,-11,-29
8049,"0131",1116,539,483,577,633
8049,"0135",871,899,1078,-28,-207
8050,"0131",1003,556,555,447,448
8050,"0135",1115,944,1115,171,0
8051,"0131",210,95,106,115,104
8051,"0135",155,215,230,-60,-75
8052,"0131",323,98,217,225,106
8052,"0135",37,38,86,-1,-49
8053,"0131",66,46,55,20,11
8053,"0135",148,130,134,18,14
8054,"0131",198,139,163,59,35
8054,"0135",197,128,170,69,27
8055,"0131",1535,1148,1070,387,465
8055,"0135",1344,1080,1346,264,-2
8056,"0131",841,674,628,167,213
8056,"0135",582,527,540,55,42
8057,"0131",764,700,556,64,208
8057,"0135",493,501,467,-8,26
8058,"0131",0,181,0,-181,0
8058,"0135",0,203,0,-203,0
8059,"0131",135,182,168,-47,-33
8059,"0135",269,107,146,162,123
8060,"0131",467,564,415,-97,52
8060,"0135",489,546,469,-57,20
8061,"0131",329,485,400,-156,-71
8061,"0135",354,95,191,259,163
8062,"0131",16,14,18,2,-2
8062,"0135",34,21,23,13,11
8063,"0131",799,1412,958,-613,-159
8063,"0135",1209,459,709,750,500
8064,"0131",668,1078,629,-410,39
8064,"0135",917,427,666,490,251
8065,"0131",40,111,127,-71,-87
8065,"0135",191,59,98,132,93
8066,"0131",165,90,115,75,50
8066,"0135",47,67,73,-20,-26
8067,"0131",1217,1163,974,54,243
8067,"0135",1133,999,1045,134,88
8068,"0131",620,504,480,116,140
8068,"0135",639,549,608,90,31
8069,"0131",127,28,24,99,103
8069,"0135",26,112,118,-86,-92
8070,"0131",1692,1201,1090,491,602
8070,"0135",1204,1372,1270,-168,-66
8071,"0131",1720,797,951,923,769
8071,"0135",1287,1235,1505,52,-218
8072,"0131",1706,728,784,978,922
8072,"0135",959,1087,1325,-128,-366
8073,"0131",846,743,726,103,120
8073,"0135",1205,887,932,318,273
8074,"0131",1053,379,552,674,501
8074,"0135",718,636,893,82,-175
8075,"0131",672,525,635,147,37
8075,"0135",1086,690,793,396,293
8076,"0131",3,0,32,3,-29
8076,"0135",124,71,87,53,37
8077,"0131",168,49,51,119,117
8077,"0135",26,106,111,-80,-85
8078,"0131",139,157,163,-18,-24
8078,"0135",289,179,188,110,101
8079,"0131",63,32,39,31,24
8079,"0135",98,93,111,5,-13
8080,"0131",205,240,140,-35,65
8080,"0135",422,447,392,-25,30
8081,"0131",153,87,88,66,65
8081,"0135",47,72,88,-25,-41
8082,"0131",121,58,64,63,57
8082,"0135",43,85,86,-42,-43
8083,"0131",221,126,131,95,90
8083,"0135",179,203,207,-24,-28
8084,"0131",1148,824,666,324,482
8084,"0135",678,876,849,-198,-171
8085,"0131",872,841,928,31,-56
8085,"0135",1871,868,1306,1003,565
8086,"0131",1198,1229,1098,-31,100
8086,"0135",1529,905,1127,624,402
8087,"0131",641,632,663,9,-22
8087,"0135",868,553,600,315,268
8088,"0131",751,514,547,237,204
8088,"0135",446,418,499,28,-53
8089,"0131",286,372,400,-86,-114
8089,"0135",736,434,462,302,274
8090,"0131",927,1134,1023,-207,-96
8090,"0135",1556,781,1015,775,541
8091,"0131",823,1312,966,-489,-143
8091,"0135",1415,922,855,493,560
8092,"0131",974,1186,995,-212,-21
8092,"0135",1509,766,1050,743,459
8093,"0131",1011,1630,1448,-619,-437
8093,"0135",2318,852,1282,1466,1036
8094,"0131",999,941,994,58,5
8094,"0135",1191,654,810,537,381
8095,"0131",1020,688,709,332,311
8095,"0135",556,447,602,109,-46
8096,"0131",449,498,308,-49,141
8096,"0135",362,313,356,49,6
8097,"0131",204,131,116,73,88
8097,"0135",112,103,127,9,-15
8098,"0131",1182,1669,1133,-487,49
8098,"0135",1277,566,868,711,409
8099,"0131",1600,2089,1679,-489,-79
8099,"0135",1949,520,1251,1429,698
8100,"0131",873,1366,802,-493,71
8100,"0135",735,341,551,394,184
8101,"0131",1442,1648,1343,-206,99
8101,"0135",1270,328,916,942,354
8102,"0131",152,107,117,45,35
8102,"0135",21,8,27,13,-6
8103,"0131",331,243,268,88,63
8103,"0135",138,46,138,92,0
8104,"0131",129,105,107,24,22
8104,"0135",281,230,259,51,22
8105,"0131",1369,1242,1085,127,284
8105,"0135",572,314,605,258,-33
8106,"0131",904,1165,1242,-261,-338
8106,"0135",1382,377,649,1005,733
8107,"0131",1076,1071,1065,5,11
8107,"0135",864,313,529,551,335
8108,"0131",149,0,129,149,20
8108,"0135",35,0,34,35,1
8109,"0131",18,22,23,-4,-5
8109,"0135",91,47,66,44,25
8110,"0131",282,107,159,175,123
8110,"0135",121,172,216,-51,-95
8111,"0131",1244,939,1185,305,59
8111,"0135",1023,520,886,503,137
8112,"0131",101,88,86,13,15
8112,"0135",9,16,16,-7,-7
8113,"0131",940,884,832,56,108
8113,"0135",670,524,711,146,-41
8114,"0131",192,201,250,-9,-58
8114,"0135",308,220,225,88,83
8115,"0131",97,97,121,0,-24
8115,"0135",189,111,144,78,45
8116,"0131",884,821,857,63,27
8116,"0135",734,531,678,203,56
8117,"0131",345,312,324,33,21
8117,"0135",240,189,239,51,1
8118,"0131",453,328,394,125,59
8118,"0135",236,226,255,10,-19
8119,"0131",1199,879,1000,320,199
8119,"0135",1685,806,1215,879,470
8120,"0131",1121,781,946,340,175
8120,"0135",1769,783,1184,986,585
8121,"0131",1436,814,1002,622,434
8121,"0135",1531,857,1285,674,246
8122,"0131",454,388,444,66,10
8122,"0135",892,406,609,486,283
8123,"0131",226,85,154,141,72
8123,"0135",37,21,68,16,-31
8124,"0131",151,254,214,-103,-63
8124,"0135",368,177,200,191,168
8125,"0131",130,97,158,33,-28
8125,"0135",202,67,112,135,90
8126,"0131",435,400,421,35,14
8126,"0135",612,293,385,319,227
8127,"0131",237,104,171,133,66
8127,"0135",194,113,181,81,13
8128,"0131",378,300,275,78,103
8128,"0135",386,253,350,133,36
8129,"0131",230,154,177,76,53
8129,"0135",90,52,76,38,14
8130,"0131",893,432,558,461,335
8130,"0135",1127,837,972,290,155
8131,"0131",44,40,39,4,5
8131,"0135",57,33,45,24,12
8132,"0131",0,86,0,-86,0
8132,"0135",0,141,0,-141,0
8133,"0131",168,142,122,26,46
8133,"0135",95,114,127,-19,-32
8134,"0131",109,105,117,4,-8
8134,"0135",368,260,268,108,100
8135,"0131",151,62,64,89,87
8135,"0135",260,236,285,24,-25
8136,"0131",92,9,17,83,75
8136,"0135",7,68,76,-61,-69
8137,"0131",95,352,381,-257,-286
8137,"0135",625,93,267,532,358
8138,"0131",729,339,320,390,409
8138,"0135",724,597,808,127,-84
8139,"0131",733,553,534,180,199
8139,"0135",1671,1190,1310,481,361
8140,"0131",165,127,130,38,35
8140,"0135",186,57,82,129,104
8141,"0131",168,101,97,67,71
8141,"0135",91,119,131,-28,-40
8142,"0131",1077,754,817,323,260
8142,"0135",1269,997,1154,272,115
8143,"0131",1815,789,835,1026,980
8143,"0135",589,913,1110,-324,-521
8144,"0131",1481,698,788,783,693
8144,"0135",885,1009,1144,-124,-259
8145,"0131",146,171,160,-25,-14
8145,"0135",303,233,253,70,50
8146,"0131",1562,1211,1418,351,144
8146,"0135",1875,1039,1501,836,374
8147,"0131",2345,1491,1623,854,722
8147,"0135",1891,1670,1951,221,-60
8148,"0131",821,545,625,276,196
8148,"0135",907,624,796,283,111
8149,"0131",881,798,693,83,188
8149,"0135",839,809,727,30,112
8150,"0131",1726,1001,1159,725,567
8150,"0135",1482,1186,1465,296,17
8151,"0131",1678,917,1060,761,618
8151,"0135",1172,1146,1303,26,-131
8152,"0131",626,699,399,-73,227
8152,"0135",509,839,523,-330,-14
8153,"0131",414,427,483,-13,-69
8153,"0135",897,472,595,425,302
8154,"0131",9,12,14,-3,-5
8154,"0135",69,51,59,18,10
8155,"0131",100,76,89,24,11
8155,"0135",92,65,78,27,14
8156,"0131",210,88,103,122,107
8156,"0135",18,84,102,-66,-84
8157,"0131",31,19,45,12,-14
8157,"0135",88,78,70,10,18
8158,"0131",36,18,22,18,14
8158,"0135",30,18,29,12,1
8159,"0131",353,281,383,72,-30
8159,"0135",430,319,337,111,93
8160,"0131",7,67,151,-60,-144
8160,"0135",381,147,212,234,169
8161,"0131",48,81,80,-33,-32
8161,"0135",110,38,64,72,46
8162,"0131",11,2,1,9,10
8162,"0135",2,8,11,-6,-9
8163,"0131",17,8,6,9,11
8163,"0135",26,32,35,-6,-9
8164,"0131",33,5,5,28,28
8164,"0135",24,42,47,-18,-23
8165,"0131",1284,757,921,527,363
8165,"0135",1279,837,963,442,316
8166,"0131",1449,1011,905,438,544
8166,"0135",1382,1374,1196,8,186
8167,"0131",1117,873,716,244,401
8167,"0135",858,866,721,-8,137
8168,"0131",1352,864,1012,488,340
8168,"0135",1486,960,1105,526,381
8169,"0131",1324,677,796,647,528
8169,"0135",975,716,830,259,145
8170,"0131",705,521,496,184,209
8170,"0135",366,317,286,49,80
8171,"0131",481,316,370,165,111
8171,"0135",340,224,262,116,78
8172,"0131",182,138,154,44,28
8172,"0135",108,81,95,27,13
8173,"0131",196,172,165,24,31
8173,"0135",144,148,150,-4,-6
8174,"0131",58,9,7,49,51
8174,"0135",9,41,53,-32,-44
8175,"0131",11,18,15,-7,-4
8175,"0135",34,10,17,24,17
8176,"0131",834,531,656,303,178
8176,"0135",771,597,595,174,176
8177,"0131",539,389,367,150,172
8177,"0135",832,403,443,429,389
8178,"0131",115,70,68,45,47
8178,"0135",64,25,33,39,31
8179,"0131",84,43,62,41,22
8179,"0135",89,121,97,-32,-8
8180,"0131",244,159,161,85,83
8180,"0135",116,110,148,6,-32
8181,"0131",228,97,110,131,118
8181,"0135",131,91,114,40,17
8182,"0131",0,121,0,-121,0
8182,"0135",0,35,0,-35,0
8183,"0131",568,522,600,46,-32
8183,"0135",977,521,600,456,377
8184,"0131",452,574,404,-122,48
8184,"0135",826,629,552,197,274
8185,"0131",231,117,126,114,105
8185,"0135",150,170,208,-20,-58
8186,"0131",0,130,0,-130,0
8186,"0135",0,35,0,-35,0
8187,"0131",101,80,82,21,19
8187,"0135",248,129,199,119,49
8188,"0131",1260,1037,1126,223,134
8188,"0135",2685,1396,1838,1289,847
8189,"0131",1353,794,799,559,554
8189,"0135",1654,1120,1407,534,247
8190,"0131",1092,861,944,231,148
8190,"0135",1997,879,1349,1118,648
8191,"0131",928,679,853,249,75
8191,"0135",1876,902,1174,974,702
8192,"0131",2030,1023,1211,1007,819
8192,"0135",1671,1138,1535,533,136
8193,"0131",615,371,485,244,130
8193,"0135",1022,511,793,511,229
8194,"0131",1075,603,711,472,364
8194,"0135",1215,760,1007,455,208
8195,"0131",742,342,438,400,304
8195,"0135",888,582,780,306,108
8196,"0131",698,618,770,80,-72
8196,"0135",1140,357,627,783,513
8197,"0131",295,246,475,49,-180
8197,"0135",776,153,342,623,434
8198,"0131",1050,490,820,560,230
8198,"0135",757,274,591,483,166
8199,"0131",449,457,641,-8,-192
8199,"0135",974,210,472,764,502
8200,"0131",26,77,101,-51,-75
8200,"0135",190,63,76,127,114
8201,"0131",10,14,16,-4,-6
8201,"0135",73,46,50,27,23
8202,"0131",138,54,63,84,75
8202,"0135",47,81,87,-34,-40
8203,"0131",114,108,127,6,-13
8203,"0135",236,24,162,212,74
8204,"0131",1409,749,744,660,665
8204,"0135",976,957,1244,19,-268
8205,"0131",577,343,369,234,208
8205,"0135",567,578,617,-11,-50
8206,"0131",0,9,0,-9,0
8206,"0135",0,71,0,-71,0
8207,"0131",26,66,77,-40,-51
8207,"0135",158,49,79,109,79
8208,"0131",248,159,278,89,-30
8208,"0135",401,159,259,242,142
8209,"0131",17,62,57,-45,-40
8209,"0135",119,15,48,104,71
8210,"0131",48,59,101,-11,-53
8210,"0135",110,15,35,95,75
8211,"0131",1361,836,891,525,470
8211,"0135",819,616,780,203,39
8212,"0131",789,778,826,11,-37
8212,"0135",1391,409,791,982,600
8213,"0131",1421,942,1047,479,374
8213,"0135",1051,485,805,566,246
8214,"0131",707,623,683,84,24
8214,"0135",950,337,569,613,381
8215,"0131",98,133,174,-35,-76
8215,"0135",209,43,87,166,122
8216,"0131",242,159,163,83,79
8216,"0135",189,55,155,134,34
8217,"0131",11,20,22,-9,-11
8217,"0135",37,15,24,22,13
8218,"0131",0,0,0,0,0
8218,"0135",0,0,0,0,0
8219,"0131",196,125,191,71,5
8219,"0135",285,310,219,-25,66
8220,"0131",26,81,80,-55,-54
8220,"0135",204,91,107,113,97
8221,"0131",0,55,63,-55,-63
8221,"0135",154,63,72,91,82
8222,"0131",51,0,34,51,17
8222,"0135",64,58,74,6,-10
8223,"0131",56,50,56,6,0
8223,"0135",52,49,44,3,8
8224,"0131",1071,636,548,435,523
8224,"0135",812,827,1035,-15,-223
8225,"0131",228,140,146,88,82
8225,"0135",149,110,151,39,-2
8226,"0131",102,76,76,26,26
8226,"0135",67,60,61,7,6
8227,"0131",57,89,100,-32,-43
8227,"0135",154,69,87,85,67
8228,"0131",203,40,57,163,146
8228,"0135",111,198,177,-87,-66
8229,"0131",860,367,437,493,423
8229,"0135",554,754,698,-200,-144
8230,"0131",654,499,587,155,67
8230,"0135",1010,759,737,251,273
8231,"0131",228,323,149,-95,79
8231,"0135",346,714,322,-368,24
8232,"0131",1325,865,909,460,416
8232,"0135",1756,914,1254,842,502
8233,"0131",1660,942,891,718,769
8233,"0135",1407,1046,1261,361,146
8234,"0131",1782,979,768,803,1014
8234,"0135",770,1032,1047,-262,-277
8235,"0131",1693,1184,994,509,699
8235,"0135",1478,1415,1277,63,201
8236,"0131",2007,1193,1011,814,996
8236,"0135",1638,1417,1578,221,60
8237,"0131",1196,1052,826,144,370
8237,"0135",1898,1171,1252,727,646
8238,"0131",141,413,156,-272,-15
8238,"0135",415,430,204,-15,211
8239,"0131",1168,823,981,345,187
8239,"0135",1616,650,891,966,725
8240,"0131",794,634,597,160,197
8240,"0135",856,385,510,471,346
8241,"0131",985,648,619,337,366
8241,"0135",699,427,556,272,143
8242,"0131",1202,746,718,456,484
8242,"0135",671,466,573,205,98
8243,"0131",377,324,239,53,138
8243,"0135",236,243,204,-7,32
8244,"0131",111,56,56,55,55
8244,"0135",45,44,61,1,-16
8245,"0131",1558,985,1035,573,523
8245,"0135",1002,444,699,558,303
8246,"0131",775,782,805,-7,-30
8246,"0135",1228,479,588,749,640
8247,"0131",2503,1644,1631,859,872
8247,"0135",1436,811,1053,625,383
8248,"0131",970,1121,1057,-151,-87
8248,"0135",1595,502,679,1093,916
8249,"0131",375,653,530,-278,-155
8249,"0135",1027,423,420,604,607
8250,"0131",1531,950,1212,581,319
8250,"0135",1291,479,728,812,563
8251,"0131",530,586,416,-56,114
8251,"0135",595,341,343,254,252
8252,"0131",284,95,84,189,200
8252,"0135",118,226,257,-108,-139
8253,"0131",545,568,520,-23,25
8253,"0135",479,154,301,325,178
8254,"0131",3,3,3,0,0
8254,"0135",6,12,3,-6,3
8255,"0131",488,292,270,196,218
8255,"0135",353,435,483,-82,-130
8256,"0131",1,2,1,-1,0
8256,"0135",13,10,10,3,3
8257,"0131",234,140,125,94,109
8257,"0135",245,240,263,5,-18
8258,"0131",402,589,529,-187,-127
8258,"0135",664,345,435,319,229
8259,"0131",700,317,271,383,429
8259,"0135",409,472,563,-63,-154
8260,"0131",194,193,161,1,33
8260,"0135",517,271,340,246,177
8261,"0131",694,717,536,-23,158
8261,"0135",348,264,296,84,52
8262,"0131",238,495,483,-257,-245
8262,"0135",724,314,308,410,416
8263,"0131",0,0,0,0,0
8263,"0135",5,5,5,0,0
8264,"0131",46,77,70,-31,-24
8264,"0135",232,157,187,75,45
8265,"0131",648,560,516,88,132
8265,"0135",551,441,467,110,84
8266,"0131",14,4,2,10,12
8266,"0135",12,18,21,-6,-9
8267,"0131",1261,450,680,811,581
8267,"0135",414,373,640,41,-226
8268,"0131",515,557,214,-42,301
8268,"0135",73,448,243,-375,-170
8269,"0131",304,405,410,-101,-106
8269,"0135",820,369,424,451,396
8270,"0131",1124,661,577,463,547
8270,"0135",423,564,594,-141,-171
8271,"0131",17,9,8,8,9
8271,"0135",21,12,17,9,4
8272,"0131",0,0,0,0,0
8272,"0135",0,0,0,0,0
8273,"0131",699,635,559,64,140
8273,"0135",638,439,547,199,91
8274,"0131",225,123,141,102,84
8274,"0135",113,37,57,76,56
8275,"0131",197,241,270,-44,-73
8275,"0135",416,135,123,281,293
8276,"0131",59,143,144,-84,-85
8276,"0135",238,115,107,123,131
8277,"0131",1835,979,1033,856,802
8277,"0135",1825,1528,1579,297,246
8278,"0131",1183,891,860,292,323
8278,"0135",1996,1365,1310,631,686
8279,"0131",1246,896,941,350,305
8279,"0135",2201,1246,1434,955,767
8280,"0131",898,576,550,322,348
8280,"0135",1119,665,850,454,269
8281,"0131",1158,484,531,674,627
8281,"0135",954,863,945,91,9
8282,"0131",2691,1200,1157,1491,1534
8282,"0135",1645,1826,1864,-181,-219
8283,"0131",1801,1059,1020,742,781
8283,"0135",2154,1626,1756,528,398
8284,"0131",2527,1271,1252,1256,1275
8284,"0135",1997,1755,1864,242,133
8285,"0131",1139,473,495,666,644
8285,"0135",558,608,658,-50,-100
8286,"0131",1046,658,735,388,311
8286,"0135",1528,1008,1061,520,467
8287,"0131",1069,652,640,417,429
8287,"0135",1148,823,853,325,295
8288,"0131",1011,890,911,121,100
8288,"0135",1337,638,670,699,667
8289,"0131",1948,1178,1250,770,698
8289,"0135",1246,886,966,360,280
8290,"0131",1111,814,873,297,238
8290,"0135",1244,586,716,658,528
8291,"0131",1044,685,719,359,325
8291,"0135",744,422,521,322,223
8292,"0131",724,582,607,142,117
8292,"0135",950,423,481,527,469
8293,"0131",1377,1200,1198,177,179
8293,"0135",1788,946,926,842,862
8294,"0131",1609,1144,1155,465,454
8294,"0135",1238,809,789,429,449
8295,"0131",473,591,730,-118,-257
8295,"0135",1245,672,475,573,770
8296,"0131",1568,1063,1040,505,528
8296,"0135",1025,607,732,418,293
8297,"0131",907,689,674,218,233
8297,"0135",838,294,472,544,366
8298,"0131",149,5,49,144,100
8298,"0135",72,121,117,-49,-45
8299,"0131",97,16,20,81,77
8299,"0135",41,76,81,-35,-40
8300,"0131",12,1,3,11,9
8300,"0135",17,13,17,4,0
8301,"0131",549,496,605,53,-56
8301,"0135",1077,324,543,753,534
8302,"0131",28,35,43,-7,-15
8302,"0135",126,44,73,82,53
8303,"0131",72,26,32,46,40
8303,"0135",29,28,38,1,-9
8304,"0131",1710,860,987,850,723
8304,"0135",1062,1042,1355,20,-293
8305,"0131",767,888,1009,-121,-242
8305,"0135",1609,831,1048,778,561
8306,"0131",133,127,120,6,13
8306,"0135",162,97,116,65,46
8307,"0131",36,58,62,-22,-26
8307,"0135",61,19,22,42,39
8308,"0131",375,359,356,16,19
8308,"0135",290,181,186,109,104
8309,"0131",32,40,38,-8,-6
8309,"0135",52,24,35,28,17
8310,"0131",0,5,8,-5,-8
8310,"0135",15,4,2,11,13
8311,"0131",597,559,573,38,24
8311,"0135",1112,585,620,527,492
8312,"0131",858,471,496,387,362
8312,"0135",886,586,740,300,146
8313,"0131",443,474,498,-31,-55
8313,"0135",1015,470,593,545,422
8314,"0131",750,425,474,325,276
8314,"0135",835,559,669,276,166
8315,"0131",7,1,0,6,7
8315,"0135",6,13,10,-7,-4
8316,"0131",571,502,478,69,93
8316,"0135",785,598,675,187,110
8317,"0131",125,34,49,91,76
8317,"0135",79,100,89,-21,-10
8318,"0131",660,448,408,212,252
8318,"0135",194,194,299,0,-105
8319,"0131",1,21,22,-20,-21
8319,"0135",76,36,42,40,34
8320,"0131",106,56,50,50,56
8320,"0135",50,60,82,-10,-32
8321,"0131",131,39,42,92,89
8321,"0135",26,46,72,-20,-46
8322,"0131",72,79,84,-7,-12
8322,"0135",152,103,102,49,50
8323,"0131",29,27,46,2,-17
8323,"0135",77,58,49,19,28
8324,"0131",34,1,15,33,19
8324,"0135",22,19,25,3,-3
8325,"0131",783,724,809,59,-26
8325,"0135",1217,526,826,691,391
8326,"0131",869,637,578,232,291
8326,"0135",640,539,654,101,-14
8327,"0131",90,68,61,22,29
8327,"0135",20,20,35,0,-15
8328,"0131",4,16,22,-12,-18
8328,"0135",31,12,8,19,23
8329,"0131",809,1254,1310,-445,-501
8329,"0135",1723,920,877,803,846
8330,"0131",443,311,333,132,110
8330,"0135",160,207,206,-47,-46
8331,"0131",122,144,150,-22,-28
8331,"0135",201,79,132,122,69
8332,"0131",668,943,999,-275,-331
8332,"0135",892,145,188,747,704
8333,"0131",35,76,93,-41,-58
8333,"0135",119,21,54,98,65
8334,"0131",2149,919,994,1230,1155
8334,"0135",1412,798,932,614,480
8335,"0131",797,562,645,235,152
8335,"0135",1406,567,568,839,838
8336,"0131",1138,861,827,277,311
8336,"0135",1643,672,610,971,1033
8337,"0131",1633,640,777,993,856
8337,"0135",1118,715,728,403,390
8338,"0131",1278,652,790,626,488
8338,"0135",1497,602,643,895,854
8339,"0131",1827,943,1071,884,756
8339,"0135",1764,784,838,980,926
8340,"0131",997,724,645,273,352
8340,"0135",1349,660,621,689,728
8341,"0131",166,215,239,-49,-73
8341,"0135",546,116,123,430,423
8342,"0131",240,59,117,181,123
8342,"0135",257,92,81,165,176
8343,"0131",407,548,604,-141,-197
8343,"0135",760,87,76,673,684
8344,"0131",30,7,9,23,21
8344,"0135",24,21,20,3,4
8345,"0131",75,192,160,-117,-85
8345,"0135",272,43,56,229,216
8346,"0131",1344,1050,1192,294,152
8346,"0135",853,630,797,223,56
8347,"0131",38,8,12,30,26
8347,"0135",18,29,24,-11,-6
8348,"0131",212,98,98,114,114
8348,"0135",301,156,161,145,140
8349,"0131",208,332,268,-124,-60
8349,"0135",330,126,98,204,232
8350,"0131",410,184,246,226,164
8350,"0135",134,110,122,24,12
8351,"0131",280,201,258,79,22
8351,"0135",258,136,75,122,183
8352,"0131",82,235,261,-153,-179
8352,"0135",408,94,71,314,337
8353,"0131",6,0,29,6,-23
8353,"0135",47,0,1,47,46
8354,"0131",180,88,85,92,95
8354,"0135",146,116,124,30,22
8355,"0131",138,61,122,77,16
8355,"0135",108,7,50,101,58
8356,"0131",585,285,394,300,191
8356,"0135",256,221,310,35,-54
8357,"0131",1905,1443,1550,462,355
8357,"0135",1611,951,1076,660,535
8358,"0131",917,254,589,663,328
8358,"0135",673,298,574,375,99
8359,"0131",1499,1343,1490,156,9
8359,"0135",1751,759,943,992,808
8360,"0131",1639,1445,1553,194,86
8360,"0135",1952,1031,1126,921,826
8361,"0131",1778,1100,1150,678,628
8361,"0135",978,716,838,262,140
8362,"0131",825,610,670,215,155
8362,"0135",822,445,541,377,281
8363,"0131",1136,699,809,437,327
8363,"0135",745,506,614,239,131
8364,"0131",1924,1386,1670,538,254
8364,"0135",1481,577,773,904,708
8365,"0131",1448,1513,1548,-65,-100
8365,"0135",1919,740,851,1179,1068
8366,"0131",1792,1387,1501,405,291
8366,"0135",1621,663,871,958,750
8367,"0131",951,1082,1068,-131,-117
8367,"0135",1327,469,568,858,759
8368,"0131",1272,1067,1241,205,31
8368,"0135",1497,615,706,882,791
8369,"0131",1250,1237,1228,13,22
8369,"0135",1257,577,588,680,669
8370,"0131",1341,1051,1086,290,255
8370,"0135",885,380,492,505,393
8371,"0131",1260,551,562,709,698
8371,"0135",635,698,826,-63,-191
8372,"0131",1188,635,677,553,511
8372,"0135",1017,933,1074,84,-57
8373,"0131",771,619,569,152,202
8373,"0135",1173,825,925,348,248
8374,"0131",730,417,550,313,180
8374,"0135",937,580,714,357,223
8375,"0131",936,481,526,455,410
8375,"0135",736,644,745,92,-9
8376,"0131",319,347,392,-28,-73
8376,"0135",918,489,537,429,381
8377,"0131",2008,1175,1253,833,755
8377,"0135",1156,941,1121,215,35
8378,"0131",1618,1001,1156,617,462
8378,"0135",1535,944,1232,591,303
8379,"0131",1513,1104,1146,409,367
8379,"0135",1649,992,1230,657,419
8380,"0131",1025,606,624,419,401
8380,"0135",666,598,637,68,29
8381,"0131",826,652,660,174,166
8381,"0135",941,533,647,408,294
8382,"0131",1157,820,872,337,285
8382,"0135",922,476,616,446,306
8383,"0131",1688,2051,1902,-363,-214
8383,"0135",1730,548,676,1182,1054
8384,"0131",1729,976,1479,753,250
8384,"0135",1126,459,613,667,513
8385,"0131",812,670,737,142,75
8385,"0135",551,240,270,311,281
8386,"0131",1669,1416,1588,253,81
8386,"0135",1492,614,682,878,810
8387,"0131",1637,1214,1748,423,-111
8387,"0135",1457,433,614,1024,843
8388,"0131",1007,1018,1045,-11,-38
8388,"0135",969,414,399,555,570
8389,"0131",1342,1468,1667,-126,-325
8389,"0135",1739,460,575,1279,1164
8390,"0131",721,757,679,-36,42
8390,"0135",683,322,346,361,337
8391,"0131",407,680,780,-273,-373
8391,"0135",1044,210,260,834,784
8392,"0131",687,854,865,-167,-178
8392,"0135",1325,405,539,920,786
8393,"0131",1083,830,805,253,278
8393,"0135",882,430,545,452,337
8394,"0131",1007,1012,1261,-5,-254
8394,"0135",1577,557,689,1020,888
8395,"0131",1124,920,1078,204,46
8395,"0135",1204,488,608,716,596
8396,"0131",984,682,822,302,162
8396,"0135",584,248,383,336,201
8397,"0131",562,563,672,-1,-110
8397,"0135",734,238,350,496,384
8398,"0131",67,40,33,27,34
8398,"0135",6,15,18,-9,-12
8399,"0131",490,849,684,-359,-194
8399,"0135",704,345,310,359,394
8400,"0131",330,288,292,42,38
8400,"0135",114,63,76,51,38
8401,"0131",494,584,562,-90,-68
8401,"0135",708,132,203,576,505
8402,"0131",455,493,478,-38,-23
8402,"0135",483,126,176,357,307
8403,"0131",325,369,407,-44,-82
8403,"0135",330,65,106,265,224
8404,"0131",68,27,34,41,34
8404,"0135",24,24,34,0,-10
8405,"0131",2,6,2,-4,0
8405,"0135",33,25,30,8,3
8406,"0131",437,696,814,-259,-377
8406,"0135",939,139,263,800,676
8407,"0131",132,263,335,-131,-203
8407,"0135",352,30,52,322,300
8408,"0131",200,152,129,48,71
8408,"0135",48,42,63,6,-15
8409,"0131",33,53,48,-20,-15
8409,"0135",68,41,47,27,21
8410,"0131",506,664,726,-158,-220
8410,"0135",733,254,372,479,361
8411,"0131",209,169,180,40,29
8411,"0135",159,25,66,134,93
8412,"0131",170,162,182,8,-12
8412,"0135",187,122,122,65,65
8413,"0131",1892,881,1395,1011,497
8413,"0135",939,968,1081,-29,-142
8414,"0131",1253,881,1497,372,-244
8414,"0135",1652,906,1056,746,596
8415,"0131",1741,898,1465,843,276
8415,"0135",1103,898,987,205,116
8416,"0131",863,410,657,453,206
8416,"0135",514,473,456,41,58
8417,"0131",341,304,578,37,-237
8417,"0135",882,295,518,587,364
8418,"0131",353,242,406,111,-53
8418,"0135",372,244,287,128,85
8419,"0131",114,63,133,51,-19
8419,"0135",153,86,125,67,28
8420,"0131",212,249,256,-37,-44
8420,"0135",150,69,78,81,72
8421,"0131",145,66,76,79,69
8421,"0135",11,45,71,-34,-60
8422,"0131",47,29,43,18,4
8422,"0135",83,89,84,-6,-1
8423,"0131",90,54,53,36,37
8423,"0135",8,43,44,-35,-36
8424,"0131",796,693,757,103,39
8424,"0135",529,285,511,244,18
8425,"0131",264,181,174,83,90
8425,"0135",100,123,164,-23,-64
8426,"0131",31,25,28,6,3
8426,"0135",38,21,20,17,18
8427,"0131",11,8,16,3,-5
8427,"0135",51,44,44,7,7
8428,"0131",95,79,81,16,14
8428,"0135",164,95,151,69,13
8429,"0131",1344,901,1217,443,127
8429,"0135",1240,840,1085,400,155
8430,"0131",47,65,66,-18,-19
8430,"0135",40,4,19,36,21
8431,"0131",0,4,0,-4,0
8431,"0135",0,8,0,-8,0
8432,"0131",1628,1310,1306,318,322
8432,"0135",1610,791,1054,819,556
8433,"0131",1700,1194,1160,506,540
8433,"0135",1291,780,932,511,359
8434,"0131",575,558,606,17,-31
8434,"0135",1076,617,582,459,494
8435,"0131",1010,769,898,241,112
8435,"0135",1175,473,663,702,512
8436,"0131",778,641,645,137,133
8436,"0135",823,448,537,375,286
8437,"0131",472,551,533,-79,-61
8437,"0135",794,321,373,473,421
8438,"0131",887,526,546,361,341
8438,"0135",456,347,412,109,44
8439,"0131",657,611,606,46,51
8439,"0135",717,296,393,421,324
8440,"0131",500,294,252,206,248
8440,"0135",306,276,308,30,-2
8441,"0131",1575,967,1219,608,356
8441,"0135",1449,481,735,968,714
8442,"0131",1553,856,1169,697,384
8442,"0135",1273,519,723,754,550
8443,"0131",901,611,700,290,201
8443,"0135",800,584,393,216,407
8444,"0131",549,505,473,44,76
8444,"0135",726,318,326,408,400
8445,"0131",355,518,345,-163,10
8445,"0135",188,144,62,44,126
8446,"0131",185,442,175,-257,10
8446,"0135",97,114,21,-17,76
8447,"0131",163,34,31,129,132
8447,"0135",8,77,96,-69,-88
8448,"0131",88,18,15,70,73
8448,"0135",15,52,63,-37,-48
8449,"0131",61,15,20,46,41
8449,"0135",57,52,63,5,-6
8450,"0131",31,40,30,-9,1
8450,"0135",91,32,52,59,39
8451,"0131",1585,478,523,1107,1062
8451,"0135",897,1325,1378,-428,-481
8452,"0131",1884,734,767,1150,1117
8452,"0135",1695,1813,1942,-118,-247
8453,"0131",539,344,238,195,301
8453,"0135",571,855,580,-284,-9
8454,"0131",0,78,0,-78,0
8454,"0135",0,89,0,-89,0
8455,"0131",112,200,195,-88,-83
8455,"0135",347,158,169,189,178
8456,"0131",78,24,27,54,51
8456,"0135",85,79,89,6,-4
8457,"0131",21,7,4,14,17
8457,"0135",25,30,30,-5,-5
8458,"0131",46,22,20,24,26
8458,"0135",27,27,31,0,-4
8459,"0131",148,130,128,18,20
8459,"0135",120,77,98,43,22
8460,"0131",1,4,2,-3,-1
8460,"0135",20,12,4,8,16
8461,"0131",423,154,254,269,169
8461,"0135",74,88,107,-14,-33
8462,"0131",144,246,211,-102,-67
8462,"0135",403,201,222,202,181
8463,"0131",0,16,11,-16,-11
8463,"0135",37,10,10,27,27
8464,"0131",0,9,10,-9,-10
8464,"0135",22,4,7,18,15
8465,"0131",921,753,903,168,18
8465,"0135",1104,212,389,892,715
8466,"0131",494,420,512,74,-18
8466,"0135",589,227,246,362,343
8467,"0131",1173,1356,1203,-183,-30
8467,"0135",1356,698,691,658,665
8468,"0131",1473,1348,1314,125,159
8468,"0135",1184,588,665,596,519
8469,"0131",740,488,642,252,98
8469,"0135",300,126,173,174,127
8470,"0131",294,143,165,151,129
8470,"0135",40,50,51,-10,-11
8471,"0131",70,139,142,-69,-72
8471,"0135",168,21,48,147,120
8472,"0131",313,358,377,-45,-64
8472,"0135",250,81,104,169,146
8473,"0131",188,97,97,91,91
8473,"0135",36,46,52,-10,-16
8474,"0131",270,221,227,49,43
8474,"0135",148,54,72,94,76
8475,"0131",229,205,245,24,-16
8475,"0135",163,146,125,17,38
8476,"0131",1073,1021,1140,52,-67
8476,"0135",1661,1084,1291,577,370
8477,"0131",2449,1398,1839,1051,610
8477,"0135",1547,1394,1752,153,-205
8478,"0131",789,768,882,21,-93
8478,"0135",1347,822,1003,525,344
8479,"0131",633,459,537,174,96
8479,"0135",871,738,756,133,115
8480,"0131",255,190,198,65,57
8480,"0135",452,367,437,85,15
8481,"0131",172,88,89,84,83
8481,"0135",101,87,129,14,-28
8482,"0131",209,254,236,-45,-27
8482,"0135",766,545,621,221,145
8483,"0131",417,255,298,162,119
8483,"0135",291,291,333,0,-42
8484,"0131",0,0,0,0,0
8484,"0135",0,0,0,0,0
8485,"0131",695,585,862,110,-167
8485,"0135",963,446,585,517,378
8486,"0131",699,511,680,188,19
8486,"0135",674,384,534,290,140
8487,"0131",297,57,67,240,230
8487,"0135",90,284,281,-194,-191
8488,"0131",17,10,13,7,4
8488,"0135",9,11,11,-2,-2
8489,"0131",693,326,372,367,321
8489,"0135",259,404,489,-145,-230
8490,"0131",1331,1088,1155,243,176
8490,"0135",1242,883,976,359,266
8491,"0131",1185,841,762,344,423
8491,"0135",1089,1103,1113,-14,-24
8492,"0131",1632,1179,1122,453,510
8492,"0135",1840,1525,1722,315,118
8493,"0131",1184,838,1065,346,119
8493,"0135",1388,897,1047,491,341
8494,"0131",1310,908,986,402,324
8494,"0135",1224,900,1115,324,109
8495,"0131",1747,841,973,906,774
8495,"0135",1155,1217,1402,-62,-247
8496,"0131",982,912,867,70,115
8496,"0135",1209,955,971,254,238
8497,"0131",1591,813,859,778,732
8497,"0135",727,957,1117,-230,-390
8498,"0131",636,591,623,45,13
8498,"0135",1071,680,815,391,256
8499,"0131",512,429,350,83,162
8499,"0135",979,941,933,38,46
8500,"0131",542,323,305,219,237
8500,"0135",775,754,855,21,-80
8501,"0131",39,34,32,5,7
8501,"0135",115,100,110,15,5
8502,"0131",772,415,380,357,392
8502,"0135",705,730,875,-25,-170
8503,"0131",113,24,14,89,99
8503,"0135",11,68,98,-57,-87
8504,"0131",684,784,695,-100,-11
8504,"0135",1254,629,779,625,475
8505,"0131",1701,1385,1207,316,494
8505,"0135",1488,872,1159,616,329
8506,"0131",1576,1150,1373,426,203
8506,"0135",1726,669,1102,1057,624
8507,"0131",725,773,823,-48,-98
8507,"0135",930,389,465,541,465
8508,"0131",186,466,508,-280,-322
8508,"0135",826,225,287,601,539
8509,"0131",14,14,10,0,4
8509,"0135",11,12,7,-1,4
8510,"0131",22,4,2,18,20
8510,"0135",22,28,38,-6,-16
8511,"0131",121,44,36,77,85
8511,"0135",96,107,131,-11,-35
8512,"0131",2,4,1,-2,1
8512,"0135",1,1,0,0,1
8513,"0131",2110,1600,1790,510,320
8513,"0135",1723,1014,1101,709,622
8514,"0131",864,992,1216,-128,-352
8514,"0135",1671,585,651,1086,1020
8515,"0131",2316,1626,1945,690,371
8515,"0135",1800,1049,1107,751,693
8516,"0131",805,966,1114,-161,-309
8516,"0135",1459,584,601,875,858
8517,"0131",781,521,608,260,173
8517,"0135",492,346,349,146,143
8518,"0131",659,375,438,284,221
8518,"0135",560,391,484,169,76
8519,"0131",1069,716,768,353,301
8519,"0135",1120,809,878,311,242
8520,"0131",697,405,434,292,263
8520,"0135",523,458,482,65,41
8521,"0131",2413,1469,1967,944,446
8521,"0135",1454,758,886,696,568
8522,"0131",2027,1632,1761,395,266
8522,"0135",1574,789,936,785,638
8523,"0131",462,617,707,-155,-245
8523,"0135",881,228,269,653,612
8524,"0131",2454,2112,2525,342,-71
8524,"0135",2474,1008,1116,1466,1358
8525,"0131",1370,1551,1682,-181,-312
8525,"0135",1982,790,715,1192,1267
8526,"0131",1193,1419,1583,-226,-390
8526,"0135",2095,778,794,1317,1301
8527,"0131",2139,1590,1711,549,428
8527,"0135",1389,853,903,536,486
8528,"0131",2417,2082,2414,335,3
8528,"0135",2525,942,1120,1583,1405
8529,"0131",1417,1236,1631,181,-214
8529,"0135",1837,676,733,1161,1104
8530,"0131",672,696,825,-24,-153
8530,"0135",990,333,349,657,641
8531,"0131",1121,1023,974,98,147
8531,"0135",805,550,459,255,346
8532,"0131",2357,1502,1734,855,623
8532,"0135",1145,734,803,411,342
8533,"0131",588,553,610,35,-22
8533,"0135",781,347,394,434,387
8534,"0131",453,600,782,-147,-329
8534,"0135",1161,289,383,872,778
8535,"0131",1664,1593,1917,71,-253
8535,"0135",2087,799,932,1288,1155
8536,"0131",1601,1612,1816,-11,-215
8536,"0135",2112,839,932,1273,1180
8537,"0131",771,870,1060,-99,-289
8537,"0135",1372,494,528,878,844
8538,"0131",1800,1709,1942,91,-142
8538,"0135",1932,880,774,1052,1158
8539,"0131",1071,899,1032,172,39
8539,"0135",1030,465,532,565,498
8540,"0131",609,653,651,-44,-42
8540,"0135",675,310,280,365,395
8541,"0131",1159,1077,1260,82,-101
8541,"0135",762,191,214,571,548
8542,"0131",1242,1337,1578,-95,-336
8542,"0135",1178,329,275,849,903
8543,"0131",1131,1378,1841,-247,-710
8543,"0135",1573,314,298,1259,1275
8544,"0131",1210,1541,1877,-331,-667
8544,"0135",1448,298,260,1150,1188
8545,"0131",1360,1986,2301,-626,-941
8545,"0135",2115,399,393,1716,1722
8546,"0131",1257,1256,1406,1,-149
8546,"0135",1007,315,300,692,707
8547,"0131",2743,2890,3367,-147,-624
8547,"0135",2435,698,609,1737,1826
8548,"0131",1223,1514,1743,-291,-520
8548,"0135",1512,305,277,1207,1235
8549,"0131",2182,2757,3206,-575,-1024
8549,"0135",2677,598,596,2079,2081
8550,"0131",709,913,1101,-204,-392
8550,"0135",918,208,177,710,741
8551,"0131",983,1259,1618,-276,-635
8551,"0135",841,90,54,751,787
8552,"0131",973,928,1171,45,-198
8552,"0135",811,290,287,521,524
8553,"0131",1197,1071,1239,126,-42
8553,"0135",942,341,335,601,607
8554,"0131",1807,1413,1705,394,102
8554,"0135",1166,644,597,522,569
8555,"0131",1023,769,910,254,113
8555,"0135",596,269,327,327,269
8556,"0131",654,752,883,-98,-229
8556,"0135",918,298,338,620,580
8557,"0131",2016,1288,1776,728,240
8557,"0135",1287,595,693,692,594
8558,"0131",1481,1315,1627,166,-146
8558,"0135",1480,553,628,927,852
8559,"0131",710,607,764,103,-54
8559,"0135",651,277,280,374,371
8560,"0131",610,697,864,-87,-254
8560,"0135",1026,335,353,691,673
8561,"0131",11,61,74,-50,-63
8561,"0135",105,16,20,89,85
8562,"0131",1125,1142,1285,-17,-160
8562,"0135",1310,453,478,857,832
8563,"0131",946,914,1082,32,-136
8563,"0135",841,252,309,589,532
8564,"0131",11,28,37,-17,-26
8564,"0135",40,6,4,34,36
8565,"0131",159,389,435,-230,-276
8565,"0135",453,52,65,401,388
8566,"0131",7,57,74,-50,-67
8566,"0135",89,12,7,77,82
8567,"0131",44,28,40,16,4
8567,"0135",10,9,8,1,2
8568,"0131",208,137,143,71,65
8568,"0135",14,35,30,-21,-16
8569,"0131",460,370,624,90,-164
8569,"0135",286,59,49,227,237
8570,"0131",10,71,84,-61,-74
8570,"0135",115,24,14,91,101
8571,"0131",6,14,18,-8,-12
8571,"0135",19,4,4,15,15
8572,"0131",401,546,578,-145,-177
8572,"0135",480,263,166,217,314
8573,"0131",10,7,13,3,-3
8573,"0135",6,2,1,4,5
8574,"0131",471,698,836,-227,-365
8574,"0135",626,100,106,526,520
8575,"0131",26,16,24,10,2
8575,"0135",12,9,11,3,1
8576,"0131",407,394,549,13,-142
8576,"0135",365,94,94,271,271
8577,"0131",79,62,112,17,-33
8577,"0135",40,4,1,36,39
8578,"0131",564,966,1017,-402,-453
8578,"0135",1006,259,268,747,738
8579,"0131",727,653,871,74,-144
8579,"0135",555,217,209,338,346
8580,"0131",345,428,491,-83,-146
8580,"0135",309,74,60,235,249
8581,"0131",45,136,139,-91,-94
8581,"0135",124,13,9,111,115
8582,"0131",1,4,5,-3,-4
8582,"0135",5,1,1,4,4
8583,"0131",991,875,1082,116,-91
8583,"0135",399,276,183,123,216
8584,"0131",20,109,119,-89,-99
8584,"0135",155,18,19,137,136
8585,"0131",1,1,0,0,1
8585,"0135",1,0,0,1,1
8586,"0131",1035,1615,2186,-580,-1151
8586,"0135",1757,352,176,1405,1581
8587,"0131",648,1068,1279,-420,-631
8587,"0135",976,156,133,820,843
8588,"0131",1777,1642,2267,135,-490
8588,"0135",933,252,220,681,713
8589,"0131",1,30,51,-29,-50
8589,"0135",77,10,9,67,68
8590,"0131",66,186,219,-120,-153
8590,"0135",182,12,13,170,169
8591,"0131",43,60,91,-17,-48
8591,"0135",56,8,2,48,54
8592,"0131",0,1350,0,-1350,0
8592,"0135",0,379,0,-379,0
8593,"0131",0,1525,0,-1525,0
8593,"0135",0,356,0,-356,0
8594,"0131",0,75,0,-75,0
8594,"0135",0,31,0,-31,0
8595,"0131",0,47,0,-47,0
8595,"0135",0,10,0,-10,0
8596,"0131",1,3,7,-2,-6
8596,"0135",6,1,0,5,6
8597,"0131",0,1650,0,-1650,0
8597,"0135",0,143,0,-143,0
8598,"0131",0,108,0,-108,0
8598,"0135",0,18,0,-18,0
8599,"0131",506,401,410,105,96
8599,"0135",49,83,91,-34,-42
8600,"0131",853,1118,1314,-265,-461
8600,"0135",801,191,208,610,593
8601,"0131",637,1133,1538,-496,-901
8601,"0135",1278,224,239,1054,1039
8602,"0131",1198,1502,1768,-304,-570
8602,"0135",1022,259,266,763,756
8603,"0131",30,54,64,-24,-34
8603,"0135",51,12,11,39,40
8604,"0131",715,1361,1000,-646,-285
8604,"0135",613,356,190,257,423
8605,"0131",0,1295,0,-1295,0
8605,"0135",0,398,0,-398,0
8606,"0131",59,154,181,-95,-122
8606,"0135",184,43,29,141,155
8607,"0131",94,132,141,-38,-47
8607,"0135",84,16,23,68,61
8608,"0131",210,242,311,-32,-101
8608,"0135",454,98,80,356,374
8609,"0131",421,336,450,85,-29
8609,"0135",208,179,128,29,80
8610,"0131",1486,1940,2187,-454,-701
8610,"0135",1417,485,431,932,986
8611,"0131",2890,3202,3769,-312,-879
8611,"0135",2096,634,749,1462,1347
8612,"0131",2876,2922,3422,-46,-546
8612,"0135",1689,625,686,1064,1003
8613,"0131",2385,2367,2601,18,-216
8613,"0135",999,459,486,540,513
8614,"0131",1620,2579,2678,-959,-1058
8614,"0135",1871,560,496,1311,1375
8615,"0131",1770,2112,2406,-342,-636
8615,"0135",1379,386,431,993,948
8616,"0131",919,1641,1715,-722,-796
8616,"0135",1391,337,324,1054,1067
8617,"0131",1878,2422,2896,-544,-1018
8617,"0135",1918,501,508,1417,1410
8618,"0131",1380,1495,1705,-115,-325
8618,"0135",918,344,362,574,556
8619,"0131",93,44,90,49,3
8619,"0135",3,6,1,-3,2
8620,"0131",163,333,386,-170,-223
8620,"0135",256,19,7,237,249
8621,"0131",2707,2504,3605,203,-898
8621,"0135",2102,971,737,1131,1365
8622,"0131",751,416,1090,335,-339
8622,"0135",670,119,172,551,498
8623,"0131",1138,1422,1693,-284,-555
8623,"0135",1208,510,339,698,869
8624,"0131",1022,803,1691,219,-669
8624,"0135",1286,281,333,1005,953
8625,"0131",18,100,147,-82,-129
8625,"0135",159,20,10,139,149
8626,"0131",25,11,25,14,0
8626,"0135",7,2,2,5,5
8627,"0131",6,6,7,0,-1
8627,"0135",1,0,0,1,1
8628,"0131",218,242,336,-24,-118
8628,"0135",250,51,46,199,204
8629,"0131",86,104,116,-18,-30
8629,"0135",81,9,18,72,63
8630,"0131",10,92,136,-82,-126
8630,"0135",151,18,10,133,141
8631,"0131",1187,1528,1755,-341,-568
8631,"0135",1164,368,237,796,927
8632,"0131",1314,1424,1837,-110,-523
8632,"0135",1018,325,253,693,765
8633,"0131",14,46,46,-32,-32
8633,"0135",61,23,13,38,48
8634,"0131",0,37,35,-37,-35
8634,"0135",42,7,3,35,39
8635,"0131",2,29,21,-27,-19
8635,"0135",27,4,2,23,25
8636,"0131",71,50,54,21,17
8636,"0135",14,9,8,5,6
8637,"0131",6,58,64,-52,-58
8637,"0135",86,19,13,67,73
8638,"0131",1185,1572,1599,-387,-414
8638,"0135",1463,335,340,1128,1123
8639,"0131",1312,1266,1318,46,-6
8639,"0135",893,311,298,582,595
8640,"0131",1272,1496,1570,-224,-298
8640,"0135",1329,553,425,776,904
8641,"0131",1512,1860,1918,-348,-406
8641,"0135",1778,506,533,1272,1245
8642,"0131",1531,1898,1954,-367,-423
8642,"0135",1823,534,535,1289,1288
8643,"0131",37,95,98,-58,-61
8643,"0135",141,35,3,106,138
8644,"0131",15,22,27,-7,-12
8644,"0135",30,4,5,26,25
8645,"0131",54,72,77,-18,-23
8645,"0135",78,27,20,51,58
8646,"0131",115,115,142,0,-27
8646,"0135",85,38,16,47,69
8647,"0131",0,3,0,-3,0
8647,"0135",0,2,0,-2,0
8648,"0131",0,279,0,-279,0
8648,"0135",0,73,0,-73,0
8649,"0131",738,2094,1493,-1356,-755
8649,"0135",1017,344,118,673,899
8650,"0131",375,1220,650,-845,-275
8650,"0135",426,227,64,199,362
8651,"0131",0,104,0,-104,0
8651,"0135",0,9,0,-9,0
8652,"0131",0,51,0,-51,0
8652,"0135",0,11,0,-11,0
8653,"0131",59,56,69,3,-10
8653,"0135",61,24,14,37,47
8654,"0131",171,326,365,-155,-194
8654,"0135",309,70,50,239,259
8655,"0131",4,9,13,-5,-9
8655,"0135",23,16,13,7,10
8656,"0131",678,1347,1652,-669,-974
8656,"0135",1268,227,191,1041,1077
8657,"0131",0,1526,0,-1526,0
8657,"0135",0,261,0,-261,0
8658,"0131",0,1826,0,-1826,0
8658,"0135",0,195,0,-195,0
8659,"0131",30,27,48,3,-18
8659,"0135",56,17,10,39,46
8660,"0131",1078,1911,1659,-833,-581
8660,"0135",1002,241,242,761,760
8661,"0131",50,74,86,-24,-36
8661,"0135",46,7,8,39,38
8662,"0131",36,58,73,-22,-37
8662,"0135",57,8,10,49,47
8663,"0131",34,25,28,9,6
8663,"0135",12,8,12,4,0
8664,"0131",0,1637,0,-1637,0
8664,"0135",0,200,0,-200,0
8665,"0131",0,86,0,-86,0
8665,"0135",0,11,0,-11,0
8666,"0131",0,129,0,-129,0
8666,"0135",0,18,0,-18,0
8667,"0131",6,7,3,-1,3
8667,"0135",2,2,2,0,0
8668,"0131",0,1,1,-1,-1
8668,"0135",1,0,0,1,1
8669,"0131",5,9,13,-4,-8
8669,"0135",13,3,3,10,10
8670,"0131",114,100,101,14,13
8670,"0135",26,7,9,19,17
8671,"0131",697,994,1042,-297,-345
8671,"0135",839,225,128,614,711
8672,"0131",1325,1559,1707,-234,-382
8672,"0135",1215,331,252,884,963
8673,"0131",10,10,19,0,-9
8673,"0135",12,1,0,11,12
8674,"0131",212,558,730,-346,-518
8674,"0135",624,43,15,581,609
8675,"0131",58,48,46,10,12
8675,"0135",8,1,7,7,1
8676,"0131",0,1357,0,-1357,0
8676,"0135",0,315,0,-315,0
8677,"0131",0,902,0,-902,0
8677,"0135",0,198,0,-198,0
8678,"0131",0,48,0,-48,0
8678,"0135",0,6,0,-6,0
8679,"0131",44,39,47,5,-3
8679,"0135",10,5,2,5,8
8680,"0131",0,12,0,-12,0
8680,"0135",0,3,0,-3,0
8681,"0131",618,345,661,273,-43
8681,"0135",246,195,109,51,137
8682,"0131",632,1032,880,-400,-248
8682,"0135",502,231,137,271,365
8683,"0131",0,20,0,-20,0
8683,"0135",0,7,0,-7,0
8684,"0131",0,0,0,0,0
8684,"0135",0,4,0,-4,0
8685,"0131",1238,2117,2118,-879,-880
8685,"0135",1515,358,256,1157,1259
8686,"0131",1241,1853,1881,-612,-640
8686,"0135",1378,392,315,986,1063
8687,"0131",191,54,184,137,7
8687,"0135",56,26,5,30,51
8688,"0131",21,1,36,20,-15
8688,"0135",34,8,4,26,30
8689,"0131",6,10,12,-4,-6
8689,"0135",9,3,1,6,8
8690,"0131",0,7,8,-7,-8
8690,"0135",10,0,0,10,10
8691,"0131",6,6,10,0,-4
8691,"0135",5,1,0,4,5
8692,"0131",7,7,6,0,1
8692,"0135",1,1,0,0,1
8693,"0131",1033,1449,1633,-416,-600
8693,"0135",901,251,134,650,767
8694,"0131",782,1144,1195,-362,-413
8694,"0135",575,107,42,468,533
8695,"0131",0,5,8,-5,-8
8695,"0135",10,0,0,10,10
8696,"0131",10,47,120,-37,-110
8696,"0135",115,5,5,110,110
8697,"0131",15,11,16,4,-1
8697,"0135",12,1,2,11,10
8698,"0131",0,0,0,0,0
8698,"0135",0,0,0,0,0
8699,"0131",10,7,9,3,1
8699,"0135",22,10,10,12,12
8700,"0131",872,1163,1337,-291,-465
8700,"0135",615,91,70,524,545
8701,"0131",803,1772,1473,-969,-670
8701,"0135",1387,385,340,1002,1047
8702,"0131",0,11,0,-11,0
8702,"0135",0,2,0,-2,0
8703,"0131",0,403,0,-403,0
8703,"0135",0,67,0,-67,0
8704,"0131",2,3,3,-1,-1
8704,"0135",5,3,2,2,3
8705,"0131",0,3,1,-3,-1
8705,"0135",1,0,0,1,1
8706,"0131",0,37,0,-37,0
8706,"0135",0,2,0,-2,0
8707,"0131",0,22,0,-22,0
8707,"0135",0,1,0,-1,0
8708,"0131",0,5,0,-5,0
8708,"0135",0,0,0,0,0
8709,"0131",252,1216,218,-964,34
8709,"0135",23,237,23,-214,0
8710,"0131",634,774,818,-140,-184
8710,"0135",387,167,86,220,301
8711,"0131",257,1017,511,-760,-254
8711,"0135",441,165,80,276,361
8712,"0131",0,1005,0,-1005,0
8712,"0135",0,236,0,-236,0
8713,"0131",0,44,0,-44,0
8713,"0135",0,2,0,-2,0
8714,"0131",0,151,0,-151,0
8714,"0135",0,20,0,-20,0
8715,"0131",3,9,7,-6,-4
8715,"0135",7,3,2,4,5
8716,"0131",897,872,857,25,40
8716,"0135",823,224,258,599,565
8717,"0131",25,19,24,6,1
8717,"0135",18,8,8,10,10
8718,"0131",58,1383,380,-1325,-322
8718,"0135",438,168,64,270,374
8719,"0131",545,1029,763,-484,-218
8719,"0135",415,151,61,264,354
8720,"0131",98,200,238,-102,-140
8720,"0135",170,19,7,151,163
8721,"0131",0,170,0,-170,0
8721,"0135",0,24,0,-24,0
8722,"0131",0,0,0,0,0
8722,"0135",0,12,0,-12,0
8723,"0131",0,45,0,-45,0
8723,"0135",0,19,0,-19,0
8724,"0131",323,351,378,-28,-55
8724,"0135",140,39,18,101,122
8725,"0131",0,73,0,-73,0
8725,"0135",0,10,0,-10,0
8726,"0131",302,798,529,-496,-227
8726,"0135",490,178,66,312,424
8727,"0131",528,1115,698,-587,-170
8727,"0135",537,265,104,272,433
8728,"0131",0,124,0,-124,0
8728,"0135",0,19,0,-19,0
8729,"0131",0,25,0,-25,0
8729,"0135",0,5,0,-5,0
8730,"0131",0,320,0,-320,0
8730,"0135",0,15,0,-15,0
8731,"0131",0,7,0,-7,0
8731,"0135",0,20,0,-20,0
8732,"0131",0,61,0,-61,0
8732,"0135",0,1,0,-1,0
8733,"0131",311,988,804,-677,-493
8733,"0135",496,32,0,464,496
8734,"0131",0,57,0,-57,0
8734,"0135",0,0,0,0,0
8735,"0131",0,75,0,-75,0
8735,"0135",0,0,0,0,0
8736,"0131",627,947,1177,-320,-550
8736,"0135",681,105,47,576,634
8737,"0131",30,46,50,-16,-20
8737,"0135",21,0,0,21,21
8738,"0131",2362,2722,4100,-360,-1738
8738,"0135",2326,255,181,2071,2145
8739,"0131",1850,2447,2964,-597,-1114
8739,"0135",1443,253,101,1190,1342
8740,"0131",0,9,5,-9,-5
8740,"0135",8,0,0,8,8
8741,"0131",19,8,25,11,-6
8741,"0135",10,1,0,9,10
8742,"0131",845,1510,1645,-665,-800
8742,"0135",903,36,4,867,899
8743,"0131",523,1811,715,-1288,-192
8743,"0135",517,81,33,436,484
8744,"0131",0,314,0,-314,0
8744,"0135",0,1,0,-1,0
8745,"0131",0,67,0,-67,0
8745,"0135",0,4,0,-4,0
8746,"0131",132,408,283,-276,-151
8746,"0135",241,15,18,226,223
8747,"0131",67,292,159,-225,-92
8747,"0135",120,26,6,94,114
8748,"0131",53,470,174,-417,-121
8748,"0135",141,28,7,113,134
8749,"0131",0,234,0,-234,0
8749,"0135",0,6,0,-6,0
8750,"0131",915,850,828,65,87
8750,"0135",1456,574,513,882,943
8751,"0131",1195,1046,1099,149,96
8751,"0135",1830,684,675,1146,1155
8752,"0131",1120,359,409,761,711
8752,"0135",789,887,968,-98,-179
8753,"0131",984,396,429,588,555
8753,"0135",1110,1067,1114,43,-4
8754,"0131",1398,873,985,525,413
8754,"0135",1231,503,475,728,756
8755,"0131",954,1015,976,-61,-22
8755,"0135",1611,540,442,1071,1169
8756,"0131",2090,937,944,1153,1146
8756,"0135",1654,1369,1419,285,235
8757,"0131",1876,669,732,1207,1144
8757,"0135",1223,1196,1300,27,-77
8758,"0131",1208,589,631,619,577
8758,"0135",1313,952,1036,361,277
8759,"0131",1888,1095,1055,793,833
8759,"0135",1640,894,790,746,850
8760,"0131",1204,989,1003,215,201
8760,"0135",2014,836,722,1178,1292
8761,"0131",1637,1176,1182,461,455
8761,"0135",2112,963,865,1149,1247
8762,"0131",1765,1159,1252,606,513
8762,"0135",2291,950,933,1341,1358
8763,"0131",1230,823,755,407,475
8763,"0135",1177,651,506,526,671
8764,"0131",1098,1038,1048,60,50
8764,"0135",2407,888,790,1519,1617
8765,"0131",1835,1155,1184,680,651
8765,"0135",1941,980,896,961,1045
8766,"0131",2021,1198,1129,823,892
8766,"0135",1661,958,826,703,835
8767,"0131",2033,1471,1516,562,517
8767,"0135",2805,1142,1103,1663,1702
8768,"0131",1554,1249,1222,305,332
8768,"0135",2478,965,942,1513,1536
8769,"0131",2431,1236,1237,1195,1194
8769,"0135",1613,1000,894,613,719
8770,"0131",133,68,70,65,63
8770,"0135",154,96,112,58,42
8771,"0131",2430,1332,1221,1098,1209
8771,"0135",1405,970,797,435,608
8772,"0131",2119,1216,1237,903,882
8772,"0135",1979,1019,919,960,1060
8773,"0131",1315,982,883,333,432
8773,"0135",1781,791,710,990,1071
8774,"0131",1558,1085,1046,473,512
8774,"0135",1686,722,672,964,1014
8775,"0131",1380,1001,1006,379,374
8775,"0135",1755,770,592,985,1163
8776,"0131",3124,1723,1730,1401,1394
8776,"0135",1972,1092,1029,880,943
8777,"0131",2294,1119,1042,1175,1252
8777,"0135",1196,960,799,236,397
8778,"0131",2305,1628,1593,677,712
8778,"0135",2552,1192,1003,1360,1549
8779,"0131",2096,1178,1225,918,871
8779,"0135",1673,884,757,789,916
8780,"0131",981,832,792,149,189
8780,"0135",1725,598,564,1127,1161
8781,"0131",2010,1323,1298,687,712
8781,"0135",1994,794,676,1200,1318
8782,"0131",883,1161,922,-278,-39
8782,"0135",1803,589,446,1214,1357
8783,"0131",2190,1322,1265,868,925
8783,"0135",1341,668,538,673,803
8784,"0131",1869,1111,971,758,898
8784,"0135",1089,555,474,534,615
8785,"0131",1563,1441,1390,122,173
8785,"0135",2361,783,634,1578,1727
8786,"0131",1988,1322,1259,666,729
8786,"0135",1771,779,614,992,1157
8787,"0131",1065,935,955,130,110
8787,"0135",1546,498,453,1048,1093
8788,"0131",1570,993,1002,577,568
8788,"0135",1401,592,464,809,937
8789,"0131",1546,998,954,548,592
8789,"0135",1186,479,408,707,778
8790,"0131",1108,895,828,213,280
8790,"0135",1332,531,495,801,837
8791,"0131",400,167,283,233,117
8791,"0135",136,39,37,97,99
8792,"0131",69,0,71,69,-2
8792,"0135",85,0,38,85,47
8793,"0131",2505,1431,1400,1074,1105
8793,"0135",2076,1015,1065,1061,1011
8794,"0131",1439,1117,1003,322,436
8794,"0135",1727,858,729,869,998
8795,"0131",1511,878,840,633,671
8795,"0135",1142,638,620,504,522
8796,"0131",901,700,778,201,123
8796,"0135",1462,526,505,936,957
8797,"0131",42,26,30,16,12
8797,"0135",10,6,3,4,7
8798,"0131",99,112,123,-13,-24
8798,"0135",109,30,13,79,96
8799,"0131",50,26,27,24,23
8799,"0135",2,12,6,-10,-4
8800,"0131",1247,336,394,911,853
8800,"0135",266,586,610,-320,-344
8801,"0131",2232,837,853,1395,1379
8801,"0135",999,1200,1322,-201,-323
8802,"0131",800,650,702,150,98
8802,"0135",793,241,293,552,500
8803,"0131",0,0,0,0,0
8803,"0135",0,0,0,0,0
8804,"0131",933,813,763,120,170
8804,"0135",863,322,341,541,522
8805,"0131",1828,1127,1104,701,724
8805,"0135",1803,694,604,1109,1199
8806,"0131",1221,1173,1122,48,99
8806,"0135",2388,717,578,1671,1810
8807,"0131",2072,1181,1178,891,894
8807,"0135",1770,774,634,996,1136
8808,"0131",1589,1104,1172,485,417
8808,"0135",2048,542,579,1506,1469
8809,"0131",1755,1012,831,743,924
8809,"0135",890,623,489,267,401
8810,"0131",1624,1079,1028,545,596
8810,"0135",1738,659,598,1079,1140
8811,"0131",1932,1370,1213,562,719
8811,"0135",2221,811,729,1410,1492
8812,"0131",2083,1307,1232,776,851
8812,"0135",1871,744,593,1127,1278
8813,"0131",1211,1047,943,164,268
8813,"0135",1882,599,453,1283,1429
8814,"0131",225,125,141,100,84
8814,"0135",76,57,50,19,26
8815,"0131",123,165,155,-42,-32
8815,"0135",234,54,41,180,193
8816,"0131",694,767,692,-73,2
8816,"0135",778,266,249,512,529
8817,"0131",660,748,624,-88,36
8817,"0135",538,175,151,363,387
8818,"0131",149,96,93,53,56
8818,"0135",17,22,24,-5,-7
8819,"0131",67,183,160,-116,-93
8819,"0135",247,56,46,191,201
8820,"0131",1811,1450,1414,361,397
8820,"0135",1648,842,673,806,975
8821,"0131",1841,1491,1447,350,394
8821,"0135",1575,739,676,836,899
8822,"0131",1390,1349,1296,41,94
8822,"0135",1737,660,585,1077,1152
8823,"0131",63,176,182,-113,-119
8823,"0135",240,52,30,188,210
8824,"0131",627,426,367,201,260
8824,"0135",285,235,155,50,130
8825,"0131",2490,1562,1392,928,1098
8825,"0135",1689,974,707,715,982
8826,"0131",1545,1353,1138,192,407
8826,"0135",2063,787,525,1276,1538
8827,"0131",1942,1582,1311,360,631
8827,"0135",1866,859,608,1007,1258
8828,"0131",2512,1770,1517,742,995
8828,"0135",1769,1260,694,509,1075
8829,"0131",2583,1757,1499,826,1084
8829,"0135",1826,1061,642,765,1184
8830,"0131",2102,1658,1400,444,702
8830,"0135",2304,1069,699,1235,1605
8831,"0131",1056,658,578,398,478
8831,"0135",596,373,275,223,321
8832,"0131",1182,1257,1063,-75,119
8832,"0135",1774,568,404,1206,1370
8833,"0131",1178,1365,1096,-187,82
8833,"0135",1915,628,369,1287,1546
8834,"0131",1107,922,752,185,355
8834,"0135",1178,489,319,689,859
8835,"0131",1301,993,892,308,409
8835,"0135",1268,599,312,669,956
8836,"0131",1116,815,887,301,229
8836,"0135",537,355,269,182,268
8837,"0131",185,272,317,-87,-132
8837,"0135",409,91,61,318,348
8838,"0131",1214,977,1028,237,186
8838,"0135",1070,533,261,537,809
8839,"0131",0,1041,0,-1041,0
8839,"0135",0,238,0,-238,0
8840,"0131",1170,1402,1338,-232,-168
8840,"0135",1989,725,524,1264,1465
8841,"0131",2010,2051,1943,-41,67
8841,"0135",2617,891,786,1726,1831
8842,"0131",2650,1929,1863,721,787
8842,"0135",1904,899,724,1005,1180
8843,"0131",1781,1719,1700,62,81
8843,"0135",2258,938,694,1320,1564
8844,"0131",2867,2267,2260,600,607
8844,"0135",2583,1098,933,1485,1650
8845,"0131",2407,1680,1619,727,788
8845,"0135",1394,737,573,657,821
8846,"0131",1957,1504,1454,453,503
8846,"0135",1654,780,661,874,993
8847,"0131",1736,1398,1323,338,413
8847,"0135",1519,695,524,824,995
8848,"0131",1633,908,888,725,745
8848,"0135",557,496,374,61,183
8849,"0131",1250,1053,974,197,276
8849,"0135",1002,337,200,665,802
8850,"0131",590,605,620,-15,-30
8850,"0135",505,76,51,429,454
8851,"0131",810,617,643,193,167
8851,"0135",650,134,60,516,590
8852,"0131",486,586,582,-100,-96
8852,"0135",511,199,191,312,320
8853,"0131",406,281,279,125,127
8853,"0135",67,69,56,-2,11
8854,"0131",112,233,221,-121,-109
8854,"0135",297,90,68,207,229
8855,"0131",219,150,120,69,99
8855,"0135",14,39,37,-25,-23
8856,"0131",444,490,462,-46,-18
8856,"0135",393,80,59,313,334
8857,"0131",906,823,815,83,91
8857,"0135",781,275,271,506,510
8858,"0131",1010,773,763,237,247
8858,"0135",694,353,275,341,419
8859,"0131",300,481,529,-181,-229
8859,"0135",652,179,86,473,566
8860,"0131",2043,1295,1534,748,509
8860,"0135",1217,1233,296,-16,921
8861,"0131",85,276,334,-191,-249
8861,"0135",466,48,55,418,411
8862,"0131",1010,948,874,62,136
8862,"0135",809,416,345,393,464
8863,"0131",0,506,0,-506,0
8863,"0135",0,80,0,-80,0
8864,"0131",215,995,555,-780,-340
8864,"0135",619,190,24,429,595
8865,"0131",490,737,799,-247,-309
8865,"0135",788,204,132,584,656
8866,"0131",983,1046,1184,-63,-201
8866,"0135",789,243,144,546,645
8867,"0131",1846,1601,1254,245,592
8867,"0135",2174,829,648,1345,1526
8868,"0131",948,1797,781,-849,167
8868,"0135",1471,872,351,599,1120
8869,"0131",1477,1009,979,468,498
8869,"0135",1489,540,429,949,1060
8870,"0131",1409,1666,1050,-257,359
8870,"0135",1844,870,541,974,1303
8871,"0131",1916,1195,1154,721,762
8871,"0135",1467,549,521,918,946
8872,"0131",2528,1836,1695,692,833
8872,"0135",2672,855,791,1817,1881
8873,"0131",745,378,409,367,336
8873,"0135",842,364,479,478,363
8874,"0131",10,58,46,-48,-36
8874,"0135",101,9,7,92,94
8875,"0131",3,5,7,-2,-4
8875,"0135",11,3,0,8,11
8876,"0131",54,28,28,26,26
8876,"0135",57,18,15,39,42
8877,"0131",457,933,558,-476,-101
8877,"0135",504,202,91,302,413
8878,"0131",1368,1130,1198,238,170
8878,"0135",628,260,118,368,510
8879,"0131",1600,1860,1650,-260,-50
8879,"0135",2019,426,270,1593,1749
8880,"0131",1627,2602,1761,-975,-134
8880,"0135",2097,495,280,1602,1817
8881,"0131",476,292,252,184,224
8881,"0135",199,160,49,39,150
8882,"0131",584,1334,1274,-750,-690
8882,"0135",1444,216,166,1228,1278
8883,"0131",1106,1520,1494,-414,-388
8883,"0135",1405,336,228,1069,1177
8884,"0131",1762,1743,2080,19,-318
8884,"0135",1590,480,256,1110,1334
8885,"0131",0,0,0,0,0
8885,"0135",0,0,0,0,0
8886,"0131",0,0,0,0,0
8886,"0135",0,0,0,0,0
8887,"0131",0,0,0,0,0
8887,"0135",0,0,0,0,0
8888,"0131",0,0,0,0,0
8888,"0135",0,0,0,0,0
8889,"0131",0,0,0,0,0
8889,"0135",0,0,0,0,0
8890,"0131",126,146,176,-20,-50
8890,"0135",225,95,127,130,98
8891,"0131",0,0,0,0,0
8891,"0135",0,0,0,0,0
8892,"0131",0,77,0,-77,0
8892,"0135",0,58,0,-58,0
8893,"0131",473,378,386,95,87
8893,"0135",245,181,114,64,131
8894,"0131",43,59,61,-16,-18
8894,"0135",30,5,4,25,26
8895,"0131",885,857,870,28,15
8895,"0135",620,277,193,343,427
8896,"0131",324,355,385,-31,-61
8896,"0135",563,262,101,301,462
8897,"0131",87,35,47,52,40
8897,"0135",1,18,7,-17,-6
8898,"0131",109,89,77,20,32
8898,"0135",85,35,10,50,75
8899,"0131",105,173,148,-68,-43
8899,"0135",225,54,14,171,211
8900,"0131",678,552,581,126,97
8900,"0135",643,275,168,368,475
8901,"0131",1253,980,1196,273,57
8901,"0135",1354,420,297,934,1057
8902,"0131",0,0,0,0,0
8902,"0135",0,0,0,0,0
8903,"0131",0,0,0,0,0
8903,"0135",0,0,0,0,0
8904,"0131",0,0,0,0,0
8904,"0135",0,0,0,0,0
8905,"0131",64,97,109,-33,-45
8905,"0135",136,21,15,115,121
8906,"0131",1098,979,1076,119,22
8906,"0135",1003,333,185,670,818
8907,"0131",318,445,429,-127,-111
8907,"0135",599,172,56,427,543
8908,"0131",143,160,163,-17,-20
8908,"0135",132,38,20,94,112
8909,"0131",0,0,0,0,0
8909,"0135",0,0,0,0,0
8910,"0131",1217,1296,1254,-79,-37
8910,"0135",1995,598,375,1397,1620
8911,"0131",1747,1191,1213,556,534
8911,"0135",1221,539,307,682,914
8912,"0131",40,52,37,-12,3
8912,"0135",55,19,6,36,49
8913,"0131",13,11,8,2,5
8913,"0135",3,2,0,1,3
8914,"0131",79,78,85,1,-6
8914,"0135",91,30,10,61,81
8915,"0131",147,200,256,-53,-109
8915,"0135",392,68,54,324,338
8916,"0131",24,25,22,-1,2
8916,"0135",13,3,3,10,10
8917,"0131",21,12,11,9,10
8917,"0135",17,11,5,6,12
8918,"0131",40,44,51,-4,-11
8918,"0135",64,15,4,49,60
8919,"0131",190,263,226,-73,-36
8919,"0135",221,39,18,182,203
8920,"0131",283,218,210,65,73
8920,"0135",110,53,26,57,84
8921,"0131",159,117,113,42,46
8921,"0135",34,15,7,19,27
8922,"0131",0,38,39,-38,-39
8922,"0135",59,7,0,52,59
8923,"0131",602,499,473,103,129
8923,"0135",877,266,148,611,729
8924,"0131",311,250,281,61,30
8924,"0135",240,70,18,170,222
8925,"0131",1479,882,839,597,640
8925,"0135",760,748,230,12,530
8926,"0131",1857,816,855,1041,1002
8926,"0135",602,767,263,-165,339
8927,"0131",0,25,0,-25,0
8927,"0135",0,1,0,-1,0
8928,"0131",119,269,323,-150,-204
8928,"0135",365,78,26,287,339
8929,"0131",5,11,13,-6,-8
8929,"0135",23,3,0,20,23
8930,"0131",122,63,61,59,61
8930,"0135",20,44,18,-24,2
8931,"0131",0,117,0,-117,0
8931,"0135",0,44,0,-44,0
8932,"0131",0,58,57,-58,-57
8932,"0135",102,16,12,86,90
8933,"0131",43,26,30,17,13
8933,"0135",20,24,5,-4,15
8934,"0131",63,85,66,-22,-3
8934,"0135",86,45,12,41,74
8935,"0131",194,143,147,51,47
8935,"0135",44,43,5,1,39
8936,"0131",209,173,157,36,52
8936,"0135",101,29,9,72,92
8937,"0131",109,168,166,-59,-57
8937,"0135",264,51,11,213,253
8938,"0131",189,126,186,63,3
8938,"0135",174,116,52,58,122
8939,"0131",336,293,288,43,48
8939,"0135",120,57,18,63,102
8940,"0131",94,153,86,-59,8
8940,"0135",63,27,18,36,45
8941,"0131",71,63,90,8,-19
8941,"0135",68,10,13,58,55
8942,"0131",0,58,0,-58,0
8942,"0135",0,8,0,-8,0
8943,"0131",30,14,17,16,13
8943,"0135",13,7,0,6,13
8944,"0131",223,311,343,-88,-120
8944,"0135",329,60,24,269,305
8945,"0131",42,54,67,-12,-25
8945,"0135",49,3,1,46,48
8946,"0131",14,15,20,-1,-6
8946,"0135",19,3,2,16,17
8947,"0131",61,130,135,-69,-74
8947,"0135",229,37,32,192,197
8948,"0131",41,87,51,-46,-10
8948,"0135",101,4,5,97,96
8949,"0131",15,109,114,-94,-99
8949,"0135",173,7,2,166,171
8950,"0131",24,40,49,-16,-25
8950,"0135",71,4,5,67,66
8951,"0131",15,39,24,-24,-9
8951,"0135",58,13,4,45,54
8952,"0131",96,72,171,24,-75
8952,"0135",194,21,4,173,190
8953,"0131",286,142,177,144,109
8953,"0135",52,33,3,19,49
8954,"0131",62,32,45,30,17
8954,"0135",18,13,3,5,15
8955,"0131",1022,820,759,202,263
8955,"0135",998,311,211,687,787
8956,"0131",1075,878,791,197,284
8956,"0135",986,338,208,648,778
8957,"0131",1991,1340,1244,651,747
8957,"0135",1124,471,321,653,803
8958,"0131",528,574,499,-46,29
8958,"0135",780,234,151,546,629
8959,"0131",344,540,427,-196,-83
8959,"0135",221,46,25,175,196
8960,"0131",507,381,346,126,161
8960,"0135",184,63,32,121,152
8961,"0131",13,16,15,-3,-2
8961,"0135",25,5,1,20,24
8962,"0131",157,221,226,-64,-69
8962,"0135",201,50,39,151,162
8963,"0131",149,310,305,-161,-156
8963,"0135",329,47,43,282,286
8964,"0131",295,220,193,75,102
8964,"0135",21,24,15,-3,6
8965,"0131",227,125,191,102,36
8965,"0135",3,26,5,-23,-2
8966,"0131",146,99,132,47,14
8966,"0135",12,17,3,-5,9
8967,"0131",0,167,0,-167,0
8967,"0135",0,114,0,-114,0
8968,"0131",283,296,379,-13,-96
8968,"0135",562,272,121,290,441
8969,"0131",37,61,74,-24,-37
8969,"0135",115,55,30,60,85
8970,"0131",154,95,158,59,-4
8970,"0135",49,42,17,7,32
8971,"0131",132,228,134,-96,-2
8971,"0135",5,23,3,-18,2
8972,"0131",620,382,371,238,249
8972,"0135",525,431,388,94,137
8973,"0131",1012,733,821,279,191
8973,"0135",1010,767,789,243,221
8974,"0131",930,660,646,270,284
8974,"0135",752,740,707,12,45
8975,"0131",1337,728,679,609,658
8975,"0135",464,829,837,-365,-373
8976,"0131",40,234,234,-194,-194
8976,"0135",493,200,176,293,317
8977,"0131",183,58,76,125,107
8977,"0135",138,219,216,-81,-78
8978,"0131",685,498,672,187,13
8978,"0135",780,599,596,181,184
8979,"0131",1547,1179,1155,368,392
8979,"0135",1499,905,967,594,532
8980,"0131",1184,864,790,320,394
8980,"0135",862,755,673,107,189
8981,"0131",736,497,504,239,232
8981,"0135",563,401,409,162,154
8982,"0131",780,597,622,183,158
8982,"0135",1042,645,631,397,411
8983,"0131",1431,737,791,694,640
8983,"0135",664,726,721,-62,-57
8984,"0131",1401,921,956,480,445
8984,"0135",921,670,703,251,218
8985,"0131",1040,758,826,282,214
8985,"0135",1315,805,827,510,488
8986,"0131",1109,773,778,336,331
8986,"0135",949,651,624,298,325
8987,"0131",721,347,351,374,370
8987,"0135",354,391,410,-37,-56
8988,"0131",1254,910,896,344,358
8988,"0135",1056,757,729,299,327
8989,"0131",474,384,392,90,82
8989,"0135",567,352,342,215,225
8990,"0131",1160,777,762,383,398
8990,"0135",848,684,623,164,225
8991,"0131",774,550,697,224,77
8991,"0135",1016,559,564,457,452
8992,"0131",562,491,488,71,74
8992,"0135",746,414,416,332,330
8993,"0131",1209,963,972,246,237
8993,"0135",1376,800,799,576,577
8994,"0131",364,602,593,-238,-229
8994,"0135",1191,507,498,684,693
8995,"0131",1110,1151,1188,-41,-78
8995,"0135",1789,945,877,844,912
8996,"0131",1341,995,931,346,410
8996,"0135",1259,886,841,373,418
8997,"0131",1264,978,994,286,270
8997,"0135",1382,879,824,503,558
8998,"0131",600,607,585,-7,15
8998,"0135",1010,528,522,482,488
8999,"0131",942,481,443,461,499
8999,"0135",387,458,493,-71,-106
9000,"0131",1204,769,790,435,414
9000,"0135",886,669,653,217,233
9001,"0131",763,517,535,246,228
9001,"0135",543,442,388,101,155
9002,"0131",1197,918,908,279,289
9002,"0135",1153,776,710,377,443
9003,"0131",2502,1312,1387,1190,1115
9003,"0135",1260,1247,1193,13,67
9004,"0131",662,645,599,17,63
9004,"0135",962,549,542,413,420
9005,"0131",1116,858,829,258,287
9005,"0135",1026,678,598,348,428
9006,"0131",846,633,600,213,246
9006,"0135",680,465,458,215,222
9007,"0131",983,692,892,291,91
9007,"0135",1392,775,779,617,613
9008,"0131",776,614,777,162,-1
9008,"0135",1327,572,668,755,659
9009,"0131",657,627,707,30,-50
9009,"0135",1179,610,553,569,626
9010,"0131",634,489,492,145,142
9010,"0135",666,420,398,246,268
9011,"0131",1118,700,682,418,436
9011,"0135",695,508,532,187,163
9012,"0131",662,789,681,-127,-19
9012,"0135",452,210,178,242,274
9013,"0131",811,622,617,189,194
9013,"0135",811,594,672,217,139
9014,"0131",816,584,563,232,253
9014,"0135",511,472,501,39,10
9015,"0131",38,24,16,14,22
9015,"0135",3,6,12,-3,-9
9016,"0131",390,518,509,-128,-119
9016,"0135",887,514,510,373,377
9017,"0131",264,380,379,-116,-115
9017,"0135",472,214,217,258,255
9018,"0131",7,11,15,-4,-8
9018,"0135",12,0,0,12,12
9019,"0131",788,1225,1093,-437,-305
9019,"0135",1015,311,265,704,750
9020,"0131",489,461,436,28,53
9020,"0135",746,472,622,274,124
9021,"0131",8,56,25,-48,-17
9021,"0135",106,36,62,70,44
9022,"0131",27,89,108,-62,-81
9022,"0135",227,108,98,119,129
9023,"0131",176,191,166,-15,10
9023,"0135",344,200,222,144,122
9024,"0131",1690,906,968,784,722
9024,"0135",999,1179,1060,-180,-61
9025,"0131",678,405,466,273,212
9025,"0135",646,594,511,52,135
9026,"0131",462,468,471,-6,-9
9026,"0135",875,523,517,352,358
9027,"0131",293,242,255,51,38
9027,"0135",245,151,161,94,84
9028,"0131",195,220,173,-25,22
9028,"0135",132,34,39,98,93
9029,"0131",251,373,394,-122,-143
9029,"0135",333,85,117,248,216
9030,"0131",200,301,268,-101,-68
9030,"0135",222,107,117,115,105
9031,"0131",667,545,610,122,57
9031,"0135",732,447,503,285,229
9032,"0131",960,953,921,7,39
9032,"0135",964,575,641,389,323
9033,"0131",1021,723,814,298,207
9033,"0135",820,634,664,186,156
9034,"0131",623,678,691,-55,-68
9034,"0135",1011,565,613,446,398
9035,"0131",91,69,66,22,25
9035,"0135",204,104,119,100,85
9036,"0131",172,214,174,-42,-2
9036,"0135",292,131,179,161,113
9037,"0131",52,140,116,-88,-64
9037,"0135",134,33,35,101,99
9038,"0131",1426,729,707,697,719
9038,"0135",615,763,811,-148,-196
9039,"0131",223,159,168,64,55
9039,"0135",28,46,45,-18,-17
9040,"0131",121,212,205,-91,-84
9040,"0135",277,82,62,195,215
9041,"0131",1131,523,632,608,499
9041,"0135",474,784,718,-310,-244
9042,"0131",352,180,200,172,152
9042,"0135",444,453,477,-9,-33
9043,"0131",559,325,319,234,240
9043,"0135",922,737,782,185,140
9044,"0131",837,306,302,531,535
9044,"0135",598,707,705,-109,-107
9045,"0131",15,22,28,-7,-13
9045,"0135",37,14,17,23,20
9046,"0131",241,76,67,165,174
9046,"0135",172,219,238,-47,-66
9047,"0131",433,604,517,-171,-84
9047,"0135",863,339,441,524,422
9048,"0131",158,140,102,18,56
9048,"0135",174,126,159,48,15
9049,"0131",807,658,553,149,254
9049,"0135",1195,814,956,381,239
9050,"0131",747,619,623,128,124
9050,"0135",1191,687,699,504,492
9051,"0131",195,115,125,80,70
9051,"0135",76,116,121,-40,-45
9052,"0131",56,74,62,-18,-6
9052,"0135",47,14,8,33,39
9053,"0131",308,355,350,-47,-42
9053,"0135",264,132,170,132,94
9054,"0131",445,527,519,-82,-74
9054,"0135",534,266,327,268,207
9055,"0131",1178,995,947,183,231
9055,"0135",972,510,566,462,406
9056,"0131",930,980,940,-50,-10
9056,"0135",1144,539,513,605,631
9057,"0131",196,109,117,87,79
9057,"0135",14,49,76,-35,-62
9058,"0131",52,25,107,27,-55
9058,"0135",171,82,76,89,95
9059,"0131",84,96,81,-12,3
9059,"0135",40,17,16,23,24
9060,"0131",109,100,112,9,-3
9060,"0135",170,110,108,60,62
9061,"0131",204,182,161,22,43
9061,"0135",200,145,121,55,79
9062,"0131",1525,1087,982,438,543
9062,"0135",1406,973,846,433,560
9063,"0131",1554,1088,1007,466,547
9063,"0135",1366,879,779,487,587
9064,"0131",967,939,771,28,196
9064,"0135",1151,738,590,413,561
9065,"0131",762,800,764,-38,-2
9065,"0135",1375,666,566,709,809
9066,"0131",1097,1161,1071,-64,26
9066,"0135",1825,915,756,910,1069
9067,"0131",1246,962,850,284,396
9067,"0135",1120,666,592,454,528
9068,"0131",1376,869,759,507,617
9068,"0135",1001,856,770,145,231
9069,"0131",1572,872,750,700,822
9069,"0135",832,735,748,97,84
9070,"0131",1297,741,751,556,546
9070,"0135",1027,732,730,295,297
9071,"0131",1353,849,766,504,587
9071,"0135",1005,858,748,147,257
9072,"0131",1016,871,795,145,221
9072,"0135",1347,753,700,594,647
9073,"0131",1356,964,857,392,499
9073,"0135",1269,877,819,392,450
9074,"0131",1069,876,743,193,326
9074,"0135",1310,791,771,519,539
9075,"0131",843,793,797,50,46
9075,"0135",1549,844,697,705,852
9076,"0131",1147,893,771,254,376
9076,"0135",1212,783,689,429,523
9077,"0131",88,175,177,-87,-89
9077,"0135",267,106,86,161,181
9078,"0131",29,2,6,27,23
9078,"0135",6,0,16,6,-10
9079,"0131",1012,721,668,291,344
9079,"0135",673,345,325,328,348
9080,"0131",741,740,700,1,41
9080,"0135",968,368,332,600,636
9081,"0131",772,490,560,282,212
9081,"0135",617,289,268,328,349
9082,"0131",395,190,219,205,176
9082,"0135",45,108,167,-63,-122
9083,"0131",1119,629,691,490,428
9083,"0135",1015,870,836,145,179
9084,"0131",195,299,301,-104,-106
9084,"0135",383,174,194,209,189
9085,"0131",514,488,432,26,82
9085,"0135",1075,664,727,411,348
9086,"0131",310,364,246,-54,64
9086,"0135",470,384,283,86,187
9087,"0131",83,19,17,64,66
9087,"0135",5,55,55,-50,-50
9088,"0131",29,10,8,19,21
9088,"0135",7,11,13,-4,-6
9089,"0131",131,96,97,35,34
9089,"0135",339,194,217,145,122
9090,"0131",603,690,740,-87,-137
9090,"0135",998,541,550,457,448
9091,"0131",0,1,0,-1,0
9091,"0135",1,1,0,0,1
9092,"0131",693,357,624,336,69
9092,"0135",384,352,399,32,-15
9093,"0131",686,459,547,227,139
9093,"0135",931,787,776,144,155
9094,"0131",95,71,65,24,30
9094,"0135",76,56,59,20,17
9095,"0131",138,168,147,-30,-9
9095,"0135",181,105,98,76,83
9096,"0131",564,518,610,46,-46
9096,"0135",849,461,564,388,285
9097,"0131",421,510,516,-89,-95
9097,"0135",682,324,413,358,269
9098,"0131",195,122,88,73,107
9098,"0135",41,67,74,-26,-33
9099,"0131",577,279,322,298,255
9099,"0135",504,460,479,44,25
9100,"0131",70,83,82,-13,-12
9100,"0135",162,63,88,99,74
9101,"0131",513,272,295,241,218
9101,"0135",489,399,481,90,8
9102,"0131",42,82,52,-40,-10
9102,"0135",99,39,56,60,43
9103,"0131",769,636,662,133,107
9103,"0135",869,674,667,195,202
9104,"0131",766,627,698,139,68
9104,"0135",850,494,592,356,258
9105,"0131",891,596,635,295,256
9105,"0135",718,611,673,107,45
9106,"0131",1038,772,855,266,183
9106,"0135",1012,712,808,300,204
9107,"0131",899,561,604,338,295
9107,"0135",671,610,642,61,29
9108,"0131",0,0,0,0,0
9108,"0135",3,0,1,3,2
9109,"0131",0,1,0,-1,0
9109,"0135",5,3,3,2,2
9110,"0131",1,0,0,1,1
9110,"0135",2,1,1,1,1
9111,"0131",1510,1067,1093,443,417
9111,"0135",1133,800,816,333,317
9112,"0131",677,588,542,89,135
9112,"0135",616,275,417,341,199
9113,"0131",574,601,647,-27,-73
9113,"0135",989,444,476,545,513
9114,"0131",647,562,546,85,101
9114,"0135",651,377,390,274,261
9115,"0131",602,581,587,21,15
9115,"0135",917,371,494,546,423
9116,"0131",463,392,367,71,96
9116,"0135",346,274,298,72,48
9117,"0131",266,153,127,113,139
9117,"0135",133,157,142,-24,-9
9118,"0131",1311,929,1258,382,53
9118,"0135",1194,825,792,369,402
9119,"0131",286,236,224,50,62
9119,"0135",304,179,208,125,96
9120,"0131",85,101,93,-16,-8
9120,"0135",158,117,119,41,39
9121,"0131",164,90,86,74,78
9121,"0135",45,61,65,-16,-20
9122,"0131",373,367,337,6,36
9122,"0135",815,484,393,331,422
9123,"0131",919,577,534,342,385
9123,"0135",998,774,731,224,267
9124,"0131",1035,577,626,458,409
9124,"0135",895,690,629,205,266
9125,"0131",922,526,515,396,407
9125,"0135",754,629,567,125,187
9126,"0131",299,370,348,-71,-49
9126,"0135",880,462,413,418,467
9127,"0131",202,195,181,7,21
9127,"0135",198,132,164,66,34
9128,"0131",7,22,29,-15,-22
9128,"0135",110,62,55,48,55
9129,"0131",573,154,172,419,401
9129,"0135",408,440,543,-32,-135
9130,"0131",298,147,164,151,134
9130,"0135",648,466,538,182,110
9131,"0131",370,200,201,170,169
9131,"0135",583,359,463,224,120
9132,"0131",151,171,179,-20,-28
9132,"0135",572,219,309,353,263
9133,"0131",935,330,369,605,566
9133,"0135",385,407,531,-22,-146
9134,"0131",719,350,371,369,348
9134,"0135",563,379,502,184,61
9135,"0131",759,292,318,467,441
9135,"0135",299,317,381,-18,-82
9136,"0131",1302,633,707,669,595
9136,"0135",458,332,480,126,-22
9137,"0131",846,640,741,206,105
9137,"0135",931,291,439,640,492
9138,"0131",841,255,251,586,590
9138,"0135",512,585,716,-73,-204
9139,"0131",251,146,168,105,83
9139,"0135",560,355,452,205,108
9140,"0131",535,222,224,313,311
9140,"0135",770,518,689,252,81
9141,"0131",827,764,846,63,-19
9141,"0135",1439,398,574,1041,865
9142,"0131",2213,1251,1434,962,779
9142,"0135",1615,734,1110,881,505
9143,"0131",1013,877,1125,136,-112
9143,"0135",1986,507,801,1479,1185
9144,"0131",1350,744,896,606,454
9144,"0135",1179,500,769,679,410
9145,"0131",1730,1147,1463,583,267
9145,"0135",2093,779,1080,1314,1013
9146,"0131",1584,816,917,768,667
9146,"0135",972,470,743,502,229
9147,"0131",507,443,560,64,-53
9147,"0135",1004,286,432,718,572
9148,"0131",1271,811,994,460,277
9148,"0135",1270,444,667,826,603
9149,"0131",494,240,278,254,216
9149,"0135",300,152,228,148,72
9150,"0131",93,73,107,20,-14
9150,"0135",155,55,70,100,85
9151,"0131",988,367,394,621,594
9151,"0135",486,451,614,35,-128
9152,"0131",879,234,240,645,639
9152,"0135",253,364,534,-111,-281
9153,"0131",620,182,204,438,416
9153,"0135",255,312,397,-57,-142
9154,"0131",1428,751,848,677,580
9154,"0135",1479,741,1013,738,466
9155,"0131",1301,810,867,491,434
9155,"0135",1784,781,1107,1003,677
9156,"0131",847,485,525,362,322
9156,"0135",705,368,532,337,173
9157,"0131",1138,710,800,428,338
9157,"0135",1449,651,907,798,542
9158,"0131",1385,536,547,849,838
9158,"0135",686,592,815,94,-129
9159,"0131",1908,828,936,1080,972
9159,"0135",1735,1105,1477,630,258
9160,"0131",1116,677,705,439,411
9160,"0135",1823,837,1207,986,616
9161,"0131",1793,1112,1222,681,571
9161,"0135",2122,948,1348,1174,774
9162,"0131",1825,1161,1269,664,556
9162,"0135",2407,972,1456,1435,951
9163,"0131",942,445,476,497,466
9163,"0135",656,417,548,239,108
9164,"0131",1436,407,433,1029,1003
9164,"0135",678,793,992,-115,-314
9165,"0131",1434,993,1078,441,356
9165,"0135",2027,875,1270,1152,757
9166,"0131",2334,1131,1275,1203,1059
9166,"0135",2018,1190,1609,828,409
9167,"0131",1989,724,818,1265,1171
9167,"0135",665,689,950,-24,-285
9168,"0131",906,571,635,335,271
9168,"0135",1214,555,777,659,437
9169,"0131",1583,742,862,841,721
9169,"0135",1285,777,1115,508,170
9170,"0131",55,49,58,6,-3
9170,"0135",27,1,10,26,17
9171,"0131",5,12,20,-7,-15
9171,"0135",18,4,2,14,16
9172,"0131",54,28,41,26,13
9172,"0135",17,5,7,12,10
9173,"0131",133,66,102,67,31
9173,"0135",2,9,11,-7,-9
9174,"0131",36,47,59,-11,-23
9174,"0135",38,1,5,37,33
9175,"0131",149,81,128,68,21
9175,"0135",31,9,17,22,14
9176,"0131",20,43,44,-23,-24
9176,"0135",40,6,7,34,33
9177,"0131",12,26,33,-14,-21
9177,"0135",25,2,3,23,22
9178,"0131",1978,1334,1573,644,405
9178,"0135",1853,661,1016,1192,837
9179,"0131",1081,701,827,380,254
9179,"0135",925,353,525,572,400
9180,"0131",511,296,344,215,167
9180,"0135",281,116,185,165,96
9181,"0131",660,556,652,104,8
9181,"0135",1121,457,590,664,531
9182,"0131",802,323,359,479,443
9182,"0135",211,252,350,-41,-139
9183,"0131",1258,642,726,616,532
9183,"0135",1157,726,976,431,181
9184,"0131",1156,792,840,364,316
9184,"0135",1741,799,1081,942,660
9185,"0131",919,517,555,402,364
9185,"0135",893,484,625,409,268
9186,"0131",2452,928,1000,1524,1452
9186,"0135",1367,977,1415,390,-48
9187,"0131",647,354,340,293,307
9187,"0135",825,419,605,406,220
9188,"0131",434,678,481,-244,-47
9188,"0135",782,188,317,594,465
9189,"0131",539,541,400,-2,139
9189,"0135",392,159,223,233,169
9190,"0131",525,393,346,132,179
9190,"0135",144,128,148,16,-4
9191,"0131",699,600,604,99,95
9191,"0135",482,204,252,278,230
9192,"0131",204,119,101,85,103
9192,"0135",53,57,71,-4,-18
9193,"0131",11,151,130,-140,-119
9193,"0135",290,55,88,235,202
9194,"0131",0,75,73,-75,-73
9194,"0135",132,20,21,112,111
9195,"0131",122,105,99,17,23
9195,"0135",64,27,27,37,37
9196,"0131",168,127,129,41,39
9196,"0135",144,101,106,43,38
9197,"0131",83,80,64,3,19
9197,"0135",41,21,34,20,7
9198,"0131",73,121,114,-48,-41
9198,"0135",161,51,72,110,89
9199,"0131",1590,954,1086,636,504
9199,"0135",1156,611,914,545,242
9200,"0131",964,623,758,341,206
9200,"0135",971,400,658,571,313
9201,"0131",591,571,628,20,-37
9201,"0135",828,253,404,575,424
9202,"0131",199,203,228,-4,-29
9202,"0135",72,6,25,66,47
9203,"0131",569,342,483,227,86
9203,"0135",320,108,181,212,139
9204,"0131",37,129,150,-92,-113
9204,"0135",316,54,97,262,219
9205,"0131",0,8,0,-8,0
9205,"0135",0,4,0,-4,0
9206,"0131",18,172,158,-154,-140
9206,"0135",176,8,17,168,159
9207,"0131",159,330,394,-171,-235
9207,"0135",524,132,156,392,368
9208,"0131",389,141,149,248,240
9208,"0135",66,95,149,-29,-83
9209,"0131",112,120,125,-8,-13
9209,"0135",124,37,53,87,71
9210,"0131",119,69,76,50,43
9210,"0135",25,23,30,2,-5
9211,"0131",512,352,335,160,177
9211,"0135",238,109,144,129,94
9212,"0131",251,226,207,25,44
9212,"0135",132,64,85,68,47
9213,"0131",111,114,106,-3,5
9213,"0135",148,58,79,90,69
9214,"0131",129,135,114,-6,15
9214,"0135",53,13,26,40,27
9215,"0131",1248,646,603,602,645
9215,"0135",1055,749,861,306,194
9216,"0131",1364,589,626,775,738
9216,"0135",1121,727,969,394,152
9217,"0131",681,294,302,387,379
9217,"0135",597,402,496,195,101
9218,"0131",670,356,352,314,318
9218,"0135",876,485,615,391,261
9219,"0131",775,246,235,529,540
9219,"0135",258,331,405,-73,-147
9220,"0131",993,583,638,410,355
9220,"0135",1531,741,940,790,591
9221,"0131",685,377,443,308,242
9221,"0135",1071,508,619,563,452
9222,"0131",1135,623,666,512,469
9222,"0135",1624,809,1077,815,547
9223,"0131",1031,382,400,649,631
9223,"0135",487,426,578,61,-91
9224,"0131",24,27,26,-3,-2
9224,"0135",40,13,16,27,24
9225,"0131",31,100,120,-69,-89
9225,"0135",430,143,189,287,241
9226,"0131",308,285,272,23,36
9226,"0135",637,265,294,372,343
9227,"0131",593,422,449,171,144
9227,"0135",466,220,269,246,197
9228,"0131",1070,567,630,503,440
9228,"0135",319,280,361,39,-42
9229,"0131",21,103,101,-82,-80
9229,"0135",176,40,39,136,137
9230,"0131",839,502,482,337,357
9230,"0135",267,217,297,50,-30
9231,"0131",78,64,67,14,11
9231,"0135",60,28,31,32,29
9232,"0131",131,68,79,63,52
9232,"0135",5,17,28,-12,-23
9233,"0131",755,808,749,-53,6
9233,"0135",820,280,455,540,365
9234,"0131",1689,1371,1216,318,473
9234,"0135",1373,604,928,769,445
9235,"0131",382,285,289,97,93
9235,"0135",369,191,234,178,135
9236,"0131",1124,636,627,488,497
9236,"0135",849,327,367,522,482
9237,"0131",144,117,96,27,48
9237,"0135",133,25,37,108,96
9238,"0131",423,436,415,-13,8
9238,"0135",238,52,63,186,175
9239,"0131",180,140,126,40,54
9239,"0135",62,8,14,54,48
9240,"0131",31,33,20,-2,11
9240,"0135",33,3,2,30,31
9241,"0131",145,73,68,72,77
9241,"0135",50,10,15,40,35
9242,"0131",278,328,317,-50,-39
9242,"0135",341,112,130,229,211
9243,"0131",24,33,37,-9,-13
9243,"0135",57,5,9,52,48
9244,"0131",980,685,630,295,350
9244,"0135",632,386,549,246,83
9245,"0131",864,582,499,282,365
9245,"0135",560,343,479,217,81
9246,"0131",176,135,89,41,87
9246,"0135",111,56,88,55,23
9247,"0131",102,173,139,-71,-37
9247,"0135",240,49,61,191,179
9248,"0131",298,261,245,37,53
9248,"0135",309,177,216,132,93
9249,"0131",100,120,117,-20,-17
9249,"0135",74,17,24,57,50
9250,"0131",12,33,45,-21,-33
9250,"0135",56,10,7,46,49
9251,"0131",13,34,42,-21,-29
9251,"0135",32,0,1,32,31
9252,"0131",12,12,11,0,1
9252,"0135",9,3,2,6,7
9253,"0131",571,931,902,-360,-331
9253,"0135",1007,190,297,817,710
9254,"0131",147,138,141,9,6
9254,"0135",77,24,37,53,40
9255,"0131",7,7,7,0,0
9255,"0135",3,0,0,3,3
9256,"0131",414,828,717,-414,-303
9256,"0135",881,226,307,655,574
9257,"0131",418,770,580,-352,-162
9257,"0135",760,272,356,488,404
9258,"0131",11,14,22,-3,-11
9258,"0135",13,21,2,-8,11
9259,"0131",44,102,89,-58,-45
9259,"0135",107,17,31,90,76
9260,"0131",0,8,10,-8,-10
9260,"0135",15,12,2,3,13
9261,"0131",658,812,891,-154,-233
9261,"0135",852,176,278,676,574
9262,"0131",35,83,84,-48,-49
9262,"0135",120,17,38,103,82
9263,"0131",14,33,34,-19,-20
9263,"0135",38,3,9,35,29
9264,"0131",1031,787,796,244,235
9264,"0135",1181,461,740,720,441
9265,"0131",1326,716,829,610,497
9265,"0135",838,410,663,428,175
9266,"0131",1170,590,685,580,485
9266,"0135",530,287,487,243,43
9267,"0131",1013,779,900,234,113
9267,"0135",1366,509,718,857,648
9268,"0131",1,2,1,-1,0
9268,"0135",1,0,0,1,1
9269,"0131",139,74,90,65,49
9269,"0135",8,14,31,-6,-23
9270,"0131",0,1,5,-1,-5
9270,"0135",7,1,1,6,6
9271,"0131",9,11,12,-2,-3
9271,"0135",17,4,5,13,12
9272,"0131",412,452,357,-40,55
9272,"0135",418,92,184,326,234
9273,"0131",262,208,205,54,57
9273,"0135",84,56,70,28,14
9274,"0131",10,60,61,-50,-51
9274,"0135",70,3,7,67,63
9275,"0131",56,46,37,10,19
9275,"0135",7,4,13,3,-6
9276,"0131",11,83,90,-72,-79
9276,"0135",103,3,5,100,98
9277,"0131",59,56,68,3,-9
9277,"0135",27,10,6,17,21
9278,"0131",0,30,34,-30,-34
9278,"0135",49,3,2,46,47
9279,"0131",30,60,63,-30,-33
9279,"0135",68,10,13,58,55
9280,"0131",887,491,576,396,311
9280,"0135",859,311,542,548,317
9281,"0131",653,468,499,185,154
9281,"0135",888,315,513,573,375
9282,"0131",71,73,94,-2,-23
9282,"0135",82,14,29,68,53
9283,"0131",118,70,104,48,14
9283,"0135",54,10,26,44,28
9284,"0131",271,339,329,-68,-58
9284,"0135",358,81,167,277,191
9285,"0131",21,32,30,-11,-9
9285,"0135",23,4,11,19,12
9286,"0131",42,36,37,6,5
9286,"0135",20,5,8,15,12
9287,"0131",607,495,472,112,135
9287,"0135",385,163,246,222,139
9288,"0131",26,13,25,13,1
9288,"0135",28,8,11,20,17
9289,"0131",134,137,140,-3,-6
9289,"0135",55,14,11,41,44
9290,"0131",37,169,198,-132,-161
9290,"0135",271,47,46,224,225
9291,"0131",86,47,51,39,35
9291,"0135",6,9,12,-3,-6
9292,"0131",1,10,9,-9,-8
9292,"0135",12,0,2,12,10
9293,"0131",9,14,25,-5,-16
9293,"0135",23,4,1,19,22
9294,"0131",400,289,290,111,110
9294,"0135",248,114,154,134,94
9295,"0131",21,90,104,-69,-83
9295,"0135",146,18,18,128,128
9296,"0131",585,669,841,-84,-256
9296,"0135",854,163,216,691,638
9297,"0131",101,88,62,13,39
9297,"0135",22,8,13,14,9
9298,"0131",1074,627,713,447,361
9298,"0135",178,175,231,3,-53
9299,"0131",593,676,778,-83,-185
9299,"0135",643,131,187,512,456
9300,"0131",3,4,4,-1,-1
9300,"0135",1,0,0,1,1
9301,"0131",62,0,99,62,-37
9301,"0135",110,0,19,110,91
9302,"0131",115,123,140,-8,-25
9302,"0135",77,16,10,61,67
9303,"0131",56,56,51,0,5
9303,"0135",44,25,22,19,22
9304,"0131",458,503,625,-45,-167
9304,"0135",927,158,280,769,647
9305,"0131",921,879,969,42,-48
9305,"0135",1375,301,534,1074,841
9306,"0131",998,1269,1308,-271,-310
9306,"0135",1990,401,696,1589,1294
9307,"0131",46,32,39,14,7
9307,"0135",15,0,12,15,3
9308,"0131",25,57,77,-32,-52
9308,"0135",99,19,22,80,77
9309,"0131",11,15,23,-4,-12
9309,"0135",21,1,1,20,20
9310,"0131",6,61,49,-55,-43
9310,"0135",61,2,7,59,54
9311,"0131",136,131,134,5,2
9311,"0135",14,0,2,14,12
9312,"0131",96,160,148,-64,-52
9312,"0135",122,1,17,121,105
9313,"0131",86,79,78,7,8
9313,"0135",46,1,8,45,38
9314,"0131",253,265,235,-12,18
9314,"0135",207,35,72,172,135
9315,"0131",35,64,67,-29,-32
9315,"0135",59,1,7,58,52
9316,"0131",59,83,72,-24,-13
9316,"0135",28,1,11,27,17
9317,"0131",47,54,55,-7,-8
9317,"0135",15,2,5,13,10
9318,"0131",95,161,179,-66,-84
9318,"0135",151,3,9,148,142
9319,"0131",858,940,959,-82,-101
9319,"0135",1206,463,622,743,584
9320,"0131",12,22,18,-10,-6
9320,"0135",21,4,7,17,14
9321,"0131",15,82,83,-67,-68
9321,"0135",94,3,11,91,83
9322,"0131",4,88,81,-84,-77
9322,"0135",108,13,16,95,92
9323,"0131",43,70,65,-27,-22
9323,"0135",43,1,8,42,35
9324,"0131",3,50,73,-47,-70
9324,"0135",93,7,0,86,93
9325,"0131",1,30,31,-29,-30
9325,"0135",32,1,0,31,32
9326,"0131",43,49,37,-6,6
9326,"0135",2,0,3,2,-1
9327,"0131",5,28,45,-23,-40
9327,"0135",45,0,1,45,44
9328,"0131",93,125,132,-32,-39
9328,"0135",68,7,14,61,54
9329,"0131",856,269,295,587,561
9329,"0135",726,754,947,-28,-221
9330,"0131",732,308,326,424,406
9330,"0135",881,736,918,145,-37
9331,"0131",693,233,250,460,443
9331,"0135",838,818,980,20,-142
9332,"0131",633,154,172,479,461
9332,"0135",517,676,794,-159,-277
9333,"0131",830,207,230,623,600
9333,"0135",936,1118,1278,-182,-342
9334,"0131",535,190,202,345,333
9334,"0135",837,849,981,-12,-144
9335,"0131",375,123,136,252,239
9335,"0135",573,588,665,-15,-92
9336,"0131",1057,204,224,853,833
9336,"0135",774,1081,1355,-307,-581
9337,"0131",723,203,219,520,504
9337,"0135",895,1015,1156,-120,-261
9338,"0131",1042,308,325,734,717
9338,"0135",1274,1285,1564,-11,-290
9339,"0131",651,266,295,385,356
9339,"0135",1058,993,1161,65,-103
9340,"0131",575,259,269,316,306
9340,"0135",934,749,923,185,11
9341,"0131",351,121,125,230,226
9341,"0135",315,301,388,14,-73
9342,"0131",399,87,84,312,315
9342,"0135",67,232,295,-165,-228
9343,"0131",343,103,164,240,179
9343,"0135",288,230,298,58,-10
9344,"0131",387,167,211,220,176
9344,"0135",624,442,569,182,55
9345,"0131",790,260,261,530,529
9345,"0135",472,519,666,-47,-194
9346,"0131",1613,517,498,1096,1115
9346,"0135",518,819,1066,-301,-548
9347,"0131",1375,494,462,881,913
9347,"0135",734,831,1059,-97,-325
9348,"0131",673,253,277,420,396
9348,"0135",778,641,819,137,-41
9349,"0131",854,172,172,682,682
9349,"0135",185,557,656,-372,-471
9350,"0131",800,326,322,474,478
9350,"0135",1061,916,1162,145,-101
9351,"0131",1629,480,511,1149,1118
9351,"0135",1006,1246,1545,-240,-539
9352,"0131",1484,361,361,1123,1123
9352,"0135",775,1180,1466,-405,-691
9353,"0131",1027,380,380,647,647
9353,"0135",1249,1178,1420,71,-171
9354,"0131",1004,751,903,253,101
9354,"0135",1181,402,539,779,642
9355,"0131",591,374,559,217,32
9355,"0135",736,247,335,489,401
9356,"0131",1104,722,751,382,353
9356,"0135",738,375,468,363,270
9357,"0131",964,626,670,338,294
9357,"0135",636,346,436,290,200
9358,"0131",904,241,246,663,658
9358,"0135",1035,1233,1450,-198,-415
9359,"0131",1342,248,234,1094,1108
9359,"0135",571,1174,1375,-603,-804
9360,"0131",679,233,246,446,433
9360,"0135",878,809,988,69,-110
9361,"0131",599,108,137,491,462
9361,"0135",184,435,500,-251,-316
9362,"0131",753,358,388,395,365
9362,"0135",1345,1038,1282,307,63
9363,"0131",597,277,273,320,324
9363,"0135",976,809,994,167,-18
9364,"0131",1085,554,624,531,461
9364,"0135",1522,1099,1484,423,38
9365,"0131",1098,499,581,599,517
9365,"0135",1249,1103,1308,146,-59
9366,"0131",571,73,99,498,472
9366,"0135",327,569,676,-242,-349
9367,"0131",361,80,83,281,278
9367,"0135",347,496,551,-149,-204
9368,"0131",710,109,120,601,590
9368,"0135",313,697,805,-384,-492
9369,"0131",675,73,78,602,597
9369,"0135",331,750,826,-419,-495
9370,"0131",1113,844,856,269,257
9370,"0135",710,311,448,399,262
9371,"0131",1246,1073,1166,173,80
9371,"0135",1157,390,522,767,635
9372,"0131",961,610,769,351,192
9372,"0135",626,301,387,325,239
9373,"0131",315,67,83,248,232
9373,"0135",381,456,514,-75,-133
9374,"0131",232,111,117,121,115
9374,"0135",666,464,665,202,1
9375,"0131",913,295,315,618,598
9375,"0135",1234,1250,1533,-16,-299
9376,"0131",807,265,298,542,509
9376,"0135",1022,1081,1239,-59,-217
9377,"0131",1173,389,412,784,761
9377,"0135",1496,1514,1813,-18,-317
9378,"0131",1466,362,372,1104,1094
9378,"0135",925,1295,1608,-370,-683
9379,"0131",493,330,362,163,131
9379,"0135",1905,1344,1628,561,277
9380,"0131",823,273,292,550,531
9380,"0135",1044,1027,1236,17,-192
9381,"0131",840,319,304,521,536
9381,"0135",969,866,1113,103,-144
9382,"0131",662,286,283,376,379
9382,"0135",902,729,970,173,-68
9383,"0131",992,276,281,716,711
9383,"0135",680,737,888,-57,-208
9384,"0131",900,291,299,609,601
9384,"0135",676,747,929,-71,-253
9385,"0131",757,380,411,377,346
9385,"0135",847,614,773,233,74
9386,"0131",1012,436,438,576,574
9386,"0135",471,560,625,-89,-154
9387,"0131",1125,376,409,749,716
9387,"0135",725,791,967,-66,-242
9388,"0131",976,392,392,584,584
9388,"0135",1103,887,1181,216,-78
9389,"0131",913,543,528,370,385
9389,"0135",1780,1126,1494,654,286
9390,"0131",993,413,410,580,583
9390,"0135",1148,911,1160,237,-12
9391,"0131",898,405,415,493,483
9391,"0135",911,779,925,132,-14
9392,"0131",946,485,483,461,463
9392,"0135",1465,979,1283,486,182
9393,"0131",475,383,402,92,73
9393,"0135",876,404,545,472,331
9394,"0131",717,632,635,85,82
9394,"0135",1637,741,1023,896,614
9395,"0131",1344,612,658,732,686
9395,"0135",1103,890,1061,213,42
9396,"0131",1182,540,629,642,553
9396,"0135",1240,758,1066,482,174
9397,"0131",1334,713,723,621,611
9397,"0135",1287,927,1188,360,99
9398,"0131",1180,530,555,650,625
9398,"0135",963,714,930,249,33
9399,"0131",1181,687,722,494,459
9399,"0135",1186,743,923,443,263
9400,"0131",1071,635,694,436,377
9400,"0135",1308,777,996,531,312
9401,"0131",986,571,614,415,372
9401,"0135",1165,656,894,509,271
9402,"0131",1835,809,868,1026,967
9402,"0135",1108,989,1264,119,-156
9403,"0131",1095,811,853,284,242
9403,"0135",1985,1069,1422,916,563
9404,"0131",1127,474,483,653,644
9404,"0135",825,761,930,64,-105
9405,"0131",863,821,843,42,20
9405,"0135",2174,1108,1374,1066,800
9406,"0131",946,573,592,373,354
9406,"0135",1271,792,950,479,321
9407,"0131",1735,1021,1025,714,710
9407,"0135",1837,1207,1512,630,325
9408,"0131",1921,788,833,1133,1088
9408,"0135",1108,1151,1362,-43,-254
9409,"0131",716,624,624,92,92
9409,"0135",1526,765,980,761,546
9410,"0131",1392,749,819,643,573
9410,"0135",1667,1095,1384,572,283
9411,"0131",934,596,626,338,308
9411,"0135",1251,791,960,460,291
9412,"0131",1751,677,717,1074,1034
9412,"0135",1032,1071,1303,-39,-271
9413,"0131",1336,727,740,609,596
9413,"0135",1411,952,1180,459,231
9414,"0131",1526,526,559,1000,967
9414,"0135",1169,1292,1515,-123,-346
9415,"0131",296,269,281,27,15
9415,"0135",1040,589,762,451,278
9416,"0131",745,312,314,433,431
9416,"0135",893,753,912,140,-19
9417,"0131",504,301,299,203,205
9417,"0135",593,343,457,250,136
9418,"0131",1297,447,543,850,754
9418,"0135",627,623,810,4,-183
9419,"0131",1104,505,527,599,577
9419,"0135",833,607,826,226,7
9420,"0131",1074,566,606,508,468
9420,"0135",1103,729,913,374,190
9421,"0131",715,614,619,101,96
9421,"0135",1466,700,900,766,566
9422,"0131",1223,552,573,671,650
9422,"0135",687,626,769,61,-82
9423,"0131",1038,558,576,480,462
9423,"0135",1145,762,954,383,191
9424,"0131",835,444,457,391,378
9424,"0135",581,441,550,140,31
9425,"0131",981,536,524,445,457
9425,"0135",959,619,770,340,189
9426,"0131",900,573,581,327,319
9426,"0135",1006,590,740,416,266
9427,"0131",631,443,427,188,204
9427,"0135",991,510,706,481,285
9428,"0131",1476,688,681,788,795
9428,"0135",951,824,1025,127,-74
9429,"0131",1522,591,594,931,928
9429,"0135",1448,1304,1630,144,-182
9430,"0131",1168,415,414,753,754
9430,"0135",1005,999,1218,6,-213
9431,"0131",1023,487,474,536,549
9431,"0135",1381,1010,1365,371,16
9432,"0131",463,319,348,144,115
9432,"0135",888,473,640,415,248
9433,"0131",674,485,471,189,203
9433,"0135",1471,796,1009,675,462
9434,"0131",898,475,478,423,420
9434,"0135",1221,800,998,421,223
9435,"0131",1455,371,400,1084,1055
9435,"0135",422,691,947,-269,-525
9436,"0131",814,477,474,337,340
9436,"0135",1284,758,1020,526,264
9437,"0131",1099,458,475,641,624
9437,"0135",1001,809,1017,192,-16
9438,"0131",1029,472,438,557,591
9438,"0135",817,666,868,151,-51
9439,"0131",724,340,333,384,391
9439,"0135",1119,850,1053,269,66
9440,"0131",1232,306,309,926,923
9440,"0135",646,941,1158,-295,-512
9441,"0131",1297,469,460,828,837
9441,"0135",1371,1270,1599,101,-228
9442,"0131",916,385,395,531,521
9442,"0135",1232,1050,1249,182,-17
9443,"0131",903,407,413,496,490
9443,"0135",1480,1155,1413,325,67
9444,"0131",1054,331,333,723,721
9444,"0135",860,1008,1164,-148,-304
9445,"0131",1151,433,500,718,651
9445,"0135",1499,1148,1471,351,28
9446,"0131",1339,400,428,939,911
9446,"0135",1077,1145,1442,-68,-365
9447,"0131",1269,433,424,836,845
9447,"0135",884,904,1202,-20,-318
9448,"0131",801,858,868,-57,-67
9448,"0135",1938,690,986,1248,952
9449,"0131",736,716,724,20,12
9449,"0135",1654,703,929,951,725
9450,"0131",958,506,529,452,429
9450,"0135",661,448,598,213,63
9451,"0131",645,605,606,40,39
9451,"0135",1485,619,849,866,636
9452,"0131",1300,613,710,687,590
9452,"0135",1105,708,913,397,192
9453,"0131",1430,653,656,777,774
9453,"0135",705,617,801,88,-96
9454,"0131",744,640,702,104,42
9454,"0135",1402,555,740,847,662
9455,"0131",646,398,435,248,211
9455,"0135",729,319,523,410,206
9456,"0131",480,343,447,137,33
9456,"0135",847,391,483,456,364
9457,"0131",1267,641,695,626,572
9457,"0135",1101,726,929,375,172
9458,"0131",1025,588,744,437,281
9458,"0135",1409,687,926,722,483
9459,"0131",901,682,692,219,209
9459,"0135",1267,602,745,665,522
9460,"0131",704,659,685,45,19
9460,"0135",1479,574,798,905,681
9461,"0131",1304,446,454,858,850
9461,"0135",630,718,934,-88,-304
9462,"0131",764,635,631,129,133
9462,"0135",1995,1018,1358,977,637
9463,"0131",1051,413,418,638,633
9463,"0135",869,761,1011,108,-142
9464,"0131",1248,484,487,764,761
9464,"0135",794,644,887,150,-93
9465,"0131",1163,438,428,725,735
9465,"0135",719,673,900,46,-181
9466,"0131",1116,581,583,535,533
9466,"0135",1076,775,996,301,80
9467,"0131",1599,595,623,1004,976
9467,"0135",876,862,1149,14,-273
9468,"0131",1476,706,718,770,758
9468,"0135",1285,975,1240,310,45
9469,"0131",1202,609,614,593,588
9469,"0135",1288,924,1189,364,99
9470,"0131",1191,605,683,586,508
9470,"0135",1355,840,1090,515,265
9471,"0131",775,567,586,208,189
9471,"0135",1416,735,1004,681,412
9472,"0131",1242,480,472,762,770
9472,"0135",700,685,899,15,-199
9473,"0131",1086,541,547,545,539
9473,"0135",1213,878,1104,335,109
9474,"0131",1019,452,458,567,561
9474,"0135",990,721,1044,269,-54
9475,"0131",715,500,494,215,221
9475,"0135",1278,702,949,576,329
9476,"0131",1370,488,458,882,912
9476,"0135",632,725,1007,-93,-375
9477,"0131",1593,685,708,908,885
9477,"0135",1205,1083,1330,122,-125
9478,"0131",1058,561,556,497,502
9478,"0135",1178,849,1070,329,108
9479,"0131",2247,748,803,1499,1444
9479,"0135",1686,1684,2176,2,-490
9480,"0131",1067,559,464,508,603
9480,"0135",1199,1067,1212,132,-13
9481,"0131",1075,530,562,545,513
9481,"0135",1691,1216,1583,475,108
9482,"0131",1272,378,409,894,863
9482,"0135",1022,923,1395,99,-373
9483,"0131",998,486,496,512,502
9483,"0135",1595,1101,1416,494,179
9484,"0131",2100,672,657,1428,1443
9484,"0135",1235,1312,1849,-77,-614
9485,"0131",844,620,643,224,201
9485,"0135",1100,492,637,608,463
9486,"0131",1445,821,864,624,581
9486,"0135",1052,610,874,442,178
9487,"0131",1444,891,937,553,507
9487,"0135",1325,718,901,607,424
9488,"0131",1215,856,856,359,359
9488,"0135",1279,578,786,701,493
9489,"0131",680,660,722,20,-42
9489,"0135",1549,573,775,976,774
9490,"0131",489,368,398,121,91
9490,"0135",585,224,314,361,271
9491,"0131",795,626,693,169,102
9491,"0135",1064,454,524,610,540
9492,"0131",340,385,411,-45,-71
9492,"0135",663,281,303,382,360
9493,"0131",730,610,651,120,79
9493,"0135",881,355,523,526,358
9494,"0131",1156,846,943,310,213
9494,"0135",1006,489,610,517,396
9495,"0131",1803,814,844,989,959
9495,"0135",1001,833,1087,168,-86
9496,"0131",1766,999,1006,767,760
9496,"0135",1621,965,1344,656,277
9497,"0131",1844,845,948,999,896
9497,"0135",1212,881,1180,331,32
9498,"0131",1368,745,732,623,636
9498,"0135",1180,783,1042,397,138
9499,"0131",2258,1069,1041,1189,1217
9499,"0135",1360,1088,1447,272,-87
9500,"0131",1512,956,982,556,530
9500,"0135",1577,940,1177,637,400
9501,"0131",1195,832,805,363,390
9501,"0135",1343,587,960,756,383
9502,"0131",853,476,525,377,328
9502,"0135",729,458,626,271,103
9503,"0131",939,545,589,394,350
9503,"0135",692,433,557,259,135
9504,"0131",983,778,907,205,76
9504,"0135",1490,639,863,851,627
9505,"0131",678,884,937,-206,-259
9505,"0135",1803,646,860,1157,943
9506,"0131",1795,873,963,922,832
9506,"0135",957,810,1078,147,-121
9507,"0131",1353,794,857,559,496
9507,"0135",1072,639,834,433,238
9508,"0131",1371,627,617,744,754
9508,"0135",799,658,861,141,-62
9509,"0131",1290,614,576,676,714
9509,"0135",864,740,971,124,-107
9510,"0131",1406,610,628,796,778
9510,"0135",715,715,901,0,-186
9511,"0131",976,662,668,314,308
9511,"0135",1442,756,1038,686,404
9512,"0131",1383,575,584,808,799
9512,"0135",762,736,918,26,-156
9513,"0131",1049,523,527,526,522
9513,"0135",820,581,759,239,61
9514,"0131",851,663,656,188,195
9514,"0135",1541,769,975,772,566
9515,"0131",809,549,524,260,285
9515,"0135",1032,526,754,506,278
9516,"0131",1107,482,500,625,607
9516,"0135",788,597,869,191,-81
9517,"0131",924,657,631,267,293
9517,"0135",1496,817,1009,679,487
9518,"0131",719,460,483,259,236
9518,"0135",927,671,859,256,68
9519,"0131",1272,796,855,476,417
9519,"0135",858,542,672,316,186
9520,"0131",1181,763,771,418,410
9520,"0135",911,486,714,425,197
9521,"0131",1230,756,759,474,471
9521,"0135",889,568,712,321,177
9522,"0131",836,375,376,461,460
9522,"0135",911,780,943,131,-32
9523,"0131",940,498,499,442,441
9523,"0135",1617,1217,1485,400,132
9524,"0131",1028,408,394,620,634
9524,"0135",986,824,1178,162,-192
9525,"0131",1597,986,966,611,631
9525,"0135",2107,1183,1670,924,437
9526,"0131",931,608,608,323,323
9526,"0135",1003,631,751,372,252
9527,"0131",1861,1028,1065,833,796
9527,"0135",2131,1215,1729,916,402
9528,"0131",1037,586,572,451,465
9528,"0135",1177,846,1033,331,144
9529,"0131",1363,910,931,453,432
9529,"0135",1388,728,949,660,439
9530,"0131",784,578,622,206,162
9530,"0135",844,345,460,499,384
9531,"0131",1155,907,912,248,243
9531,"0135",1573,697,909,876,664
9532,"0131",1177,795,808,382,369
9532,"0135",1286,636,819,650,467
9533,"0131",950,948,940,2,10
9533,"0135",1768,604,856,1164,912
9534,"0131",1207,1105,1275,102,-68
9534,"0135",1641,562,752,1079,889
9535,"0131",1346,1116,1085,230,261
9535,"0135",1147,517,693,630,454
9536,"0131",1242,1087,1097,155,145
9536,"0135",1234,533,675,701,559
9537,"0131",1358,1031,1050,327,308
9537,"0135",1133,550,655,583,478
9538,"0131",1060,880,944,180,116
9538,"0135",1122,508,549,614,573
9539,"0131",1432,1070,1067,362,365
9539,"0135",1100,490,729,610,371
9540,"0131",904,648,672,256,232
9540,"0135",1001,477,591,524,410
9541,"0131",1550,903,1022,647,528
9541,"0135",1172,642,816,530,356
9542,"0131",967,858,834,109,133
9542,"0135",1357,537,702,820,655
9543,"0131",837,1029,1023,-192,-186
9543,"0135",1909,600,847,1309,1062
9544,"0131",1126,1007,1016,119,110
9544,"0135",1661,681,890,980,771
9545,"0131",1271,974,959,297,312
9545,"0135",1456,623,825,833,631
9546,"0131",690,471,498,219,192
9546,"0135",688,335,446,353,242
9547,"0131",805,469,467,336,338
9547,"0135",853,519,709,334,144
9548,"0131",1928,806,787,1122,1141
9548,"0135",1134,1017,1366,117,-232
9549,"0131",1016,677,681,339,335
9549,"0135",1498,839,1072,659,426
9550,"0131",236,221,222,15,14
9550,"0135",587,296,368,291,219
9551,"0131",1149,538,515,611,634
9551,"0135",770,655,843,115,-73
9552,"0131",1090,817,827,273,263
9552,"0135",1670,865,1114,805,556
9553,"0131",1035,682,637,353,398
9553,"0135",1458,854,1092,604,366
9554,"0131",623,766,760,-143,-137
9554,"0135",1276,604,525,672,751
9555,"0131",1519,1096,1085,423,434
9555,"0135",1003,548,700,455,303
9556,"0131",922,810,822,112,100
9556,"0135",1002,433,522,569,480
9557,"0131",1105,562,810,543,295
9557,"0135",798,396,506,402,292
9558,"0131",809,615,650,194,159
9558,"0135",536,319,378,217,158
9559,"0131",319,639,680,-320,-361
9559,"0135",1012,284,336,728,676
9560,"0131",1018,571,503,447,515
9560,"0135",520,523,694,-3,-174
9561,"0131",554,578,516,-24,38
9561,"0135",1231,600,856,631,375
9562,"0131",18,10,11,8,7
9562,"0135",2,1,4,1,-2
9563,"0131",35,14,19,21,16
9563,"0135",27,25,23,2,4
9564,"0131",47,19,20,28,27
9564,"0135",11,10,18,1,-7
9565,"0131",2575,1870,1877,705,698
9565,"0135",1456,956,1113,500,343
9566,"0131",403,379,372,24,31
9566,"0135",445,199,254,246,191
9567,"0131",1965,1693,1673,272,292
9567,"0135",1701,928,1098,773,603
9568,"0131",1056,1298,1249,-242,-193
9568,"0135",1796,700,826,1096,970
9569,"0131",481,592,590,-111,-109
9569,"0135",647,198,277,449,370
9570,"0131",660,950,982,-290,-322
9570,"0135",1287,420,521,867,766
9571,"0131",758,730,893,28,-135
9571,"0135",906,317,400,589,506
9572,"0131",520,547,501,-27,19
9572,"0135",650,273,346,377,304
9573,"0131",1057,1173,1108,-116,-51
9573,"0135",1500,602,720,898,780
9574,"0131",1226,942,948,284,278
9574,"0135",791,467,541,324,250
9575,"0131",1111,1104,1075,7,36
9575,"0135",764,360,417,404,347
9576,"0131",74,224,269,-150,-195
9576,"0135",293,30,42,263,251
9577,"0131",209,257,320,-48,-111
9577,"0135",305,49,72,256,233
9578,"0131",121,240,263,-119,-142
9578,"0135",345,63,86,282,259
9579,"0131",1342,821,867,521,475
9579,"0135",1775,958,1266,817,509
9580,"0131",1075,833,846,242,229
9580,"0135",1775,820,1054,955,721
9581,"0131",1541,755,847,786,694
9581,"0135",1238,758,1079,480,159
9582,"0131",1691,837,817,854,874
9582,"0135",1050,864,1093,186,-43
9583,"0131",1085,763,773,322,312
9583,"0135",1415,701,975,714,440
9584,"0131",991,661,637,330,354
9584,"0135",1575,877,1168,698,407
9585,"0131",1345,547,579,798,766
9585,"0135",961,781,1030,180,-69
9586,"0131",1333,633,614,700,719
9586,"0135",1257,939,1229,318,28
9587,"0131",1468,601,625,867,843
9587,"0135",1116,855,1173,261,-57
9588,"0131",1765,690,756,1075,1009
9588,"0135",1054,905,1229,149,-175
9589,"0131",1402,663,601,739,801
9589,"0135",1159,862,1200,297,-41
9590,"0131",1469,935,905,534,564
9590,"0135",1325,772,951,553,374
9591,"0131",1468,796,825,672,643
9591,"0135",1385,925,1168,460,217
9592,"0131",1754,897,875,857,879
9592,"0135",1298,930,1237,368,61
9593,"0131",1980,906,899,1074,1081
9593,"0135",1127,964,1224,163,-97
9594,"0131",1099,860,871,239,228
9594,"0135",1712,845,1082,867,630
9595,"0131",1721,893,924,828,797
9595,"0135",1430,1058,1387,372,43
9596,"0131",1370,974,976,396,394
9596,"0135",1759,885,1220,874,539
9597,"0131",1547,703,723,844,824
9597,"0135",998,812,1049,186,-51
9598,"0131",2179,978,962,1201,1217
9598,"0135",937,1034,1298,-97,-361
9599,"0131",1448,816,814,632,634
9599,"0135",1324,873,1127,451,197
9600,"0131",466,386,375,80,91
9600,"0135",835,343,455,492,380
9601,"0131",568,390,407,178,161
9601,"0135",727,374,489,353,238
9602,"0131",792,496,508,296,284
9602,"0135",819,425,531,394,288
9603,"0131",613,472,447,141,166
9603,"0135",774,362,460,412,314
9604,"0131",739,577,593,162,146
9604,"0135",1034,484,594,550,440
9605,"0131",586,632,689,-46,-103
9605,"0135",751,205,251,546,500
9606,"0131",506,830,913,-324,-407
9606,"0135",1168,423,316,745,852
9607,"0131",853,998,1113,-145,-260
9607,"0135",1093,253,330,840,763
9608,"0131",1503,885,912,618,591
9608,"0135",1073,640,816,433,257
9609,"0131",890,762,970,128,-80
9609,"0135",1634,539,731,1095,903
9610,"0131",1454,679,830,775,624
9610,"0135",819,578,732,241,87
9611,"0131",1265,820,827,445,438
9611,"0135",985,561,655,424,330
9612,"0131",971,776,809,195,162
9612,"0135",1319,530,726,789,593
9613,"0131",289,157,169,132,120
9613,"0135",229,128,156,101,73
9614,"0131",1706,982,1021,724,685
9614,"0135",1093,747,1020,346,73
9615,"0131",1127,846,921,281,206
9615,"0135",1419,788,994,631,425
9616,"0131",1145,754,776,391,369
9616,"0135",1129,731,884,398,245
9617,"0131",1701,953,1035,748,666
9617,"0135",1100,804,1024,296,76
9618,"0131",1307,726,866,581,441
9618,"0135",1216,706,925,510,291
9619,"0131",788,627,664,161,124
9619,"0135",1116,589,693,527,423
9620,"0131",1303,778,743,525,560
9620,"0135",905,680,868,225,37
9621,"0131",890,960,951,-70,-61
9621,"0135",1594,668,845,926,749
9622,"0131",1115,900,907,215,208
9622,"0135",1056,405,570,651,486
9623,"0131",1190,938,911,252,279
9623,"0135",978,452,581,526,397
9624,"0131",172,108,108,64,64
9624,"0135",101,6,75,95,26
9625,"0131",128,212,242,-84,-114
9625,"0135",574,169,178,405,396
9626,"0131",237,152,149,85,88
9626,"0135",232,109,132,123,100
9627,"0131",1263,581,589,682,674
9627,"0135",1241,951,1176,290,65
9628,"0131",1441,640,640,801,801
9628,"0135",1302,996,1309,306,-7
9629,"0131",1514,624,723,890,791
9629,"0135",1284,865,1240,419,44
9630,"0131",1867,713,714,1154,1153
9630,"0135",856,960,1229,-104,-373
9631,"0131",513,332,340,181,173
9631,"0135",871,521,633,350,238
9632,"0131",1039,499,503,540,536
9632,"0135",1173,812,1051,361,122
9633,"0131",320,313,326,7,-6
9633,"0135",807,376,439,431,368
9634,"0131",1162,731,710,431,452
9634,"0135",1406,892,1126,514,280
9635,"0131",1360,687,653,673,707
9635,"0135",912,726,928,186,-16
9636,"0131",1149,741,742,408,407
9636,"0135",1343,781,945,562,398
9637,"0131",2129,929,930,1200,1199
9637,"0135",1560,1412,1738,148,-178
9638,"0131",1127,505,515,622,612
9638,"0135",1163,900,1166,263,-3
9639,"0131",1749,562,572,1187,1177
9639,"0135",524,809,1025,-285,-501
9640,"0131",923,549,607,374,316
9640,"0135",1343,845,1050,498,293
9641,"0131",653,506,516,147,137
9641,"0135",1316,687,859,629,457
9642,"0131",1246,768,809,478,437
9642,"0135",1846,1063,1459,783,387
9643,"0131",1648,456,477,1192,1171
9643,"0135",1736,2069,2429,-333,-693
9644,"0131",1792,539,540,1253,1252
9644,"0135",1603,1974,2305,-371,-702
9645,"0131",1919,482,518,1437,1401
9645,"0135",1440,1995,2312,-555,-872
9646,"0131",1188,377,397,811,791
9646,"0135",1330,1514,1783,-184,-453
9647,"0131",1135,427,439,708,696
9647,"0135",599,705,813,-106,-214
9648,"0131",1314,423,435,891,879
9648,"0135",721,930,1020,-209,-299
9649,"0131",1670,788,834,882,836
9649,"0135",1841,1423,1810,418,31
9650,"0131",50,60,68,-10,-18
9650,"0135",112,33,36,79,76
9651,"0131",582,361,397,221,185
9651,"0135",256,144,180,112,76
9652,"0131",1924,1132,1199,792,725
9652,"0135",1528,791,1017,737,511
9653,"0131",1435,854,908,581,527
9653,"0135",1366,688,838,678,528
9654,"0131",1281,630,670,651,611
9654,"0135",450,381,481,69,-31
9655,"0131",715,487,601,228,114
9655,"0135",1017,439,528,578,489
9656,"0131",865,629,783,236,82
9656,"0135",1028,373,454,655,574
9657,"0131",765,548,585,217,180
9657,"0135",581,277,311,304,270
9658,"0131",981,777,886,204,95
9658,"0135",1003,426,440,577,563
9659,"0131",983,506,525,477,458
9659,"0135",418,290,364,128,54
9660,"0131",1093,772,823,321,270
9660,"0135",918,397,504,521,414
9661,"0131",230,138,139,92,91
9661,"0135",146,58,129,88,17
9662,"0131",1487,984,1000,503,487
9662,"0135",1895,1272,1473,623,422
9663,"0131",743,524,529,219,214
9663,"0135",973,584,754,389,219
9664,"0131",1828,1148,1132,680,696
9664,"0135",1572,1358,1425,214,147
9665,"0131",1417,972,960,445,457
9665,"0135",1619,1187,1348,432,271
9666,"0131",1408,1163,1259,245,149
9666,"0135",1293,644,723,649,570
9667,"0131",762,993,1051,-231,-289
9667,"0135",1499,542,649,957,850
9668,"0131",288,293,287,-5,1
9668,"0135",501,241,287,260,214
9669,"0131",1056,790,765,266,291
9669,"0135",848,538,618,310,230
9670,"0131",46,29,44,17,2
9670,"0135",53,22,20,31,33
9671,"0131",6,6,5,0,1
9671,"0135",11,0,3,11,8
9672,"0131",1530,854,880,676,650
9672,"0135",1293,921,1177,372,116
9673,"0131",1814,726,710,1088,1104
9673,"0135",716,938,1201,-222,-485
9674,"0131",796,411,421,385,375
9674,"0135",606,477,586,129,20
9675,"0131",1686,748,724,938,962
9675,"0135",850,919,1180,-69,-330
9676,"0131",728,746,687,-18,41
9676,"0135",2081,1105,1390,976,691
9677,"0131",1382,645,658,737,724
9677,"0135",1188,983,1228,205,-40
9678,"0131",1542,767,835,775,707
9678,"0135",1248,959,1201,289,47
9679,"0131",1628,776,773,852,855
9679,"0135",856,873,1100,-17,-244
9680,"0131",1137,767,742,370,395
9680,"0135",1706,1026,1340,680,366
9681,"0131",1000,985,913,15,87
9681,"0135",1801,830,1088,971,713
9682,"0131",1915,825,800,1090,1115
9682,"0135",832,925,1177,-93,-345
9683,"0131",1393,809,805,584,588
9683,"0135",1405,975,1216,430,189
9684,"0131",1282,753,732,529,550
9684,"0135",1512,1028,1317,484,195
9685,"0131",1081,814,807,267,274
9685,"0135",1707,988,1248,719,459
9686,"0131",1176,728,728,448,448
9686,"0135",512,374,471,138,41
9687,"0131",1780,988,1024,792,756
9687,"0135",778,671,811,107,-33
9688,"0131",1560,1377,1348,183,212
9688,"0135",1843,755,1006,1088,837
9689,"0131",939,888,941,51,-2
9689,"0135",1577,664,805,913,772
9690,"0131",1296,1064,1089,232,207
9690,"0135",1246,494,675,752,571
9691,"0131",915,921,934,-6,-19
9691,"0135",1347,453,627,894,720
9692,"0131",666,671,715,-5,-49
9692,"0135",1000,383,424,617,576
9693,"0131",1372,759,774,613,598
9693,"0135",540,389,468,151,72
9694,"0131",999,711,721,288,278
9694,"0135",897,421,512,476,385
9695,"0131",864,604,577,260,287
9695,"0135",661,326,406,335,255
9696,"0131",395,447,443,-52,-48
9696,"0135",684,212,282,472,402
9697,"0131",693,386,416,307,277
9697,"0135",420,239,305,181,115
9698,"0131",1268,759,802,509,466
9698,"0135",976,567,697,409,279
9699,"0131",619,477,456,142,163
9699,"0135",485,233,286,252,199
9700,"0131",587,633,620,-46,-33
9700,"0135",772,287,345,485,427
9701,"0131",474,549,538,-75,-64
9701,"0135",831,285,320,546,511
9702,"0131",629,505,565,124,64
9702,"0135",634,234,279,400,355
9703,"0131",1750,1528,1627,222,123
9703,"0135",1393,562,661,831,732
9704,"0131",483,362,368,121,115
9704,"0135",307,189,243,118,64
9705,"0131",338,371,379,-33,-41
9705,"0135",475,182,258,293,217
9706,"0131",556,484,494,72,62
9706,"0135",442,201,237,241,205
9707,"0131",1741,798,831,943,910
9707,"0135",1307,1126,1304,181,3
9708,"0131",1215,784,864,431,351
9708,"0135",2094,1314,1484,780,610
9709,"0131",1087,538,540,549,547
9709,"0135",864,669,821,195,43
9710,"0131",1485,657,641,828,844
9710,"0135",662,690,785,-28,-123
9711,"0131",393,386,405,7,-12
9711,"0135",869,377,435,492,434
9712,"0131",1025,420,442,605,583
9712,"0135",599,532,595,67,4
9713,"0131",651,342,341,309,310
9713,"0135",654,431,510,223,144
9714,"0131",735,219,214,516,521
9714,"0135",54,253,322,-199,-268
9715,"0131",821,579,549,242,272
9715,"0135",1395,754,955,641,440
9716,"0131",1095,637,635,458,460
9716,"0135",1442,852,1049,590,393
9717,"0131",1203,503,509,700,694
9717,"0135",1060,783,973,277,87
9718,"0131",305,242,233,63,72
9718,"0135",515,242,304,273,211
9719,"0131",849,370,409,479,440
9719,"0135",517,407,507,110,10
9720,"0131",570,304,316,266,254
9720,"0135",394,269,368,125,26
9721,"0131",403,239,238,164,165
9721,"0135",329,220,249,109,80
9722,"0131",1796,840,828,956,968
9722,"0135",1335,1111,1401,224,-66
9723,"0131",1154,642,669,512,485
9723,"0135",1378,947,1192,431,186
9724,"0131",919,496,502,423,417
9724,"0135",1060,675,960,385,100
9725,"0131",1369,778,780,591,589
9725,"0135",1459,969,1239,490,220
9726,"0131",1894,708,694,1186,1200
9726,"0135",926,1078,1350,-152,-424
9727,"0131",1923,651,752,1272,1171
9727,"0135",857,1032,1217,-175,-360
9728,"0131",1460,572,563,888,897
9728,"0135",793,805,1039,-12,-246
9729,"0131",1397,767,772,630,625
9729,"0135",1409,987,1267,422,142
9730,"0131",599,606,663,-7,-64
9730,"0135",1160,508,545,652,615
9731,"0131",327,370,391,-43,-64
9731,"0135",681,267,317,414,364
9732,"0131",541,356,345,185,196
9732,"0135",774,510,612,264,162
9733,"0131",759,506,500,253,259
9733,"0135",875,580,574,295,301
9734,"0131",636,277,295,359,341
9734,"0135",152,253,264,-101,-112
9735,"0131",430,81,153,349,277
9735,"0135",76,184,185,-108,-109
9736,"0131",694,472,536,222,158
9736,"0135",734,461,531,273,203
9737,"0131",638,409,400,229,238
9737,"0135",521,378,419,143,102
9738,"0131",475,487,495,-12,-20
9738,"0135",682,383,355,299,327
9739,"0131",696,574,578,122,118
9739,"0135",919,535,530,384,389
9740,"0131",453,473,558,-20,-105
9740,"0135",1186,568,585,618,601
9741,"0131",1122,1196,1116,-74,6
9741,"0135",2026,902,1254,1124,772
9742,"0131",1804,1031,1059,773,745
9742,"0135",1607,1149,1557,458,50
9743,"0131",1111,881,832,230,279
9743,"0135",1438,861,1146,577,292
9744,"0131",1673,845,804,828,869
9744,"0135",906,930,1141,-24,-235
9745,"0131",689,399,403,290,286
9745,"0135",425,313,435,112,-10
9746,"0131",2030,1255,1212,775,818
9746,"0135",1405,1062,1399,343,6
9747,"0131",1478,832,926,646,552
9747,"0135",1076,833,1030,243,46
9748,"0131",991,1012,952,-21,39
9748,"0135",1843,931,1176,912,667
9749,"0131",237,480,460,-243,-223
9749,"0135",817,252,348,565,469
9750,"0131",959,475,715,484,244
9750,"0135",624,438,522,186,102
9751,"0131",970,970,832,0,138
9751,"0135",985,496,595,489,390
9752,"0131",694,1167,983,-473,-289
9752,"0135",1714,597,761,1117,953
9753,"0131",78,39,42,39,36
9753,"0135",19,31,40,-12,-21
9754,"0131",640,583,573,57,67
9754,"0135",427,216,271,211,156
9755,"0131",233,128,110,105,123
9755,"0135",10,56,80,-46,-70
9756,"0131",191,353,317,-162,-126
9756,"0135",540,157,227,383,313
9757,"0131",277,123,108,154,169
9757,"0135",149,131,178,18,-29
9758,"0131",1249,654,812,595,437
9758,"0135",1138,585,736,553,402
9759,"0131",760,737,775,23,-15
9759,"0135",1680,731,832,949,848
9760,"0131",107,71,85,36,22
9760,"0135",118,72,68,46,50
9761,"0131",1034,391,423,643,611
9761,"0135",330,363,461,-33,-131
9762,"0131",905,439,545,466,360
9762,"0135",697,509,491,188,206
9763,"0131",929,374,545,555,384
9763,"0135",1020,458,761,562,259
9764,"0131",1393,807,837,586,556
9764,"0135",1655,1004,1217,651,438
9765,"0131",1744,758,846,986,898
9765,"0135",1335,837,1214,498,121
9766,"0131",1078,607,588,471,490
9766,"0135",860,586,769,274,91
9767,"0131",1161,734,741,427,420
9767,"0135",1274,765,901,509,373
9768,"0131",983,1268,1142,-285,-159
9768,"0135",1653,730,899,923,754
9769,"0131",37,21,20,16,17
9769,"0135",22,15,22,7,0
9770,"0131",76,151,139,-75,-63
9770,"0135",182,37,50,145,132
9771,"0131",973,702,819,271,154
9771,"0135",651,329,364,322,287
9772,"0131",728,913,793,-185,-65
9772,"0135",1246,579,710,667,536
9773,"0131",1069,871,752,198,317
9773,"0135",837,515,674,322,163
9774,"0131",6,0,3,6,3
9774,"0135",2,5,5,-3,-3
9775,"0131",497,825,744,-328,-247
9775,"0135",1116,437,536,679,580
9776,"0131",460,403,483,57,-23
9776,"0135",598,257,381,341,217
9777,"0131",1068,735,776,333,292
9777,"0135",938,825,909,113,29
9778,"0131",847,789,819,58,28
9778,"0135",1137,774,863,363,274
9779,"0131",1064,561,778,503,286
9779,"0135",927,842,890,85,37
9780,"0131",260,245,273,15,-13
9780,"0135",381,265,273,116,108
9781,"0131",21,15,32,6,-11
9781,"0135",127,77,88,50,39
9782,"0131",179,174,185,5,-6
9782,"0135",210,107,130,103,80
9783,"0131",1553,826,755,727,798
9783,"0135",946,955,1059,-9,-113
9784,"0131",1263,759,679,504,584
9784,"0135",1141,957,1064,184,77
9785,"0131",1749,852,832,897,917
9785,"0135",978,1057,1086,-79,-108
9786,"0131",1527,829,805,698,722
9786,"0135",929,960,978,-31,-49
9787,"0131",1125,640,592,485,533
9787,"0135",788,723,799,65,-11
9788,"0131",871,517,498,354,373
9788,"0135",776,658,692,118,84
9789,"0131",877,917,833,-40,44
9789,"0135",1275,728,662,547,613
9790,"0131",896,713,719,183,177
9790,"0135",940,566,490,374,450
9791,"0131",1310,950,901,360,409
9791,"0135",1133,744,743,389,390
9792,"0131",1087,993,930,94,157
9792,"0135",1358,726,710,632,648
9793,"0131",1277,941,917,336,360
9793,"0135",955,586,627,369,328
9794,"0131",1615,994,924,621,691
9794,"0135",1044,871,846,173,198
9795,"0131",817,838,987,-21,-170
9795,"0135",1906,759,971,1147,935
9796,"0131",1769,862,801,907,968
9796,"0135",679,814,873,-135,-194
9797,"0131",936,776,763,160,173
9797,"0135",1253,695,762,558,491
9798,"0131",1300,780,820,520,480
9798,"0135",865,557,680,308,185
9799,"0131",1840,1159,1062,681,778
9799,"0135",1130,968,982,162,148
9800,"0131",748,920,979,-172,-231
9800,"0135",1698,710,696,988,1002
9801,"0131",1200,547,665,653,535
9801,"0135",761,728,765,33,-4
9802,"0131",1436,830,818,606,618
9802,"0135",1292,1113,1155,179,137
9803,"0131",1231,766,743,465,488
9803,"0135",1233,1051,1098,182,135
9804,"0131",963,560,561,403,402
9804,"0135",1011,829,881,182,130
9805,"0131",1427,827,796,600,631
9805,"0135",1065,909,1013,156,52
9806,"0131",1231,935,905,296,326
9806,"0135",1857,1260,1300,597,557
9807,"0131",1557,1043,948,514,609
9807,"0135",1196,966,1002,230,194
9808,"0131",1073,716,683,357,390
9808,"0135",1111,850,920,261,191
9809,"0131",1474,845,829,629,645
9809,"0135",1295,1073,1212,222,83
9810,"0131",1347,870,873,477,474
9810,"0135",1182,959,1011,223,171
9811,"0131",975,926,830,49,145
9811,"0135",669,337,329,332,340
9812,"0131",866,791,765,75,101
9812,"0135",793,397,360,396,433
9813,"0131",748,636,587,112,161
9813,"0135",634,328,334,306,300
9814,"0131",800,814,743,-14,57
9814,"0135",850,416,359,434,491
9815,"0131",417,429,437,-12,-20
9815,"0135",643,309,314,334,329
9816,"0131",505,359,331,146,174
9816,"0135",297,245,218,52,79
9817,"0131",733,621,606,112,127
9817,"0135",672,428,426,244,246
9818,"0131",546,524,509,22,37
9818,"0135",843,490,503,353,340
9819,"0131",829,663,682,166,147
9819,"0135",818,538,511,280,307
9820,"0131",1765,1077,1074,688,691
9820,"0135",734,743,765,-9,-31
9821,"0131",852,689,745,163,107
9821,"0135",777,420,426,357,351
9822,"0131",766,700,637,66,129
9822,"0135",628,325,341,303,287
9823,"0131",946,667,634,279,312
9823,"0135",409,326,356,83,53
9824,"0131",757,1148,1145,-391,-388
9824,"0135",1475,465,467,1010,1008
9825,"0131",821,919,945,-98,-124
9825,"0135",1116,506,416,610,700
9826,"0131",1173,1155,1104,18,69
9826,"0135",1042,526,481,516,561
9827,"0131",558,896,922,-338,-364
9827,"0135",1233,369,342,864,891
9828,"0131",104,407,426,-303,-322
9828,"0135",671,152,134,519,537
9829,"0131",4,140,128,-136,-124
9829,"0135",245,69,68,176,177
9830,"0131",660,471,425,189,235
9830,"0135",292,208,232,84,60
9831,"0131",1512,1390,1346,122,166
9831,"0135",740,334,366,406,374
9832,"0131",715,714,690,1,25
9832,"0135",568,264,266,304,302
9833,"0131",331,587,567,-256,-236
9833,"0135",735,242,203,493,532
9834,"0131",436,533,541,-97,-105
9834,"0135",613,282,215,331,398
9835,"0131",562,387,384,175,178
9835,"0135",214,233,176,-19,38
9836,"0131",235,405,290,-170,-55
9836,"0135",294,181,111,113,183
9837,"0131",331,641,649,-310,-318
9837,"0135",792,291,202,501,590
9838,"0131",209,267,284,-58,-75
9838,"0135",195,72,60,123,135
9839,"0131",258,481,522,-223,-264
9839,"0135",798,271,265,527,533
9840,"0131",681,861,1001,-180,-320
9840,"0135",1478,617,604,861,874
9841,"0131",1152,978,935,174,217
9841,"0135",1025,687,667,338,358
9842,"0131",670,602,574,68,96
9842,"0135",673,430,374,243,299
9843,"0131",346,408,409,-62,-63
9843,"0135",477,205,212,272,265
9844,"0131",24,25,26,-1,-2
9844,"0135",17,6,8,11,9
9845,"0131",83,139,149,-56,-66
9845,"0135",188,58,58,130,130
9846,"0131",1071,893,941,178,130
9846,"0135",1398,824,818,574,580
9847,"0131",521,521,589,0,-68
9847,"0135",1102,524,548,578,554
9848,"0131",1121,695,764,426,357
9848,"0135",992,684,723,308,269
9849,"0131",1371,813,887,558,484
9849,"0135",1049,784,830,265,219
9850,"0131",1219,966,1030,253,189
9850,"0135",1449,867,833,582,616
9851,"0131",941,735,826,206,115
9851,"0135",1439,823,827,616,612
9852,"0131",1156,734,790,422,366
9852,"0135",972,636,683,336,289
9853,"0131",189,196,207,-7,-18
9853,"0135",207,78,133,129,74
9854,"0131",6,32,37,-26,-31
9854,"0135",88,58,44,30,44
9855,"0131",160,161,171,-1,-11
9855,"0135",172,104,97,68,75
9856,"0131",19,58,74,-39,-55
9856,"0135",156,74,75,82,81
9857,"0131",4,11,14,-7,-10
9857,"0135",24,7,9,17,15
9858,"0131",1797,1074,1128,723,669
9858,"0135",1241,1014,1098,227,143
9859,"0131",1497,1020,1065,477,432
9859,"0135",1228,997,962,231,266
9860,"0131",1401,901,930,500,471
9860,"0135",1058,929,917,129,141
9861,"0131",1687,899,898,788,789
9861,"0135",1065,985,1091,80,-26
9862,"0131",949,725,741,224,208
9862,"0135",993,713,712,280,281
9863,"0131",1268,655,669,613,599
9863,"0135",629,689,713,-60,-84
9864,"0131",1208,817,829,391,379
9864,"0135",988,752,833,236,155
9865,"0131",1197,734,738,463,459
9865,"0135",698,621,640,77,58
9866,"0131",766,701,762,65,4
9866,"0135",884,468,473,416,411
9867,"0131",688,437,472,251,216
9867,"0135",420,330,335,90,85
9868,"0131",805,548,565,257,240
9868,"0135",566,408,410,158,156
9869,"0131",765,437,608,328,157
9869,"0135",609,406,404,203,205
9870,"0131",349,338,484,11,-135
9870,"0135",694,297,258,397,436
9871,"0131",835,732,752,103,83
9871,"0135",727,429,377,298,350
9872,"0131",141,204,207,-63,-66
9872,"0135",331,126,133,205,198
9873,"0131",381,306,313,75,68
9873,"0135",347,210,206,137,141
9874,"0131",566,311,328,255,238
9874,"0135",136,228,175,-92,-39
9875,"0131",259,239,256,20,3
9875,"0135",217,100,95,117,122
9876,"0131",4,4,4,0,0
9876,"0135",6,3,3,3,3
9877,"0131",12,12,15,0,-3
9877,"0135",13,4,1,9,12
9878,"0131",5,8,9,-3,-4
9878,"0135",12,1,1,11,11
9879,"0131",1063,465,490,598,573
9879,"0135",886,967,1115,-81,-229
9880,"0131",986,447,463,539,523
9880,"0135",748,819,920,-71,-172
9881,"0131",1029,422,444,607,585
9881,"0135",685,837,954,-152,-269
9882,"0131",648,368,380,280,268
9882,"0135",870,724,841,146,29
9883,"0131",584,380,429,204,155
9883,"0135",1106,846,966,260,140
9884,"0131",756,305,347,451,409
9884,"0135",565,677,724,-112,-159
9885,"0131",1815,990,1225,825,590
9885,"0135",1209,866,1073,343,136
9886,"0131",1063,643,745,420,318
9886,"0135",789,583,669,206,120
9887,"0131",935,565,710,370,225
9887,"0135",852,600,647,252,205
9888,"0131",732,651,707,81,25
9888,"0135",1082,600,651,482,431
9889,"0131",952,636,697,316,255
9889,"0135",825,597,673,228,152
9890,"0131",508,338,415,170,93
9890,"0135",527,324,380,203,147
9891,"0131",1046,576,648,470,398
9891,"0135",687,589,631,98,56
9892,"0131",1819,849,870,970,949
9892,"0135",808,957,995,-149,-187
9893,"0131",1543,896,920,647,623
9893,"0135",1152,862,1039,290,113
9894,"0131",928,766,825,162,103
9894,"0135",1560,995,1018,565,542
9895,"0131",670,521,518,149,152
9895,"0135",910,539,614,371,296
9896,"0131",726,503,520,223,206
9896,"0135",885,573,642,312,243
9897,"0131",378,495,524,-117,-146
9897,"0135",1233,595,666,638,567
9898,"0131",800,342,351,458,449
9898,"0135",343,431,457,-88,-114
9899,"0131",1422,960,1053,462,369
9899,"0135",1074,644,682,430,392
9900,"0131",1590,1028,1099,562,491
9900,"0135",1234,694,775,540,459
9901,"0131",1270,866,895,404,375
9901,"0135",1009,646,658,363,351
9902,"0131",973,819,873,154,100
9902,"0135",1275,569,686,706,589
9903,"0131",1053,897,940,156,113
9903,"0135",1469,651,704,818,765
9904,"0131",1125,844,861,281,264
9904,"0135",1115,561,645,554,470
9905,"0131",940,635,648,305,292
9905,"0135",778,457,521,321,257
9906,"0131",1347,924,1030,423,317
9906,"0135",1086,637,652,449,434
9907,"0131",1517,919,1114,598,403
9907,"0135",1136,668,774,468,362
9908,"0131",983,719,823,264,160
9908,"0135",930,533,545,397,385
9909,"0131",1167,679,732,488,435
9909,"0135",757,555,645,202,112
9910,"0131",1916,1227,1363,689,553
9910,"0135",1379,868,973,511,406
9911,"0131",855,948,1067,-93,-212
9911,"0135",1583,651,715,932,868
9912,"0131",1058,955,1027,103,31
9912,"0135",1339,631,701,708,638
9913,"0131",1027,663,736,364,291
9913,"0135",597,434,410,163,187
9914,"0131",960,725,785,235,175
9914,"0135",925,483,552,442,373
9915,"0131",852,860,891,-8,-39
9915,"0135",1304,587,623,717,681
9916,"0131",1638,992,1048,646,590
9916,"0135",1415,961,1055,454,360
9917,"0131",1418,1095,1217,323,201
9917,"0135",1564,825,880,739,684
9918,"0131",1354,915,974,439,380
9918,"0135",1055,661,729,394,326
9919,"0131",735,580,583,155,152
9919,"0135",806,444,524,362,282
9920,"0131",897,598,651,299,246
9920,"0135",707,448,469,259,238
9921,"0131",600,635,720,-35,-120
9921,"0135",1060,442,513,618,547
9922,"0131",1168,807,888,361,280
9922,"0135",1017,746,659,271,358
9923,"0131",399,538,539,-139,-140
9923,"0135",970,346,381,624,589
9924,"0131",1130,907,1087,223,43
9924,"0135",1558,669,745,889,813
9925,"0131",988,603,626,385,362
9925,"0135",655,445,495,210,160
9926,"0131",886,511,716,375,170
9926,"0135",729,328,434,401,295
9927,"0131",674,575,620,99,54
9927,"0135",911,459,509,452,402
9928,"0131",1117,800,891,317,226
9928,"0135",974,507,540,467,434
9929,"0131",756,476,485,280,271
9929,"0135",680,459,539,221,141
9930,"0131",1282,840,882,442,400
9930,"0135",333,267,307,66,26
9931,"0131",1269,1167,1301,102,-32
9931,"0135",1150,495,496,655,654
9932,"0131",1049,1031,1036,18,13
9932,"0135",956,405,448,551,508
9933,"0131",722,1146,1341,-424,-619
9933,"0135",1735,441,505,1294,1230
9934,"0131",1510,1139,1319,371,191
9934,"0135",922,487,500,435,422
9935,"0131",854,843,955,11,-101
9935,"0135",1054,390,435,664,619
9936,"0131",1555,1216,1382,339,173
9936,"0135",1179,558,574,621,605
9937,"0131",899,1056,1140,-157,-241
9937,"0135",1256,490,479,766,777
9938,"0131",817,631,842,186,-25
9938,"0135",737,266,302,471,435
9939,"0131",1354,1119,1306,235,48
9939,"0135",986,458,480,528,506
9940,"0131",1096,876,993,220,103
9940,"0135",811,399,381,412,430
9941,"0131",1280,1251,1333,29,-53
9941,"0135",1022,497,431,525,591
9942,"0131",1505,764,838,741,667
9942,"0135",812,784,841,28,-29
9943,"0131",865,639,687,226,178
9943,"0135",951,626,672,325,279
9944,"0131",1019,770,811,249,208
9944,"0135",1317,817,939,500,378
9945,"0131",665,659,694,6,-29
9945,"0135",1121,586,712,535,409
9946,"0131",1281,772,817,509,464
9946,"0135",995,768,866,227,129
9947,"0131",982,508,540,474,442
9947,"0135",563,568,616,-5,-53
9948,"0131",853,458,504,395,349
9948,"0135",654,535,592,119,62
9949,"0131",963,888,1038,75,-75
9949,"0135",917,373,371,544,546
9950,"0131",768,1026,1117,-258,-349
9950,"0135",1331,420,409,911,922
9951,"0131",935,778,1020,157,-85
9951,"0135",908,374,351,534,557
9952,"0131",892,816,946,76,-54
9952,"0135",908,410,381,498,527
9953,"0131",1450,1239,1324,211,126
9953,"0135",1391,650,750,741,641
9954,"0131",1324,996,1101,328,223
9954,"0135",1175,654,717,521,458
9955,"0131",1186,1022,1297,164,-111
9955,"0135",1652,690,777,962,875
9956,"0131",1455,1316,1454,139,1
9956,"0135",1850,880,929,970,921
9957,"0131",1461,1116,1266,345,195
9957,"0135",1319,687,802,632,517
9958,"0131",1593,1070,1156,523,437
9958,"0135",792,602,605,190,187
9959,"0131",1221,805,902,416,319
9959,"0135",759,530,515,229,244
9960,"0131",771,1015,1149,-244,-378
9960,"0135",1393,436,507,957,886
9961,"0131",1686,1461,1612,225,74
9961,"0135",1354,570,695,784,659
9962,"0131",811,928,1002,-117,-191
9962,"0135",1094,384,413,710,681
9963,"0131",404,552,633,-148,-229
9963,"0135",699,228,272,471,427
9964,"0131",919,1393,1394,-474,-475
9964,"0135",1539,512,510,1027,1029
9965,"0131",1171,1204,1327,-33,-156
9965,"0135",1261,497,551,764,710
9966,"0131",715,1010,1085,-295,-370
9966,"0135",1199,385,379,814,820
9967,"0131",890,1045,1217,-155,-327
9967,"0135",998,280,305,718,693
9968,"0131",874,1137,1398,-263,-524
9968,"0135",1333,321,319,1012,1014
9969,"0131",1036,1538,1846,-502,-810
9969,"0135",1692,462,411,1230,1281
9970,"0131",1262,1550,1701,-288,-439
9970,"0135",1371,421,446,950,925
9971,"0131",660,726,851,-66,-191
9971,"0135",709,213,222,496,487
9972,"0131",1016,1243,1572,-227,-556
9972,"0135",1488,393,432,1095,1056
9973,"0131",827,1235,1331,-408,-504
9973,"0135",1272,337,320,935,952
9974,"0131",422,348,445,74,-23
9974,"0135",151,106,67,45,84
9975,"0131",1193,1219,1405,-26,-212
9975,"0135",1247,493,523,754,724
9976,"0131",862,1104,1282,-242,-420
9976,"0135",1316,452,463,864,853
9977,"0131",1259,899,1076,360,183
9977,"0135",633,407,415,226,218
9978,"0131",699,1057,1194,-358,-495
9978,"0135",1733,678,705,1055,1028
9979,"0131",809,1089,1276,-280,-467
9979,"0135",1381,483,485,898,896
9980,"0131",897,824,957,73,-60
9980,"0135",736,344,377,392,359
9981,"0131",707,806,958,-99,-251
9981,"0135",1192,509,539,683,653
9982,"0131",916,737,853,179,63
9982,"0135",864,503,523,361,341
9983,"0131",551,784,900,-233,-349
9983,"0135",895,254,265,641,630
9984,"0131",993,1446,1654,-453,-661
9984,"0135",1215,357,304,858,911
9985,"0131",1184,1298,1507,-114,-323
9985,"0135",756,272,220,484,536
9986,"0131",981,1307,1553,-326,-572
9986,"0135",1299,404,349,895,950
9987,"0131",150,101,136,49,14
9987,"0135",31,30,16,1,15
9988,"0131",455,661,752,-206,-297
9988,"0135",449,146,102,303,347
9989,"0131",1472,1250,1625,222,-153
9989,"0135",841,433,375,408,466
9990,"0131",557,791,842,-234,-285
9990,"0135",721,277,243,444,478
9991,"0131",1180,970,1280,210,-100
9991,"0135",793,378,328,415,465
9992,"0131",1379,1161,1447,218,-68
9992,"0135",859,401,403,458,456
9993,"0131",994,1091,1204,-97,-210
9993,"0135",925,354,369,571,556
9994,"0131",1091,1035,1350,56,-259
9994,"0135",1042,455,417,587,625
9995,"0131",405,592,664,-187,-259
9995,"0135",370,70,48,300,322
9996,"0131",749,825,1012,-76,-263
9996,"0135",540,154,151,386,389
9997,"0131",801,1217,1431,-416,-630
9997,"0135",884,140,183,744,701
9998,"0131",233,647,724,-414,-491
9998,"0135",555,39,38,516,517
9999,"0131",456,541,558,-85,-102
9999,"0135",158,30,28,128,130
10000,"0131",1078,1201,1306,-123,-228
10000,"0135",1165,565,609,600,556
10001,"0131",833,1051,1182,-218,-349
10001,"0135",1140,425,490,715,650
10002,"0131",1087,1098,1195,-11,-108
10002,"0135",902,407,458,495,444
10003,"0131",1221,997,1128,224,93
10003,"0135",1012,634,675,378,337
10004,"0131",999,1136,1179,-137,-180
10004,"0135",1208,629,620,579,588
10005,"0131",1342,1171,1260,171,82
10005,"0135",900,517,561,383,339
10006,"0131",1022,703,782,319,240
10006,"0135",378,380,356,-2,22
10007,"0131",866,980,1061,-114,-195
10007,"0135",1047,517,478,530,569
10008,"0131",850,793,842,57,8
10008,"0135",900,541,597,359,303
10009,"0131",504,987,979,-483,-475
10009,"0135",825,148,189,677,636
10010,"0131",1278,1598,1697,-320,-419
10010,"0135",926,298,307,628,619
10011,"0131",593,1077,1176,-484,-583
10011,"0135",969,223,250,746,719
10012,"0131",914,711,1076,203,-162
10012,"0135",372,246,163,126,209
10013,"0131",1430,1665,1806,-235,-376
10013,"0135",626,158,138,468,488
10014,"0131",752,996,1138,-244,-386
10014,"0135",592,151,107,441,485
10015,"0131",246,442,477,-196,-231
10015,"0135",398,110,113,288,285
10016,"0131",888,1004,1093,-116,-205
10016,"0135",276,46,46,230,230
10017,"0131",848,923,938,-75,-90
10017,"0135",769,341,518,428,251
10018,"0131",908,871,909,37,-1
10018,"0135",719,384,531,335,188
10019,"0131",578,727,775,-149,-197
10019,"0135",657,232,373,425,284
10020,"0131",41,115,116,-74,-75
10020,"0135",123,21,38,102,85
10021,"0131",514,645,701,-131,-187
10021,"0135",337,84,90,253,247
10022,"0131",1003,1356,1633,-353,-630
10022,"0135",1231,404,395,827,836
10023,"0131",1006,1203,1434,-197,-428
10023,"0135",919,306,305,613,614
10024,"0131",1057,1179,1408,-122,-351
10024,"0135",860,397,319,463,541
10025,"0131",1064,1084,1274,-20,-210
10025,"0135",770,373,367,397,403
10026,"0131",1474,1522,1727,-48,-253
10026,"0135",510,151,163,359,347
10027,"0131",527,1095,1158,-568,-631
10027,"0135",804,101,123,703,681
10028,"0131",627,822,799,-195,-172
10028,"0135",496,120,244,376,252
10029,"0131",19,214,220,-195,-201
10029,"0135",263,14,46,249,217
10030,"0131",791,1184,1443,-393,-652
10030,"0135",1155,345,316,810,839
10031,"0131",1160,1264,1435,-104,-275
10031,"0135",766,288,313,478,453
10032,"0131",714,1064,1354,-350,-640
10032,"0135",1054,281,256,773,798
10033,"0131",592,924,1134,-332,-542
10033,"0135",917,246,224,671,693
10034,"0131",1443,1672,1944,-229,-501
10034,"0135",891,251,279,640,612
10035,"0131",758,1363,1759,-605,-1001
10035,"0135",1495,338,345,1157,1150
10036,"0131",509,944,923,-435,-414
10036,"0135",688,231,211,457,477
10037,"0131",1185,1654,1663,-469,-478
10037,"0135",1085,236,442,849,643
10038,"0131",789,1151,1189,-362,-400
10038,"0135",789,200,282,589,507
10039,"0131",436,1187,1373,-751,-937
10039,"0135",1258,187,205,1071,1053
10040,"0131",781,854,1001,-73,-220
10040,"0135",321,74,65,247,256
10041,"0131",517,666,772,-149,-255
10041,"0135",359,65,64,294,295
10042,"0131",349,971,1097,-622,-748
10042,"0135",1309,346,351,963,958
10043,"0131",1292,1207,1475,85,-183
10043,"0135",1017,417,485,600,532
10044,"0131",873,1248,1460,-375,-587
10044,"0135",1358,427,479,931,879
10045,"0131",1002,992,1187,10,-185
10045,"0135",1218,632,727,586,491
10046,"0131",542,727,892,-185,-350
10046,"0135",864,325,334,539,530
10047,"0131",789,1202,1381,-413,-592
10047,"0135",1396,482,527,914,869
10048,"0131",800,701,815,99,-15
10048,"0135",599,371,409,228,190
10049,"0131",699,726,844,-27,-145
10049,"0135",714,337,370,377,344
10050,"0131",972,1359,1571,-387,-599
10050,"0135",1791,592,652,1199,1139
10051,"0131",1463,1232,1410,231,53
10051,"0135",1282,748,797,534,485
10052,"0131",1084,1106,1276,-22,-192
10052,"0135",1417,656,702,761,715
10053,"0131",1555,1131,1434,424,121
10053,"0135",702,396,465,306,237
10054,"0131",1264,1352,1595,-88,-331
10054,"0135",1521,652,681,869,840
10055,"0131",857,1157,1373,-300,-516
10055,"0135",1650,628,673,1022,977
10056,"0131",1162,966,1121,196,41
10056,"0135",1073,602,693,471,380
10057,"0131",1117,701,825,416,292
10057,"0135",1182,867,952,315,230
10058,"0131",1272,1347,1564,-75,-292
10058,"0135",1494,595,700,899,794
10059,"0131",849,921,1079,-72,-230
10059,"0135",1361,651,718,710,643
10060,"0131",1245,1031,1204,214,41
10060,"0135",994,575,641,419,353
10061,"0131",1164,1232,1416,-68,-252
10061,"0135",1571,725,792,846,779
10062,"0131",1374,1287,1373,87,1
10062,"0135",1303,669,768,634,535
10063,"0131",762,601,681,161,81
10063,"0135",581,370,384,211,197
10064,"0131",1107,1262,1364,-155,-257
10064,"0135",1587,786,834,801,753
10065,"0131",847,672,719,175,128
10065,"0135",802,530,589,272,213
10066,"0131",591,703,742,-112,-151
10066,"0135",431,126,184,305,247
10067,"0131",802,1075,1065,-273,-263
10067,"0135",654,191,263,463,391
10068,"0131",695,857,822,-162,-127
10068,"0135",451,145,229,306,222
10069,"0131",1161,1215,1433,-54,-272
10069,"0135",749,282,279,467,470
10070,"0131",718,1030,1183,-312,-465
10070,"0135",940,226,279,714,661
10071,"0131",954,998,1255,-44,-301
10071,"0135",760,259,272,501,488
10072,"0131",456,791,883,-335,-427
10072,"0135",798,206,221,592,577
10073,"0131",815,1349,1222,-534,-407
10073,"0135",680,188,151,492,529
10074,"0131",611,1150,1369,-539,-758
10074,"0135",1029,159,162,870,867
10075,"0131",780,908,1135,-128,-355
10075,"0135",543,127,101,416,442
10076,"0131",1711,2693,2813,-982,-1102
10076,"0135",1641,302,265,1339,1376
10077,"0131",1046,1003,1157,43,-111
10077,"0135",364,178,143,186,221
10078,"0131",287,864,1004,-577,-717
10078,"0135",975,157,133,818,842
10079,"0131",884,1022,1144,-138,-260
10079,"0135",828,329,371,499,457
10080,"0131",655,1085,1229,-430,-574
10080,"0135",1085,297,349,788,736
10081,"0131",902,1140,1326,-238,-424
10081,"0135",672,150,123,522,549
10082,"0131",880,964,1080,-84,-200
10082,"0135",1048,473,536,575,512
10083,"0131",706,800,917,-94,-211
10083,"0135",942,394,496,548,446
10084,"0131",935,842,858,93,77
10084,"0135",1021,626,764,395,257
10085,"0131",788,905,995,-117,-207
10085,"0135",1201,576,675,625,526
10086,"0131",1018,806,888,212,130
10086,"0135",640,407,511,233,129
10087,"0131",639,697,750,-58,-111
10087,"0135",1036,534,668,502,368
10088,"0131",552,515,563,37,-11
10088,"0135",631,376,438,255,193
10089,"0131",307,1230,1382,-923,-1075
10089,"0135",1307,132,111,1175,1196
10090,"0131",8,8,11,0,-3
10090,"0135",6,2,1,4,5
10091,"0131",1205,1161,1319,44,-114
10091,"0135",1043,531,661,512,382
10092,"0131",865,918,1062,-53,-197
10092,"0135",975,461,545,514,430
10093,"0131",943,1148,1377,-205,-434
10093,"0135",1283,563,614,720,669
10094,"0131",1410,1611,1901,-201,-491
10094,"0135",1099,388,452,711,647
10095,"0131",669,1586,1831,-917,-1162
10095,"0135",1809,361,484,1448,1325
10096,"0131",736,1065,1220,-329,-484
10096,"0135",1018,303,415,715,603
10097,"0131",755,762,867,-7,-112
10097,"0135",467,223,299,244,168
10098,"0131",506,1105,1230,-599,-724
10098,"0135",1144,213,194,931,950
10099,"0131",1097,1096,1259,1,-162
10099,"0135",565,203,191,362,374
10100,"0131",1067,1073,1216,-6,-149
10100,"0135",628,238,219,390,409
10101,"0131",788,1086,1246,-298,-458
10101,"0135",885,234,207,651,678
10102,"0131",532,732,805,-200,-273
10102,"0135",571,155,160,416,411
10103,"0131",598,1051,1497,-453,-899
10103,"0135",1041,127,78,914,963
10104,"0131",896,1079,1297,-183,-401
10104,"0135",761,210,208,551,553
10105,"0131",919,1148,1362,-229,-443
10105,"0135",764,186,179,578,585
10106,"0131",823,1115,1306,-292,-483
10106,"0135",878,211,233,667,645
10107,"0131",652,982,1172,-330,-520
10107,"0135",754,136,148,618,606
10108,"0131",795,972,1091,-177,-296
10108,"0135",653,209,206,444,447
10109,"0131",1333,1518,1638,-185,-305
10109,"0135",884,225,229,659,655
10110,"0131",1198,1344,1488,-146,-290
10110,"0135",967,249,322,718,645
10111,"0131",895,1450,1526,-555,-631
10111,"0135",1273,289,283,984,990
10112,"0131",1349,1261,1346,88,3
10112,"0135",635,294,296,341,339
10113,"0131",659,1520,1658,-861,-999
10113,"0135",1387,155,149,1232,1238
10114,"0131",1040,1520,1604,-480,-564
10114,"0135",1056,256,202,800,854
10115,"0131",1053,1316,1423,-263,-370
10115,"0135",701,169,156,532,545
10116,"0131",1360,2154,2396,-794,-1036
10116,"0135",1401,202,204,1199,1197
10117,"0131",1527,1773,2112,-246,-585
10117,"0135",998,253,272,745,726
10118,"0131",1287,1803,2051,-516,-764
10118,"0135",1206,351,342,855,864
10119,"0131",1045,1729,1815,-684,-770
10119,"0135",1290,421,430,869,860
10120,"0131",776,1268,1406,-492,-630
10120,"0135",991,253,294,738,697
10121,"0131",730,1132,1311,-402,-581
10121,"0135",734,98,93,636,641
10122,"0131",551,1074,1203,-523,-652
10122,"0135",761,61,82,700,679
10123,"0131",566,1094,1220,-528,-654
10123,"0135",746,51,57,695,689
10124,"0131",322,491,584,-169,-262
10124,"0135",320,31,55,289,265
10125,"0131",1293,1265,1163,28,130
10125,"0135",621,447,470,174,151
10126,"0131",947,1142,874,-195,73
10126,"0135",534,409,365,125,169
10127,"0131",884,1254,1317,-370,-433
10127,"0135",1330,439,601,891,729
10128,"0131",1196,1018,1043,178,153
10128,"0135",911,691,782,220,129
10129,"0131",997,1054,908,-57,89
10129,"0135",606,406,449,200,157
10130,"0131",810,1172,1086,-362,-276
10130,"0135",1125,537,564,588,561
10131,"0131",581,696,737,-115,-156
10131,"0135",904,427,544,477,360
10132,"0131",892,810,709,82,183
10132,"0135",334,223,430,111,-96
10133,"0131",306,489,521,-183,-215
10133,"0135",422,54,184,368,238
10134,"0131",601,964,986,-363,-385
10134,"0135",1079,327,505,752,574
10135,"0131",820,1103,1021,-283,-201
10135,"0135",840,356,430,484,410
10136,"0131",787,861,875,-74,-88
10136,"0135",693,265,414,428,279
10137,"0131",1289,1867,2192,-578,-903
10137,"0135",1635,434,433,1201,1202
10138,"0131",1431,1547,1777,-116,-346
10138,"0135",910,350,327,560,583
10139,"0131",1280,1682,1924,-402,-644
10139,"0135",1030,255,223,775,807
10140,"0131",1335,1737,2026,-402,-691
10140,"0135",1415,473,471,942,944
10141,"0131",1230,1661,1851,-431,-621
10141,"0135",1500,570,557,930,943
10142,"0131",845,1009,1208,-164,-363
10142,"0135",772,293,266,479,506
10143,"0131",476,681,820,-205,-344
10143,"0135",595,153,142,442,453
10144,"0131",1096,1187,1379,-91,-283
10144,"0135",775,344,316,431,459
10145,"0131",1227,1736,1901,-509,-674
10145,"0135",1155,349,282,806,873
10146,"0131",303,676,726,-373,-423
10146,"0135",747,201,203,546,544
10147,"0131",513,1230,1387,-717,-874
10147,"0135",1366,346,327,1020,1039
10148,"0131",804,1047,1148,-243,-344
10148,"0135",837,290,302,547,535
10149,"0131",844,1380,1625,-536,-781
10149,"0135",949,138,80,811,869
10150,"0131",1116,1397,1634,-281,-518
10150,"0135",716,173,99,543,617
10151,"0131",560,793,884,-233,-324
10151,"0135",456,95,79,361,377
10152,"0131",599,888,1002,-289,-403
10152,"0135",560,122,91,438,469
10153,"0131",19,27,33,-8,-14
10153,"0135",22,7,7,15,15
10154,"0131",438,901,1110,-463,-672
10154,"0135",708,55,17,653,691
10155,"0131",434,815,928,-381,-494
10155,"0135",544,34,32,510,512
10156,"0131",590,687,1039,-97,-449
10156,"0135",499,42,35,457,464
10157,"0131",789,1320,1501,-531,-712
10157,"0135",811,103,47,708,764
10158,"0131",515,927,1015,-412,-500
10158,"0135",572,84,41,488,531
10159,"0131",825,1585,1703,-760,-878
10159,"0135",1875,442,657,1433,1218
10160,"0131",949,1106,1207,-157,-258
10160,"0135",1258,497,631,761,627
10161,"0131",1051,1184,1389,-133,-338
10161,"0135",1144,434,505,710,639
10162,"0131",918,1009,1153,-91,-235
10162,"0135",985,402,496,583,489
10163,"0131",824,1210,1264,-386,-440
10163,"0135",1348,381,559,967,789
10164,"0131",1062,1032,1172,30,-110
10164,"0135",875,414,506,461,369
10165,"0131",1431,1201,1304,230,127
10165,"0135",1062,675,821,387,241
10166,"0131",1450,1410,1569,40,-119
10166,"0135",1247,596,736,651,511
10167,"0131",457,833,907,-376,-450
10167,"0135",1180,393,514,787,666
10168,"0131",1474,1087,1179,387,295
10168,"0135",412,386,439,26,-27
10169,"0131",1176,1001,1077,175,99
10169,"0135",745,460,584,285,161
10170,"0131",452,1200,1131,-748,-679
10170,"0135",1446,493,504,953,942
10171,"0131",1041,1053,1190,-12,-149
10171,"0135",1094,551,658,543,436
10172,"0131",1107,1148,1101,-41,6
10172,"0135",1019,573,691,446,328
10173,"0131",615,615,733,0,-118
10173,"0135",1040,522,678,518,362
10174,"0131",828,602,649,226,179
10174,"0135",856,582,748,274,108
10175,"0131",822,631,612,191,210
10175,"0135",598,582,564,16,34
10176,"0131",356,455,460,-99,-104
10176,"0135",854,435,566,419,288
10177,"0131",1071,1340,1516,-269,-445
10177,"0135",956,389,426,567,530
10178,"0131",940,1020,1158,-80,-218
10178,"0135",685,335,360,350,325
10179,"0131",421,606,673,-185,-252
10179,"0135",559,167,239,392,320
10180,"0131",273,547,537,-274,-264
10180,"0135",580,219,279,361,301
10181,"0131",429,1476,1699,-1047,-1270
10181,"0135",1505,154,159,1351,1346
10182,"0131",610,1333,1288,-723,-678
10182,"0135",1045,132,330,913,715
10183,"0131",867,1400,1298,-533,-431
10183,"0135",896,134,384,762,512
10184,"0131",659,1319,1640,-660,-981
10184,"0135",1291,259,213,1032,1078
10185,"0131",847,1192,1421,-345,-574
10185,"0135",802,160,157,642,645
10186,"0131",983,1332,1608,-349,-625
10186,"0135",944,217,230,727,714
10187,"0131",649,1113,1370,-464,-721
10187,"0135",1039,237,186,802,853
10188,"0131",512,1357,1617,-845,-1105
10188,"0135",1407,199,208,1208,1199
10189,"0131",807,1020,1249,-213,-442
10189,"0135",773,303,219,470,554
10190,"0131",628,1593,1906,-965,-1278
10190,"0135",1455,136,103,1319,1352
10191,"0131",266,472,579,-206,-313
10191,"0135",370,42,46,328,324
10192,"0131",335,512,625,-177,-290
10192,"0135",308,18,14,290,294
10193,"0131",970,1504,1840,-534,-870
10193,"0135",1561,334,300,1227,1261
10194,"0131",722,1150,1326,-428,-604
10194,"0135",1189,312,258,877,931
10195,"0131",995,1180,1388,-185,-393
10195,"0135",1019,336,335,683,684
10196,"0131",1220,1198,1459,22,-239
10196,"0135",774,307,270,467,504
10197,"0131",884,876,1009,8,-125
10197,"0135",573,286,242,287,331
10198,"0131",832,1162,1364,-330,-532
10198,"0135",1102,304,327,798,775
10199,"0131",818,931,1312,-113,-494
10199,"0135",1075,265,321,810,754
10200,"0131",1212,1121,1352,91,-140
10200,"0135",731,356,380,375,351
10201,"0131",685,1039,1177,-354,-492
10201,"0135",936,257,235,679,701
10202,"0131",644,703,781,-59,-137
10202,"0135",566,202,252,364,314
10203,"0131",1189,1506,1753,-317,-564
10203,"0135",1026,199,193,827,833
10204,"0131",587,1170,1235,-583,-648
10204,"0135",993,249,206,744,787
10205,"0131",749,768,915,-19,-166
10205,"0135",809,356,396,453,413
10206,"0131",963,769,928,194,35
10206,"0135",639,354,419,285,220
10207,"0131",640,1015,1119,-375,-479
10207,"0135",1441,507,615,934,826
10208,"0131",997,684,829,313,168
10208,"0135",528,401,454,127,74
10209,"0131",715,625,795,90,-80
10209,"0135",559,272,316,287,243
10210,"0131",522,1031,1221,-509,-699
10210,"0135",1566,504,521,1062,1045
10211,"0131",705,713,805,-8,-100
10211,"0135",811,401,453,410,358
10212,"0131",862,719,874,143,-12
10212,"0135",634,360,410,274,224
10213,"0131",1064,955,1122,109,-58
10213,"0135",1020,523,642,497,378
10214,"0131",1557,1280,1498,277,59
10214,"0135",1019,634,671,385,348
10215,"0131",1552,1240,1485,312,67
10215,"0135",1078,560,731,518,347
10216,"0131",705,639,786,66,-81
10216,"0135",590,296,335,294,255
10217,"0131",790,689,808,101,-18
10217,"0135",776,452,509,324,267
10218,"0131",920,672,808,248,112
10218,"0135",585,405,442,180,143
10219,"0131",514,596,680,-82,-166
10219,"0135",776,342,388,434,388
10220,"0131",865,1288,1718,-423,-853
10220,"0135",1234,276,271,958,963
10221,"0131",829,1123,1554,-294,-725
10221,"0135",967,191,168,776,799
10222,"0131",1427,1324,1763,103,-336
10222,"0135",692,212,267,480,425
10223,"0131",807,1180,1571,-373,-764
10223,"0135",1017,197,193,820,824
10224,"0131",738,1142,1747,-404,-1009
10224,"0135",1385,273,275,1112,1110
10225,"0131",1181,1678,2241,-497,-1060
10225,"0135",1270,184,127,1086,1143
10226,"0131",843,1489,1927,-646,-1084
10226,"0135",1316,156,129,1160,1187
10227,"0131",269,567,742,-298,-473
10227,"0135",573,84,60,489,513
10228,"0131",1092,1223,1514,-131,-422
10228,"0135",852,291,291,561,561
10229,"0131",886,1091,1379,-205,-493
10229,"0135",754,164,173,590,581
10230,"0131",1097,1208,1500,-111,-403
10230,"0135",875,282,321,593,554
10231,"0131",604,1044,1330,-440,-726
10231,"0135",1071,236,216,835,855
10232,"0131",817,1068,1275,-251,-458
10232,"0135",909,279,298,630,611
10233,"0131",1232,317,347,915,885
10233,"0135",376,709,850,-333,-474
10234,"0131",622,261,277,361,345
10234,"0135",708,606,704,102,4
10235,"0131",1043,497,514,546,529
10235,"0135",1407,1135,1320,272,87
10236,"0131",725,280,314,445,411
10236,"0135",641,466,700,175,-59
10237,"0131",1157,353,356,804,801
10237,"0135",472,720,848,-248,-376
10238,"0131",733,305,345,428,388
10238,"0135",903,735,889,168,14
10239,"0131",378,103,122,275,256
10239,"0135",184,220,252,-36,-68
10240,"0131",1073,417,456,656,617
10240,"0135",1326,1183,1380,143,-54
10241,"0131",1885,571,616,1314,1269
10241,"0135",979,1275,1507,-296,-528
10242,"0131",731,475,523,256,208
10242,"0135",1035,532,567,503,468
10243,"0131",557,492,505,65,52
10243,"0135",940,370,393,570,547
10244,"0131",1063,470,558,593,505
10244,"0135",1367,912,1180,455,187
10245,"0131",1334,540,593,794,741
10245,"0135",1071,937,1130,134,-59
10246,"0131",1276,507,561,769,715
10246,"0135",1247,1019,1184,228,63
10247,"0131",1609,584,641,1025,968
10247,"0135",1220,1141,1302,79,-82
10248,"0131",747,504,603,243,144
10248,"0135",600,209,266,391,334
10249,"0131",278,406,363,-128,-85
10249,"0135",572,164,154,408,418
10250,"0131",1597,977,1152,620,445
10250,"0135",1727,775,918,952,809
10251,"0131",1024,662,809,362,215
10251,"0135",1280,505,636,775,644
10252,"0131",1086,782,916,304,170
10252,"0135",1499,563,669,936,830
10253,"0131",1086,753,840,333,246
10253,"0135",1451,595,722,856,729
10254,"0131",1556,861,999,695,557
10254,"0135",1271,650,732,621,539
10255,"0131",1514,967,1173,547,341
10255,"0135",1647,651,797,996,850
10256,"0131",600,544,626,56,-26
10256,"0135",1081,377,442,704,639
10257,"0131",1549,796,960,753,589
10257,"0135",1309,687,796,622,513
10258,"0131",872,439,499,433,373
10258,"0135",571,301,371,270,200
10259,"0131",1305,582,664,723,641
10259,"0135",701,409,509,292,192
10260,"0131",1330,902,1042,428,288
10260,"0135",1501,581,704,920,797
10261,"0131",872,583,718,289,154
10261,"0135",1136,411,519,725,617
10262,"0131",1730,842,988,888,742
10262,"0135",1152,653,769,499,383
10263,"0131",991,617,709,374,282
10263,"0135",1000,429,502,571,498
10264,"0131",764,351,371,413,393
10264,"0135",909,619,722,290,187
10265,"0131",1249,618,810,631,439
10265,"0135",729,347,421,382,308
10266,"0131",1407,741,930,666,477
10266,"0135",881,408,513,473,368
10267,"0131",622,585,767,37,-145
10267,"0135",1368,331,473,1037,895
10268,"0131",865,693,824,172,41
10268,"0135",1083,298,421,785,662
10269,"0131",1023,611,757,412,266
10269,"0135",963,415,511,548,452
10270,"0131",1450,795,991,655,459
10270,"0135",1147,487,625,660,522
10271,"0131",500,513,549,-13,-49
10271,"0135",900,303,308,597,592
10272,"0131",1279,774,952,505,327
10272,"0135",1046,393,485,653,561
10273,"0131",954,747,879,207,75
10273,"0135",1331,419,526,912,805
10274,"0131",1686,786,1047,900,639
10274,"0135",883,472,575,411,308
10275,"0131",983,841,1018,142,-35
10275,"0135",1589,461,551,1128,1038
10276,"0131",1011,630,794,381,217
10276,"0135",969,341,419,628,550
10277,"0131",965,645,787,320,178
10277,"0135",1041,378,469,663,572
10278,"0131",666,640,551,26,115
10278,"0135",958,347,386,611,572
10279,"0131",1590,729,972,861,618
10279,"0135",972,478,541,494,431
10280,"0131",894,694,941,200,-47
10280,"0135",1697,436,602,1261,1095
10281,"0131",942,707,847,235,95
10281,"0135",1021,402,413,619,608
10282,"0131",1242,873,991,369,251
10282,"0135",1003,367,478,636,525
10283,"0131",1202,753,974,449,228
10283,"0135",1433,655,815,778,618
10284,"0131",1424,689,808,735,616
10284,"0135",1095,630,761,465,334
10285,"0131",1059,574,647,485,412
10285,"0135",897,473,580,424,317
10286,"0131",834,311,471,523,363
10286,"0135",564,257,378,307,186
10287,"0131",1056,520,699,536,357
10287,"0135",1148,484,633,664,515
10288,"0131",960,468,540,492,420
10288,"0135",604,438,477,166,127
10289,"0131",598,378,426,220,172
10289,"0135",740,383,416,357,324
10290,"0131",1145,618,718,527,427
10290,"0135",1076,553,672,523,404
10291,"0131",1590,723,850,867,740
10291,"0135",939,693,787,246,152
10292,"0131",1101,546,612,555,489
10292,"0135",749,475,531,274,218
10293,"0131",1612,1024,1130,588,482
10293,"0135",1756,822,1007,934,749
10294,"0131",753,409,457,344,296
10294,"0135",665,339,413,326,252
10295,"0131",800,673,718,127,82
10295,"0135",1425,538,701,887,724
10296,"0131",1022,681,778,341,244
10296,"0135",1725,851,1054,874,671
10297,"0131",1126,578,722,548,404
10297,"0135",1345,695,955,650,390
10298,"0131",1150,778,837,372,313
10298,"0135",1831,956,1132,875,699
10299,"0131",1258,543,598,715,660
10299,"0135",949,679,806,270,143
10300,"0131",1574,887,993,687,581
10300,"0135",1585,864,1022,721,563
10301,"0131",650,555,575,95,75
10301,"0135",1245,555,637,690,608
10302,"0131",725,521,564,204,161
10302,"0135",1211,644,760,567,451
10303,"0131",741,487,536,254,205
10303,"0135",1237,686,819,551,418
10304,"0131",1008,419,494,589,514
10304,"0135",627,547,685,80,-58
10305,"0131",1285,616,699,669,586
10305,"0135",1221,805,965,416,256
10306,"0131",2046,1195,1211,851,835
10306,"0135",769,454,487,315,282
10307,"0131",1218,961,1034,257,184
10307,"0135",1089,325,376,764,713
10308,"0131",680,921,951,-241,-271
10308,"0135",1561,395,410,1166,1151
10309,"0131",630,769,865,-139,-235
10309,"0135",1351,375,334,976,1017
10310,"0131",1223,1128,1110,95,113
10310,"0135",1300,399,410,901,890
10311,"0131",1176,1237,1262,-61,-86
10311,"0135",1626,397,439,1229,1187
10312,"0131",1136,1136,1110,0,26
10312,"0135",1385,375,442,1010,943
10313,"0131",1181,978,1053,203,128
10313,"0135",1060,294,326,766,734
10314,"0131",808,827,864,-19,-56
10314,"0135",1181,337,392,844,789
10315,"0131",864,746,815,118,49
10315,"0135",848,277,260,571,588
10316,"0131",43,37,43,6,0
10316,"0135",34,8,9,26,25
10317,"0131",82,47,64,35,18
10317,"0135",102,12,20,90,82
10318,"0131",1108,894,957,214,151
10318,"0135",1187,432,521,755,666
10319,"0131",795,645,706,150,89
10319,"0135",970,361,428,609,542
10320,"0131",714,768,824,-54,-110
10320,"0135",1293,409,490,884,803
10321,"0131",2033,1569,1667,464,366
10321,"0135",2322,926,1095,1396,1227
10322,"0131",1562,1024,1127,538,435
10322,"0135",1316,562,755,754,561
10323,"0131",991,1102,1206,-111,-215
10323,"0135",1908,572,693,1336,1215
10324,"0131",772,910,878,-138,-106
10324,"0135",1528,468,656,1060,872
10325,"0131",1001,839,913,162,88
10325,"0135",1296,504,625,792,671
10326,"0131",1159,715,795,444,364
10326,"0135",854,432,527,422,327
10327,"0131",69,157,183,-88,-114
10327,"0135",312,74,78,238,234
10328,"0131",1156,976,1061,180,95
10328,"0135",1430,496,708,934,722
10329,"0131",12,35,39,-23,-27
10329,"0135",92,28,37,64,55
10330,"0131",837,514,537,323,300
10330,"0135",779,360,395,419,384
10331,"0131",803,459,515,344,288
10331,"0135",541,246,273,295,268
10332,"0131",1502,1211,1277,291,225
10332,"0135",1920,662,650,1258,1270
10333,"0131",1922,1103,1178,819,744
10333,"0135",1503,596,771,907,732
10334,"0131",500,395,427,105,73
10334,"0135",642,225,222,417,420
10335,"0131",10,8,11,2,-1
10335,"0135",19,6,6,13,13
10336,"0131",1901,988,1156,913,745
10336,"0135",1313,724,819,589,494
10337,"0131",1426,860,982,566,444
10337,"0135",1211,575,668,636,543
10338,"0131",795,517,596,278,199
10338,"0135",957,409,481,548,476
10339,"0131",1453,833,1051,620,402
10339,"0135",1520,729,820,791,700
10340,"0131",735,627,723,108,12
10340,"0135",1303,444,550,859,753
10341,"0131",1637,952,1075,685,562
10341,"0135",1293,643,753,650,540
10342,"0131",1248,739,996,509,252
10342,"0135",1645,590,756,1055,889
10343,"0131",885,474,517,411,368
10343,"0135",547,288,372,259,175
10344,"0131",1093,859,1018,234,75
10344,"0135",1809,678,806,1131,1003
10345,"0131",750,554,535,196,215
10345,"0135",914,449,484,465,430
10346,"0131",1141,668,784,473,357
10346,"0135",831,363,430,468,401
10347,"0131",728,393,429,335,299
10347,"0135",349,220,190,129,159
10348,"0131",1183,585,643,598,540
10348,"0135",517,328,348,189,169
10349,"0131",834,460,534,374,300
10349,"0135",557,291,309,266,248
10350,"0131",621,347,377,274,244
10350,"0135",452,301,324,151,128
10351,"0131",50,82,104,-32,-54
10351,"0135",142,47,40,95,102
10352,"0131",624,318,408,306,216
10352,"0135",636,375,384,261,252
10353,"0131",470,285,291,185,179
10353,"0135",554,216,333,338,221
10354,"0131",7,3,3,4,4
10354,"0135",7,8,8,-1,-1
10355,"0131",943,699,764,244,179
10355,"0135",1330,498,633,832,697
10356,"0131",583,282,283,301,300
10356,"0135",261,231,271,30,-10
10357,"0131",1006,624,745,382,261
10357,"0135",971,448,523,523,448
10358,"0131",1415,907,1008,508,407
10358,"0135",1300,558,793,742,507
10359,"0131",1007,681,692,326,315
10359,"0135",1229,643,758,586,471
10360,"0131",795,416,419,379,376
10360,"0135",599,386,476,213,123
10361,"0131",776,361,379,415,397
10361,"0135",583,376,476,207,107
10362,"0131",393,519,565,-126,-172
10362,"0135",1265,359,483,906,782
10363,"0131",751,467,521,284,230
10363,"0135",908,440,515,468,393
10364,"0131",543,395,415,148,128
10364,"0135",843,358,442,485,401
10365,"0131",561,328,340,233,221
10365,"0135",558,319,409,239,149
10366,"0131",582,318,359,264,223
10366,"0135",503,313,349,190,154
10367,"0131",465,418,471,47,-6
10367,"0135",576,176,217,400,359
10368,"0131",575,264,358,311,217
10368,"0135",209,135,182,74,27
10369,"0131",173,79,134,94,39
10369,"0135",55,15,10,40,45
10371,"0131",31,23,59,8,-28
10371,"0135",52,11,12,41,40
10372,"0131",50,16,41,34,9
10372,"0135",8,3,3,5,5
10373,"0131",93,47,102,46,-9
10373,"0135",45,16,13,29,32
10374,"0131",47,152,164,-105,-117
10374,"0135",169,22,21,147,148
10375,"0131",34,167,197,-133,-163
10375,"0135",263,21,35,242,228
10376,"0131",57,45,94,12,-37
10376,"0135",108,9,18,99,90
10377,"0131",74,29,63,45,11
10377,"0135",40,14,21,26,19
10378,"0131",735,576,723,159,12
10378,"0135",818,266,294,552,524
10379,"0131",922,653,775,269,147
10379,"0135",643,223,274,420,369
10380,"0131",697,618,736,79,-39
10380,"0135",874,368,422,506,452
10381,"0131",1218,1087,1268,131,-50
10381,"0135",1485,513,609,972,876
10382,"0131",8,27,22,-19,-14
10382,"0135",75,10,10,65,65
10384,"0131",954,629,692,325,262
10384,"0135",800,313,373,487,427
10385,"0131",1285,779,912,506,373
10385,"0135",1841,593,719,1248,1122
10386,"0131",1028,673,728,355,300
10386,"0135",1549,501,617,1048,932
10387,"0131",1251,688,830,563,421
10387,"0135",1816,582,733,1234,1083
10388,"0131",1021,754,845,267,176
10388,"0135",2211,594,750,1617,1461
10389,"0131",20,22,25,-2,-5
10389,"0135",15,3,5,12,10
10390,"0131",39,44,67,-5,-28
10390,"0135",57,20,12,37,45
10391,"0131",29,2,28,27,1
10391,"0135",8,2,1,6,7
10392,"0131",494,324,442,170,52
10392,"0135",243,110,100,133,143
10394,"0131",1659,825,945,834,714
10394,"0135",707,407,545,300,162
10395,"0131",1922,1215,1392,707,530
10395,"0135",1482,611,722,871,760
10396,"0131",1201,736,876,465,325
10396,"0135",926,397,446,529,480
10398,"0131",84,60,82,24,2
10398,"0135",32,15,9,17,23
10400,"0131",71,38,69,33,2
10400,"0135",6,5,1,1,5
10401,"0131",44,49,72,-5,-28
10401,"0135",58,9,5,49,53
10402,"0131",11,371,398,-360,-387
10402,"0135",529,56,39,473,490
10403,"0131",3,11,16,-8,-13
10403,"0135",20,2,1,18,19
10404,"0131",19,11,14,8,5
10404,"0135",4,1,0,3,4
10405,"0131",146,133,150,13,-4
10405,"0135",62,7,12,55,50
10406,"0131",9,6,11,3,-2
10406,"0135",6,0,2,6,4
10407,"0131",16,37,32,-21,-16
10407,"0135",37,2,8,35,29
10408,"0131",112,114,59,-2,53
10408,"0135",47,21,28,26,19
10409,"0131",23,10,19,13,4
10409,"0135",2,2,1,0,1
10410,"0131",239,306,357,-67,-118
10410,"0135",502,81,101,421,401
10411,"0131",439,364,396,75,43
10411,"0135",506,152,142,354,364
10412,"0131",397,238,288,159,109
10412,"0135",160,78,97,82,63
10413,"0131",27,29,23,-2,4
10413,"0135",19,3,8,16,11
10414,"0131",35,16,31,19,4
10414,"0135",9,1,3,8,6
10415,"0131",243,315,316,-72,-73
10415,"0135",520,156,161,364,359
10416,"0131",23,111,108,-88,-85
10416,"0135",139,11,11,128,128
10417,"0131",39,124,142,-85,-103
10417,"0135",223,41,24,182,199
10419,"0131",188,98,261,90,-73
10419,"0135",151,16,24,135,127
10420,"0131",65,99,103,-34,-38
10420,"0135",129,27,31,102,98
10421,"0131",18,35,17,-17,1
10421,"0135",5,1,2,4,3
10422,"0131",100,141,168,-41,-68
10422,"0135",320,93,113,227,207
10423,"0131",68,53,61,15,7
10423,"0135",31,12,7,19,24
10424,"0131",18,7,15,11,3
10424,"0135",1,4,3,-3,-2
10425,"0131",11,21,15,-10,-4
10425,"0135",12,3,3,9,9
10426,"0131",9,18,36,-9,-27
10426,"0135",34,4,5,30,29
10427,"0131",133,195,351,-62,-218
10427,"0135",502,56,51,446,451
10429,"0131",0,2,6,-2,-6
10429,"0135",8,1,1,7,7
10430,"0131",561,469,526,92,35
10430,"0135",347,114,106,233,241
10431,"0131",6,2,3,4,3
10431,"0135",1,0,0,1,1
10432,"0131",5,5,3,0,2
10432,"0135",1,0,2,1,-1
10433,"0131",136,157,161,-21,-25
10433,"0135",488,173,210,315,278
10434,"0131",196,176,213,20,-17
10434,"0135",49,8,4,41,45
10435,"0131",118,81,242,37,-124
10435,"0135",175,14,14,161,161
10436,"0131",18,24,46,-6,-28
10436,"0135",37,2,2,35,35
10437,"0131",235,121,211,114,24
10437,"0135",45,16,24,29,21
10438,"0131",1216,617,813,599,403
10438,"0135",1391,520,608,871,783
10439,"0131",204,128,180,76,24
10439,"0135",335,87,115,248,220
10440,"0131",17,2,20,15,-3
10440,"0135",16,3,3,13,13
10441,"0131",12,7,10,5,2
10441,"0135",27,3,5,24,22
10442,"0131",39,54,79,-15,-40
10442,"0135",78,3,3,75,75
10443,"0131",11,4,8,7,3
10443,"0135",4,3,3,1,1
10444,"0131",31,23,28,8,3
10444,"0135",10,3,1,7,9
10445,"0131",552,306,413,246,139
10445,"0135",641,283,361,358,280
10446,"0131",222,306,390,-84,-168
10446,"0135",951,245,285,706,666
10447,"0131",195,169,233,26,-38
10447,"0135",533,126,200,407,333
10448,"0131",192,79,124,113,68
10448,"0135",115,80,94,35,21
10449,"0131",236,278,418,-42,-182
10449,"0135",335,44,61,291,274
10450,"0131",61,8,64,53,-3
10450,"0135",24,2,4,22,20
10451,"0131",3,4,12,-1,-9
10451,"0135",12,2,1,10,11
10452,"0131",0,4,5,-4,-5
10452,"0135",20,3,8,17,12
10453,"0131",42,39,50,3,-8
10453,"0135",26,6,3,20,23
10454,"0131",37,27,47,10,-10
10454,"0135",50,16,21,34,29
10455,"0131",646,415,505,231,141
10455,"0135",814,346,359,468,455
10456,"0131",714,442,512,272,202
10456,"0135",732,346,377,386,355
10457,"0131",111,38,71,73,40
10457,"0135",40,26,29,14,11
10458,"0131",33,2,23,31,10
10458,"0135",7,3,4,4,3
10459,"0131",6,7,12,-1,-6
10459,"0135",33,3,7,30,26
10460,"0131",0,13,0,-13,0
10460,"0135",0,1,0,-1,0
10461,"0131",229,336,390,-107,-161
10461,"0135",243,10,18,233,225
10462,"0131",506,356,391,150,115
10462,"0135",535,274,381,261,154
10463,"0131",14,129,108,-115,-94
10463,"0135",192,29,12,163,180
10464,"0131",6,21,41,-15,-35
10464,"0135",60,2,8,58,52
10465,"0131",42,12,41,30,1
10465,"0135",11,3,3,8,8
10466,"0131",0,15,22,-15,-22
10466,"0135",30,0,0,30,30
10467,"0131",92,35,67,57,25
10467,"0135",11,8,4,3,7
10468,"0131",331,293,340,38,-9
10468,"0135",250,92,72,158,178
10469,"0131",17,10,20,7,-3
10469,"0135",19,6,3,13,16
10472,"0131",14,29,31,-15,-17
10472,"0135",33,22,4,11,29
10473,"0131",51,29,38,22,13
10473,"0135",46,22,12,24,34
10474,"0131",870,588,683,282,187
10474,"0135",644,323,352,321,292
10475,"0131",472,358,435,114,37
10475,"0135",517,182,232,335,285
10476,"0131",3,155,166,-152,-163
10476,"0135",230,13,16,217,214
10477,"0131",5,51,46,-46,-41
10477,"0135",64,4,5,60,59
10478,"0131",38,86,163,-48,-125
10478,"0135",204,22,27,182,177
10479,"0131",793,529,556,264,237
10479,"0135",525,240,239,285,286
10480,"0131",312,417,422,-105,-110
10480,"0135",740,185,182,555,558
10481,"0131",89,201,196,-112,-107
10481,"0135",237,24,35,213,202
10482,"0131",6,2,7,4,-1
10482,"0135",8,4,2,4,6
10484,"0131",13,8,14,5,-1
10484,"0135",11,3,2,8,9
10486,"0131",49,24,32,25,17
10486,"0135",4,6,2,-2,2
10487,"0131",64,31,86,33,-22
10487,"0135",58,1,13,57,45
10488,"0131",1050,570,668,480,382
10488,"0135",1108,533,565,575,543
10489,"0131",846,594,681,252,165
10489,"0135",1287,536,586,751,701
10490,"0131",994,532,565,462,429
10490,"0135",887,472,516,415,371
10491,"0131",1065,698,728,367,337
10491,"0135",1600,663,786,937,814
10493,"0131",16,10,25,6,-9
10493,"0135",55,9,16,46,39
10494,"0131",167,80,183,87,-16
10494,"0135",123,27,31,96,92
10495,"0131",156,54,133,102,23
10495,"0135",29,9,11,20,18
10496,"0131",87,72,100,15,-13
10496,"0135",63,8,15,55,48
10497,"0131",217,97,216,120,1
10497,"0135",82,11,18,71,64
10498,"0131",1143,587,630,556,513
10498,"0135",1385,926,1070,459,315
10499,"0131",722,294,326,428,396
10499,"0135",560,488,549,72,11
10500,"0131",732,275,324,457,408
10500,"0135",550,471,547,79,3
10501,"0131",1052,387,404,665,648
10501,"0135",462,556,614,-94,-152
10502,"0131",808,264,291,544,517
10502,"0135",453,467,526,-14,-73
10503,"0131",478,245,270,233,208
10503,"0135",522,399,444,123,78
10504,"0131",967,436,481,531,486
10504,"0135",778,633,619,145,159
10505,"0131",989,392,430,597,559
10505,"0135",588,526,620,62,-32
10506,"0131",845,384,408,461,437
10506,"0135",760,561,664,199,96
10507,"0131",575,240,268,335,307
10507,"0135",495,321,409,174,86
10508,"0131",1049,520,592,529,457
10508,"0135",1067,679,774,388,293
10509,"0131",602,343,383,259,219
10509,"0135",1001,594,672,407,329
10510,"0131",94,33,52,61,42
10510,"0135",28,17,21,11,7
10511,"0131",119,35,31,84,88
10511,"0135",36,67,73,-31,-37
10512,"0131",0,5,6,-5,-6
10512,"0135",14,3,4,11,10
10513,"0131",103,42,54,61,49
10513,"0135",124,82,92,42,32
10514,"0131",33,53,76,-20,-43
10514,"0135",111,30,21,81,90
10516,"0131",34,9,16,25,18
10516,"0135",7,18,14,-11,-7
10517,"0131",175,147,139,28,36
10517,"0135",199,78,94,121,105
10518,"0131",15,19,22,-4,-7
10518,"0135",33,12,16,21,17
10519,"0131",1026,472,512,554,514
10519,"0135",740,597,712,143,28
10520,"0131",1054,403,478,651,576
10520,"0135",656,658,771,-2,-115
10521,"0131",697,461,451,236,246
10521,"0135",817,628,574,189,243
10522,"0131",831,411,437,420,394
10522,"0135",646,555,598,91,48
10524,"0131",25,12,10,13,15
10524,"0135",19,11,17,8,2
10525,"0131",976,755,819,221,157
10525,"0135",1785,1014,1118,771,667
10526,"0131",1334,1209,1404,125,-70
10526,"0135",1496,363,332,1133,1164
10527,"0131",898,435,487,463,411
10527,"0135",422,344,370,78,52
10528,"0131",1367,1099,1219,268,148
10528,"0135",1460,568,588,892,872
10529,"0131",1536,1140,1411,396,125
10529,"0135",958,260,256,698,702
10530,"0131",297,575,742,-278,-445
10530,"0135",802,77,77,725,725
10531,"0131",1188,893,884,295,304
10531,"0135",929,344,355,585,574
10532,"0131",676,521,553,155,123
10532,"0135",1036,501,552,535,484
10533,"0131",822,895,953,-73,-131
10533,"0135",1226,291,297,935,929
10534,"0131",870,435,477,435,393
10534,"0135",836,647,781,189,55
10535,"0131",1307,894,938,413,369
10535,"0135",993,336,369,657,624
10536,"0131",968,1058,1186,-90,-218
10536,"0135",1371,326,348,1045,1023
10537,"0131",542,604,631,-62,-89
10537,"0135",1209,464,522,745,687
10538,"0131",1296,1197,1286,99,10
10538,"0135",1787,543,599,1244,1188
10539,"0131",503,460,505,43,-2
10539,"0135",1212,562,593,650,619
10540,"0131",648,359,413,289,235
10540,"0135",739,421,487,318,252
10541,"0131",867,545,591,322,276
10541,"0135",869,397,432,472,437
10542,"0131",84,192,246,-108,-162
10542,"0135",272,26,20,246,252
10543,"0131",472,596,704,-124,-232
10543,"0135",757,132,117,625,640
10544,"0131",489,276,306,213,183
10544,"0135",362,180,200,182,162
10545,"0131",126,93,124,33,2
10545,"0135",208,92,110,116,98
10546,"0131",158,124,147,34,11
10546,"0135",301,142,152,159,149
10547,"0131",590,479,545,111,45
10547,"0135",551,183,236,368,315
10548,"0131",5,0,1,5,4
10548,"0135",5,1,1,4,4
10549,"0131",187,212,237,-25,-50
10549,"0135",391,157,178,234,213
10550,"0131",365,529,588,-164,-223
10550,"0135",908,262,290,646,618
10551,"0131",626,739,829,-113,-203
10551,"0135",938,285,294,653,644
10552,"0131",648,575,648,73,0
10552,"0135",649,204,227,445,422
10553,"0131",18,17,18,1,0
10553,"0135",18,5,7,13,11
10554,"0131",472,947,1058,-475,-586
10554,"0135",1627,326,329,1301,1298
10555,"0131",430,657,712,-227,-282
10555,"0135",879,180,192,699,687
10556,"0131",793,787,849,6,-56
10556,"0135",828,253,234,575,594
10557,"0131",750,862,950,-112,-200
10557,"0135",1135,290,300,845,835
10558,"0131",972,792,862,180,110
10558,"0135",638,238,243,400,395
10559,"0131",842,499,529,343,313
10559,"0135",209,169,167,40,42
10560,"0131",934,693,760,241,174
10560,"0135",643,259,255,384,388
10561,"0131",634,613,703,21,-69
10561,"0135",1135,406,467,729,668
10562,"0131",686,440,500,246,186
10562,"0135",558,294,333,264,225
10563,"0131",61,108,94,-47,-33
10563,"0135",146,13,35,133,111
10564,"0131",853,612,662,241,191
10564,"0135",414,159,141,255,273
10565,"0131",762,734,764,28,-2
10565,"0135",750,195,176,555,574
10566,"0131",614,489,512,125,102
10566,"0135",406,131,129,275,277
10567,"0131",516,650,705,-134,-189
10567,"0135",756,149,151,607,605
10568,"0131",550,109,525,441,25
10568,"0135",319,47,186,272,133
10569,"0131",582,339,546,243,36
10569,"0135",356,193,189,163,167
10570,"0131",232,0,264,232,-32
10570,"0135",226,0,93,226,133
10571,"0131",45,0,39,45,6
10571,"0135",17,0,3,17,14
10572,"0131",29,0,18,29,11
10572,"0135",10,0,4,10,6
10573,"0131",10,0,9,10,1
10573,"0135",3,0,1,3,2
10574,"0131",81,38,63,43,18
10574,"0135",6,11,10,-5,-4
10575,"0131",29,63,72,-34,-43
10575,"0135",71,1,4,70,67
10576,"0131",28,10,29,18,-1
10576,"0135",19,8,9,11,10
10577,"0131",8,22,23,-14,-15
10577,"0135",39,1,6,38,33
10578,"0131",504,625,710,-121,-206
10578,"0135",531,77,98,454,433
10579,"0131",290,0,415,290,-125
10579,"0135",334,0,42,334,292
10580,"0131",111,62,74,49,37
10580,"0135",1,7,21,-6,-20
10581,"0131",117,0,113,117,4
10581,"0135",9,0,2,9,7
10582,"0131",74,71,108,3,-34
10582,"0135",71,22,8,49,63
10583,"0131",26,49,69,-23,-43
10583,"0135",69,0,14,69,55
10584,"0131",1102,965,1202,137,-100
10584,"0135",939,365,350,574,589
10585,"0131",625,699,945,-74,-320
10585,"0135",976,223,183,753,793
10586,"0131",33,63,104,-30,-71
10586,"0135",78,0,4,78,74
10587,"0131",0,45,56,-45,-56
10587,"0135",84,7,13,77,71
10588,"0131",119,75,134,44,-15
10588,"0135",54,4,9,50,45
10589,"0131",5,13,14,-8,-9
10589,"0135",16,0,0,16,16
10590,"0131",1030,1117,1379,-87,-349
10590,"0135",952,221,233,731,719
10591,"0131",954,1331,1593,-377,-639
10591,"0135",1333,233,259,1100,1074
10592,"0131",35,44,66,-9,-31
10592,"0135",38,10,1,28,37
10593,"0131",104,68,76,36,28
10593,"0135",5,3,0,2,5
10594,"0131",147,190,199,-43,-52
10594,"0135",201,33,85,168,116
10595,"0131",0,11,15,-11,-15
10595,"0135",22,2,2,20,20
10596,"0131",20,11,18,9,2
10596,"0135",4,0,1,4,3
10597,"0131",0,27,0,-27,0
10597,"0135",0,2,0,-2,0
10598,"0131",230,175,186,55,44
10598,"0135",10,19,19,-9,-9
10599,"0131",93,50,89,43,4
10599,"0135",30,13,18,17,12
10600,"0131",515,0,487,515,28
10600,"0135",186,0,85,186,101
10601,"0131",671,462,503,209,168
10601,"0135",666,360,425,306,241
10602,"0131",862,540,592,322,270
10602,"0135",735,416,476,319,259
10603,"0131",13,21,53,-8,-40
10603,"0135",56,2,6,54,50
10604,"0131",392,484,689,-92,-297
10604,"0135",661,205,93,456,568
10605,"0131",7,3,7,4,0
10605,"0135",4,0,1,4,3
10606,"0131",35,42,73,-7,-38
10606,"0135",59,2,1,57,58
10607,"0131",9,8,27,1,-18
10607,"0135",34,10,10,24,24
10608,"0131",141,105,145,36,-4
10608,"0135",50,19,15,31,35
10609,"0131",123,39,54,84,69
10609,"0135",4,24,36,-20,-32
10610,"0131",887,597,679,290,208
10610,"0135",967,545,602,422,365
10611,"0131",920,781,893,139,27
10611,"0135",1417,586,682,831,735
10612,"0131",1024,633,697,391,327
10612,"0135",1008,573,700,435,308
10613,"0131",1221,593,772,628,449
10613,"0135",871,576,751,295,120
10614,"0131",890,700,825,190,65
10614,"0135",1186,596,655,590,531
10615,"0131",1147,589,636,558,511
10615,"0135",936,727,846,209,90
10616,"0131",1852,710,751,1142,1101
10616,"0135",958,1225,1347,-267,-389
10617,"0131",527,413,509,114,18
10617,"0135",740,354,385,386,355
10618,"0131",309,236,280,73,29
10618,"0135",332,140,154,192,178
10619,"0131",1011,689,854,322,157
10619,"0135",618,204,206,414,412
10620,"0131",1389,921,996,468,393
10620,"0135",575,271,232,304,343
10621,"0131",1817,1290,1446,527,371
10621,"0135",1163,325,407,838,756
10622,"0131",605,353,560,252,45
10622,"0135",197,59,57,138,140
10623,"0131",410,446,517,-36,-107
10623,"0135",1077,220,266,857,811
10624,"0131",855,394,437,461,418
10624,"0135",909,771,882,138,27
10625,"0131",683,497,506,186,177
10625,"0135",1100,646,715,454,385
10626,"0131",564,440,498,124,66
10626,"0135",1171,646,693,525,478
10627,"0131",849,345,372,504,477
10627,"0135",839,790,861,49,-22
10628,"0131",767,400,430,367,337
10628,"0135",715,373,415,342,300
10629,"0131",469,268,298,201,171
10629,"0135",517,398,434,119,83
10630,"0131",544,435,518,109,26
10630,"0135",792,329,354,463,438
10631,"0131",755,459,399,296,356
10631,"0135",510,344,382,166,128
10632,"0131",580,355,406,225,174
10632,"0135",497,237,286,260,211
10633,"0131",177,363,415,-186,-238
10633,"0135",876,256,288,620,588
10634,"0131",1534,1442,1711,92,-177
10634,"0135",2279,563,662,1716,1617
10635,"0131",1173,658,740,515,433
10635,"0135",1183,724,814,459,369
10636,"0131",949,433,495,516,454
10636,"0135",197,169,158,28,39
10637,"0131",705,415,451,290,254
10637,"0135",268,151,169,117,99
10638,"0131",908,544,753,364,155
10638,"0135",699,234,228,465,471
10639,"0131",1022,648,733,374,289
10639,"0135",527,214,205,313,322
10640,"0131",899,814,988,85,-89
10640,"0135",862,212,203,650,659
10641,"0131",842,584,662,258,180
10641,"0135",760,254,289,506,471
10642,"0131",336,448,475,-112,-139
10642,"0135",883,252,242,631,641
10643,"0131",1109,1046,1192,63,-83
10643,"0135",1061,256,237,805,824
10644,"0131",917,713,879,204,38
10644,"0135",720,189,159,531,561
10645,"0131",787,810,903,-23,-116
10645,"0135",1329,297,340,1032,989
10646,"0131",828,650,715,178,113
10646,"0135",702,232,255,470,447
10647,"0131",1104,769,1029,335,75
10647,"0135",1117,278,361,839,756
10648,"0131",1944,871,1005,1073,939
10648,"0135",1218,1087,1252,131,-34
10649,"0131",18,65,75,-47,-57
10649,"0135",249,86,104,163,145
10650,"0131",3,7,12,-4,-9
10650,"0135",38,12,12,26,26
10651,"0131",93,186,253,-93,-160
10651,"0135",317,57,47,260,270
10652,"0131",843,943,1046,-100,-203
10652,"0135",1045,301,290,744,755
10653,"0131",1071,926,1131,145,-60
10653,"0135",1002,281,304,721,698
10654,"0131",810,1115,1290,-305,-480
10654,"0135",1517,376,338,1141,1179
10655,"0131",1138,800,1020,338,118
10655,"0135",669,224,242,445,427
10656,"0131",1096,1021,1017,75,79
10656,"0135",740,350,276,390,464
10657,"0131",342,446,559,-104,-217
10657,"0135",493,88,80,405,413
10658,"0131",703,640,725,63,-22
10658,"0135",883,360,365,523,518
10659,"0131",925,940,1020,-15,-95
10659,"0135",1147,421,463,726,684
10660,"0131",1151,776,841,375,310
10660,"0135",667,416,434,251,233
10661,"0131",396,566,635,-170,-239
10661,"0135",963,291,336,672,627
10662,"0131",1436,1074,1146,362,290
10662,"0135",827,455,493,372,334
10663,"0131",653,654,711,-1,-58
10663,"0135",953,335,419,618,534
10664,"0131",458,427,449,31,9
10664,"0135",618,251,284,367,334
10665,"0131",653,403,544,250,109
10665,"0135",686,249,388,437,298
10666,"0131",888,476,535,412,353
10666,"0135",490,343,385,147,105
10667,"0131",599,724,777,-125,-178
10667,"0135",1265,461,521,804,744
10668,"0131",1152,1193,1293,-41,-141
10668,"0135",1203,413,498,790,705
10669,"0131",1373,1035,1150,338,223
10669,"0135",771,316,409,455,362
10670,"0131",781,824,889,-43,-108
10670,"0135",856,185,227,671,629
10671,"0131",857,795,938,62,-81
10671,"0135",785,194,234,591,551
10672,"0131",749,789,857,-40,-108
10672,"0135",910,197,268,713,642
10673,"0131",316,337,339,-21,-23
10673,"0135",357,120,137,237,220
10674,"0131",5,2,2,3,3
10674,"0135",7,3,5,4,2
10675,"0131",423,322,342,101,81
10675,"0135",309,257,211,52,98
10676,"0131",738,554,515,184,223
10676,"0135",230,156,219,74,11
10677,"0131",816,583,674,233,142
10677,"0135",479,378,314,101,165
10678,"0131",872,607,680,265,192
10678,"0135",377,332,291,45,86
10679,"0131",25,19,25,6,0
10679,"0135",17,3,3,14,14
10680,"0131",1081,903,985,178,96
10680,"0135",590,335,199,255,391
10681,"0131",643,483,551,160,92
10681,"0135",353,163,127,190,226
10682,"0131",1058,718,899,340,159
10682,"0135",1169,525,630,644,539
10683,"0131",977,812,891,165,86
10683,"0135",1260,520,573,740,687
10684,"0131",1005,784,860,221,145
10684,"0135",1249,534,643,715,606
10685,"0131",872,737,793,135,79
10685,"0135",1084,441,505,643,579
10686,"0131",1145,843,913,302,232
10686,"0135",1079,457,542,622,537
10687,"0131",525,688,749,-163,-224
10687,"0135",1168,328,383,840,785
10688,"0131",835,651,686,184,149
10688,"0135",843,352,396,491,447
10689,"0131",1507,1065,1169,442,338
10689,"0135",1282,587,703,695,579
10690,"0131",1136,791,912,345,224
10690,"0135",1091,482,573,609,518
10691,"0131",823,590,673,233,150
10691,"0135",855,347,431,508,424
10692,"0131",1122,640,682,482,440
10692,"0135",220,201,227,19,-7
10693,"0131",626,675,708,-49,-82
10693,"0135",695,152,195,543,500
10694,"0131",1163,684,777,479,386
10694,"0135",529,327,314,202,215
10695,"0131",885,601,690,284,195
10695,"0135",527,246,249,281,278
10696,"0131",876,611,657,265,219
10696,"0135",477,253,256,224,221
10697,"0131",815,995,1062,-180,-247
10697,"0135",888,199,220,689,668
10698,"0131",1074,1055,1208,19,-134
10698,"0135",1120,343,368,777,752
10699,"0131",1027,828,948,199,79
10699,"0135",643,217,250,426,393
10700,"0131",356,514,560,-158,-204
10700,"0135",531,82,94,449,437
10701,"0131",101,511,589,-410,-488
10701,"0135",905,142,147,763,758
10702,"0131",775,508,519,267,256
10702,"0135",396,200,228,196,168
10703,"0131",448,532,553,-84,-105
10703,"0135",708,169,213,539,495
10704,"0131",555,789,850,-234,-295
10704,"0135",839,133,149,706,690
10705,"0131",793,694,716,99,77
10705,"0135",1179,565,590,614,589
10706,"0131",2013,1317,1366,696,647
10706,"0135",1642,928,1046,714,596
10707,"0131",1782,1233,1322,549,460
10707,"0135",1062,450,472,612,590
10708,"0131",490,473,542,17,-52
10708,"0135",628,187,182,441,446
10709,"0131",1713,1196,1261,517,452
10709,"0135",1108,471,467,637,641
10710,"0131",1844,754,857,1090,987
10710,"0135",1305,1022,1326,283,-21
10711,"0131",1180,405,441,775,739
10711,"0135",404,586,657,-182,-253
10712,"0131",916,721,730,195,186
10712,"0135",1751,939,1120,812,631
10713,"0131",1682,1038,1105,644,577
10713,"0135",1334,707,770,627,564
10714,"0131",1451,1024,1032,427,419
10714,"0135",1297,640,731,657,566
10715,"0131",665,671,690,-6,-25
10715,"0135",934,343,398,591,536
10716,"0131",340,558,575,-218,-235
10716,"0135",1001,255,298,746,703
10717,"0131",2356,1742,1797,614,559
10717,"0135",2186,962,1069,1224,1117
10718,"0131",1432,900,1146,532,286
10718,"0135",848,324,404,524,444
10719,"0131",1320,992,1113,328,207
10719,"0135",927,355,363,572,564
10720,"0131",949,1118,1161,-169,-212
10720,"0135",1241,334,357,907,884
10721,"0131",663,789,826,-126,-163
10721,"0135",1037,224,283,813,754
10722,"0131",1022,1568,1787,-546,-765
10722,"0135",1749,214,245,1535,1504
10723,"0131",1478,1837,2186,-359,-708
10723,"0135",1866,256,263,1610,1603
10724,"0131",1381,1588,1819,-207,-438
10724,"0135",1534,296,375,1238,1159
10725,"0131",1031,1071,1202,-40,-171
10725,"0135",806,197,199,609,607
10726,"0131",57,145,163,-88,-106
10726,"0135",381,139,175,242,206
10727,"0131",979,1126,1160,-147,-181
10727,"0135",1409,436,430,973,979
10728,"0131",1565,1024,1167,541,398
10728,"0135",839,519,491,320,348
10729,"0131",485,436,478,49,7
10729,"0135",575,256,236,319,339
10730,"0131",1215,972,1023,243,192
10730,"0135",718,402,351,316,367
10731,"0131",1238,971,1163,267,75
10731,"0135",1179,495,505,684,674
10732,"0131",1331,792,1003,539,328
10732,"0135",790,392,402,398,388
10733,"0131",1157,875,961,282,196
10733,"0135",992,445,389,547,603
10734,"0131",785,567,630,218,155
10734,"0135",566,291,256,275,310
10735,"0131",1804,1054,1230,750,574
10735,"0135",1321,708,849,613,472
10736,"0131",1476,799,1005,677,471
10736,"0135",1126,565,703,561,423
10737,"0131",915,897,1019,18,-104
10737,"0135",1917,795,844,1122,1073
10738,"0131",1229,745,839,484,390
10738,"0135",768,477,524,291,244
10739,"0131",1286,641,714,645,572
10739,"0135",695,502,600,193,95
10740,"0131",1967,933,1007,1034,960
10740,"0135",821,772,898,49,-77
10741,"0131",1426,969,1127,457,299
10741,"0135",1409,741,858,668,551
10742,"0131",1052,709,775,343,277
10742,"0135",919,429,534,490,385
10743,"0131",1251,830,907,421,344
10743,"0135",974,538,587,436,387
10744,"0131",1334,756,844,578,490
10744,"0135",898,606,684,292,214
10745,"0131",990,522,697,468,293
10745,"0135",959,529,619,430,340
10746,"0131",1192,639,756,553,436
10746,"0135",779,507,539,272,240
10747,"0131",1123,643,781,480,342
10747,"0135",855,470,535,385,320
10748,"0131",453,499,609,-46,-156
10748,"0135",973,304,335,669,638
10749,"0131",985,585,653,400,332
10749,"0135",703,392,446,311,257
10750,"0131",1201,743,826,458,375
10750,"0135",1116,656,705,460,411
10751,"0131",1024,951,1135,73,-111
10751,"0135",1726,697,817,1029,909
10752,"0131",862,705,777,157,85
10752,"0135",1119,487,564,632,555
10753,"0131",1088,604,824,484,264
10753,"0135",919,411,559,508,360
10754,"0131",826,726,849,100,-23
10754,"0135",1423,559,629,864,794
10755,"0131",1382,993,1120,389,262
10755,"0135",1471,694,692,777,779
10756,"0131",1581,1009,1196,572,385
10756,"0135",1505,738,892,767,613
10757,"0131",1352,1082,1187,270,165
10757,"0135",1200,546,551,654,649
10758,"0131",1514,821,935,693,579
10758,"0135",433,342,404,91,29
10759,"0131",986,712,805,274,181
10759,"0135",679,295,345,384,334
10760,"0131",575,667,807,-92,-232
10760,"0135",1115,313,325,802,790
10761,"0131",1106,736,822,370,284
10761,"0135",566,271,315,295,251
10762,"0131",1049,735,846,314,203
10762,"0135",650,311,340,339,310
10763,"0131",492,605,676,-113,-184
10763,"0135",895,218,257,677,638
10764,"0131",1309,960,1090,349,219
10764,"0135",906,388,435,518,471
10765,"0131",743,537,599,206,144
10765,"0135",329,137,159,192,170
10766,"0131",778,666,701,112,77
10766,"0135",612,183,244,429,368
10767,"0131",796,821,863,-25,-67
10767,"0135",896,241,297,655,599
10768,"0131",421,537,549,-116,-128
10768,"0135",714,184,210,530,504
10769,"0131",1132,824,835,308,297
10769,"0135",964,420,424,544,540
10770,"0131",628,633,666,-5,-38
10770,"0135",947,300,296,647,651
10771,"0131",774,994,998,-220,-224
10771,"0135",1804,543,536,1261,1268
10772,"0131",675,800,796,-125,-121
10772,"0135",1413,457,442,956,971
10773,"0131",1176,747,783,429,393
10773,"0135",774,413,427,361,347
10774,"0131",643,591,568,52,75
10774,"0135",915,380,358,535,557
10775,"0131",123,41,70,82,53
10775,"0135",36,3,29,33,7
10776,"0131",945,841,910,104,35
10776,"0135",976,386,432,590,544
10777,"0131",989,699,771,290,218
10777,"0135",636,318,383,318,253
10778,"0131",1028,784,922,244,106
10778,"0135",843,380,411,463,432
10779,"0131",271,465,490,-194,-219
10779,"0135",781,157,248,624,533
10780,"0131",204,232,264,-28,-60
10780,"0135",172,41,49,131,123
10781,"0131",212,271,309,-59,-97
10781,"0135",270,57,68,213,202
10782,"0131",12,117,146,-105,-134
10782,"0135",187,16,17,171,170
10783,"0131",14,51,79,-37,-65
10783,"0135",91,1,10,90,81
10784,"0131",234,137,227,97,7
10784,"0135",85,13,33,72,52
10785,"0131",58,62,73,-4,-15
10785,"0135",42,11,9,31,33
10786,"0131",273,282,346,-9,-73
10786,"0135",369,110,107,259,262
10787,"0131",2264,749,736,1515,1528
10787,"0135",1658,1575,1830,83,-172
10788,"0131",862,210,231,652,631
10788,"0135",712,789,948,-77,-236
10789,"0131",1654,359,406,1295,1248
10789,"0135",1203,1375,1671,-172,-468
10790,"0131",1502,437,447,1065,1055
10790,"0135",1611,1516,1762,95,-151
10791,"0131",1983,757,706,1226,1277
10791,"0135",1180,1008,1172,172,8
10792,"0131",1149,392,403,757,746
10792,"0135",1307,1091,1264,216,43
10793,"0131",2700,882,909,1818,1791
10793,"0135",2480,2227,2603,253,-123
10794,"0131",1374,666,626,708,748
10794,"0135",1868,1065,1258,803,610
10795,"0131",1062,587,555,475,507
10795,"0135",1731,966,1123,765,608
10796,"0131",739,283,277,456,462
10796,"0135",559,344,377,215,182
10797,"0131",2953,1134,1106,1819,1847
10797,"0135",1668,1199,1350,469,318
10798,"0131",1366,790,745,576,621
10798,"0135",1858,1059,1156,799,702
10799,"0131",1997,623,642,1374,1355
10799,"0135",1435,1308,1586,127,-151
10800,"0131",938,528,433,410,505
10800,"0135",766,411,392,355,374
10801,"0131",1449,761,772,688,677
10801,"0135",1308,510,639,798,669
10802,"0131",1557,906,856,651,701
10802,"0135",1640,638,720,1002,920
10803,"0131",787,311,380,476,407
10803,"0135",835,328,448,507,387
10804,"0131",528,217,248,311,280
10804,"0135",543,282,320,261,223
10805,"0131",1960,911,909,1049,1051
10805,"0135",1789,938,1076,851,713
10806,"0131",1021,895,935,126,86
10806,"0135",2425,721,845,1704,1580
10807,"0131",1347,598,567,749,780
10807,"0135",805,477,562,328,243
10808,"0131",813,563,567,250,246
10808,"0135",1216,462,508,754,708
10809,"0131",1125,452,439,673,686
10809,"0135",609,400,539,209,70
10810,"0131",2369,1386,1305,983,1064
10810,"0135",1750,619,626,1131,1124
10811,"0131",1305,1027,1042,278,263
10811,"0135",1738,377,484,1361,1254
10812,"0131",1797,1244,1192,553,605
10812,"0135",1806,615,581,1191,1225
10813,"0131",1234,817,777,417,457
10813,"0135",996,304,351,692,645
10814,"0131",623,442,420,181,203
10814,"0135",715,176,247,539,468
10815,"0131",1617,1006,939,611,678
10815,"0135",1716,597,661,1119,1055
10816,"0131",607,447,412,160,195
10816,"0135",923,309,302,614,621
10817,"0131",1105,906,853,199,252
10817,"0135",1477,420,489,1057,988
10818,"0131",864,561,576,303,288
10818,"0135",712,284,306,428,406
10819,"0131",1997,1171,1107,826,890
10819,"0135",1515,563,605,952,910
10820,"0131",1660,902,916,758,744
10820,"0135",1135,472,509,663,626
10821,"0131",1265,909,898,356,367
10821,"0135",1691,487,523,1204,1168
10822,"0131",1994,1027,994,967,1000
10822,"0135",1089,496,575,593,514
10823,"0131",2125,1540,1576,585,549
10823,"0135",2233,531,520,1702,1713
10824,"0131",1401,1092,1083,309,318
10824,"0135",1622,318,366,1304,1256
10825,"0131",1363,801,796,562,567
10825,"0135",1318,391,421,927,897
10826,"0131",1280,642,652,638,628
10826,"0135",741,285,308,456,433
10827,"0131",2040,1416,1360,624,680
10827,"0135",2219,681,704,1538,1515
10828,"0131",2698,1484,1524,1214,1174
10828,"0135",1890,661,740,1229,1150
10829,"0131",1274,833,807,441,467
10829,"0135",865,308,369,557,496
10830,"0131",2621,1942,2019,679,602
10830,"0135",2971,807,950,2164,2021
10831,"0131",2072,1139,1151,933,921
10831,"0135",1103,535,585,568,518
10832,"0131",952,852,842,100,110
10832,"0135",1329,358,386,971,943
10833,"0131",1713,945,910,768,803
10833,"0135",1659,709,798,950,861
10834,"0131",1502,653,669,849,833
10834,"0135",979,549,622,430,357
10835,"0131",2438,1048,1009,1390,1429
10835,"0135",1162,746,826,416,336
10836,"0131",2072,908,1057,1164,1015
10836,"0135",1858,788,942,1070,916
10837,"0131",1802,917,891,885,911
10837,"0135",1681,712,855,969,826
10838,"0131",2533,1652,1495,881,1038
10838,"0135",2432,862,893,1570,1539
10839,"0131",897,619,567,278,330
10839,"0135",990,309,335,681,655
10840,"0131",674,406,372,268,302
10840,"0135",527,174,199,353,328
10841,"0131",2160,978,903,1182,1257
10841,"0135",1165,735,722,430,443
10842,"0131",1027,561,527,466,500
10842,"0135",944,397,398,547,546
10843,"0131",301,276,245,25,56
10843,"0135",738,229,266,509,472
10844,"0131",1317,791,816,526,501
10844,"0135",1558,763,872,795,686
10845,"0131",1337,625,686,712,651
10845,"0135",1293,518,599,775,694
10846,"0131",1250,616,510,634,740
10846,"0135",867,521,515,346,352
10847,"0131",1340,671,601,669,739
10847,"0135",1106,553,539,553,567
10848,"0131",1847,702,776,1145,1071
10848,"0135",1123,599,713,524,410
10849,"0131",1575,575,544,1000,1031
10849,"0135",573,480,495,93,78
10850,"0131",1976,980,980,996,996
10850,"0135",1966,1207,1298,759,668
10851,"0131",908,437,457,471,451
10851,"0135",967,568,647,399,320
10852,"0131",1408,1391,1330,17,78
10852,"0135",1914,360,353,1554,1561
10853,"0131",1819,1524,1410,295,409
10853,"0135",1784,384,393,1400,1391
10854,"0131",2256,1914,1569,342,687
10854,"0135",1788,460,467,1328,1321
10855,"0131",1520,1138,1118,382,402
10855,"0135",1244,322,275,922,969
10856,"0131",1184,383,418,801,766
10856,"0135",1355,1237,1391,118,-36
10857,"0131",1016,434,423,582,593
10857,"0135",1212,1062,1171,150,41
10858,"0131",640,346,335,294,305
10858,"0135",738,482,562,256,176
10859,"0131",1906,632,669,1274,1237
10859,"0135",1789,1866,2019,-77,-230
10860,"0131",1035,504,483,531,552
10860,"0135",1483,1206,1293,277,190
10861,"0131",282,274,184,8,98
10861,"0135",192,161,85,31,107
10862,"0131",1116,580,619,536,497
10862,"0135",446,237,223,209,223
10863,"0131",1120,1184,1071,-64,49
10863,"0135",1425,275,304,1150,1121
10864,"0131",1823,628,651,1195,1172
10864,"0135",957,652,817,305,140
10865,"0131",2451,974,909,1477,1542
10865,"0135",1778,1062,1208,716,570
10866,"0131",1329,863,848,466,481
10866,"0135",852,282,250,570,602
10867,"0131",1378,982,977,396,401
10867,"0135",1121,281,278,840,843
10868,"0131",2054,914,892,1140,1162
10868,"0135",1802,899,1122,903,680
10869,"0131",948,738,705,210,243
10869,"0135",1997,709,837,1288,1160
10870,"0131",1578,542,557,1036,1021
10870,"0135",676,518,554,158,122
10871,"0131",2072,1148,1059,924,1013
10871,"0135",2247,1016,1100,1231,1147
10872,"0131",1464,1650,1592,-186,-128
10872,"0135",2270,409,408,1861,1862
10873,"0131",2656,1755,1775,901,881
10873,"0135",1730,419,442,1311,1288
10874,"0131",1803,1396,1594,407,209
10874,"0135",1792,370,380,1422,1412
10875,"0131",1523,1255,1300,268,223
10875,"0135",1800,301,381,1499,1419
10876,"0131",1593,1447,1314,146,279
10876,"0135",2113,446,435,1667,1678
10877,"0131",2435,2089,2071,346,364
10877,"0135",3065,514,668,2551,2397
10878,"0131",2546,918,831,1628,1715
10878,"0135",1429,1025,1079,404,350
10879,"0131",2072,1047,963,1025,1109
10879,"0135",2548,1148,1379,1400,1169
10880,"0131",1171,584,556,587,615
10880,"0135",1100,505,609,595,491
10881,"0131",1132,359,402,773,730
10881,"0135",403,326,401,77,2
10882,"0131",1590,1008,885,582,705
10882,"0135",1925,772,926,1153,999
10883,"0131",1892,1236,1100,656,792
10883,"0135",2385,895,1073,1490,1312
10884,"0131",1555,739,715,816,840
10884,"0135",1344,596,678,748,666
10885,"0131",293,195,166,98,127
10885,"0135",390,150,164,240,226
10886,"0131",1100,495,460,605,640
10886,"0135",814,493,555,321,259
10887,"0131",2316,1081,1089,1235,1227
10887,"0135",1723,695,815,1028,908
10888,"0131",1827,1028,998,799,829
10888,"0135",1972,629,672,1343,1300
10889,"0131",1380,639,593,741,787
10889,"0135",1977,1071,1276,906,701
10890,"0131",3733,3230,3434,503,299
10890,"0135",3288,612,622,2676,2666
10891,"0131",1032,689,684,343,348
10891,"0135",753,219,212,534,541
10892,"0131",1864,1023,1012,841,852
10892,"0135",1204,504,528,700,676
10893,"0131",1187,823,762,364,425
10893,"0135",1126,354,384,772,742
10894,"0131",51,33,36,18,15
10894,"0135",14,9,7,5,7
10895,"0131",305,420,393,-115,-88
10895,"0135",847,207,243,640,604
10896,"0131",755,414,388,341,367
10896,"0135",417,226,244,191,173
10897,"0131",4,60,49,-56,-45
10897,"0135",110,5,12,105,98
10898,"0131",68,44,43,24,25
10898,"0135",26,18,17,8,9
10899,"0131",1051,658,717,393,334
10899,"0135",1474,640,798,834,676
10900,"0131",562,732,750,-170,-188
10900,"0135",1914,593,689,1321,1225
10901,"0131",176,92,95,84,81
10901,"0135",68,74,80,-6,-12
10902,"0131",851,493,595,358,256
10902,"0135",504,197,245,307,259
10903,"0131",1116,1074,1101,42,15
10903,"0135",1314,389,404,925,910
10904,"0131",1278,1117,1149,161,129
10904,"0135",1262,308,355,954,907
10905,"0131",631,603,613,28,18
10905,"0135",765,173,190,592,575
10906,"0131",186,305,341,-119,-155
10906,"0135",381,55,77,326,304
10907,"0131",92,68,169,24,-77
10907,"0135",377,55,86,322,291
10908,"0131",1889,1374,1484,515,405
10908,"0135",1315,406,498,909,817
10909,"0131",1820,1287,1350,533,470
10909,"0135",910,351,438,559,472
10910,"0131",3171,2555,2611,616,560
10910,"0135",2682,800,1002,1882,1680
10911,"0131",2044,1227,1284,817,760
10911,"0135",909,429,523,480,386
10912,"0131",804,568,558,236,246
10912,"0135",532,193,252,339,280
10913,"0131",868,823,855,45,13
10913,"0135",862,161,215,701,647
10914,"0131",823,1063,1130,-240,-307
10914,"0135",1308,241,245,1067,1063
10915,"0131",66,62,53,4,13
10915,"0135",50,13,12,37,38
10916,"0131",1245,844,890,401,355
10916,"0135",1375,681,942,694,433
10917,"0131",945,559,605,386,340
10917,"0135",666,443,528,223,138
10918,"0131",1273,569,681,704,592
10918,"0135",750,602,732,148,18
10919,"0131",434,479,525,-45,-91
10919,"0135",1020,349,471,671,549
10920,"0131",814,833,854,-19,-40
10920,"0135",1518,596,730,922,788
10921,"0131",1002,648,695,354,307
10921,"0135",897,481,585,416,312
10922,"0131",1207,1148,1467,59,-260
10922,"0135",2452,713,1091,1739,1361
10923,"0131",890,636,686,254,204
10923,"0135",843,446,521,397,322
10924,"0131",230,169,213,61,17
10924,"0135",215,100,98,115,117
10925,"0131",14,15,22,-1,-8
10925,"0135",53,21,28,32,25
10926,"0131",76,57,65,19,11
10926,"0135",58,19,32,39,26
10927,"0131",378,692,727,-314,-349
10927,"0135",607,86,92,521,515
10928,"0131",256,249,217,7,39
10928,"0135",100,35,67,65,33
10929,"0131",1258,1141,1185,117,73
10929,"0135",1337,387,506,950,831
10930,"0131",514,429,440,85,74
10930,"0135",565,174,230,391,335
10931,"0131",128,162,165,-34,-37
10931,"0135",207,40,67,167,140
10932,"0131",185,94,127,91,58
10932,"0135",34,19,31,15,3
10933,"0131",280,299,394,-19,-114
10933,"0135",208,14,22,194,186
10934,"0131",7,22,34,-15,-27
10934,"0135",55,9,11,46,44
10935,"0131",15,34,46,-19,-31
10935,"0135",57,7,7,50,50
10936,"0131",1554,1238,1509,316,45
10936,"0135",1554,646,914,908,640
10937,"0131",987,1061,1429,-74,-442
10937,"0135",1910,688,810,1222,1100
10938,"0131",115,227,232,-112,-117
10938,"0135",323,73,86,250,237
10939,"0131",1095,763,1066,332,29
10939,"0135",657,262,269,395,388
10940,"0131",1133,1209,1492,-76,-359
10940,"0135",1307,384,430,923,877
10941,"0131",55,31,52,24,3
10941,"0135",8,3,2,5,6
10942,"0131",281,246,346,35,-65
10942,"0135",368,232,193,136,175
10943,"0131",242,379,476,-137,-234
10943,"0135",424,38,74,386,350
10944,"0131",550,556,697,-6,-147
10944,"0135",547,125,167,422,380
10945,"0131",12,41,47,-29,-35
10945,"0135",48,4,6,44,42
10946,"0131",67,47,65,20,2
10946,"0135",57,28,33,29,24
10947,"0131",1334,1441,1666,-107,-332
10947,"0135",1461,485,570,976,891
10948,"0131",2072,1971,2290,101,-218
10948,"0135",1647,614,728,1033,919
10949,"0131",2075,1602,2167,473,-92
10949,"0135",1500,565,721,935,779
10950,"0131",24,75,97,-51,-73
10950,"0135",143,22,42,121,101
10951,"0131",198,80,158,118,40
10951,"0135",72,40,57,32,15
10952,"0131",14,45,106,-31,-92
10952,"0135",134,3,18,131,116
10953,"0131",338,280,407,58,-69
10953,"0135",175,26,49,149,126
10954,"0131",201,163,175,38,26
10954,"0135",74,38,38,36,36
10955,"0131",790,759,1119,31,-329
10955,"0135",916,214,319,702,597
10956,"0131",1403,1380,1703,23,-300
10956,"0135",1253,419,547,834,706
10957,"0131",25,26,32,-1,-7
10957,"0135",41,10,18,31,23
10958,"0131",307,309,528,-2,-221
10958,"0135",388,50,83,338,305
10959,"0131",712,757,882,-45,-170
10959,"0135",726,273,345,453,381
10960,"0131",88,100,242,-12,-154
10960,"0135",234,18,35,216,199
10961,"0131",39,47,59,-8,-20
10961,"0135",37,3,14,34,23
10962,"0131",0,118,0,-118,0
10962,"0135",0,29,0,-29,0
10963,"0131",0,810,0,-810,0
10963,"0135",0,125,0,-125,0
10964,"0131",0,75,0,-75,0
10964,"0135",0,10,0,-10,0
10965,"0131",0,1077,0,-1077,0
10965,"0135",0,185,0,-185,0
10966,"0131",0,79,0,-79,0
10966,"0135",0,4,0,-4,0
10967,"0131",0,160,0,-160,0
10967,"0135",0,21,0,-21,0
10968,"0131",0,52,0,-52,0
10968,"0135",0,3,0,-3,0
10969,"0131",137,0,127,137,10
10969,"0135",16,0,4,16,12
10970,"0131",461,0,1105,461,-644
10970,"0135",976,0,77,976,899
10971,"0131",840,0,1029,840,-189
10971,"0135",516,0,78,516,438
10972,"0131",109,0,135,109,-26
10972,"0135",42,0,7,42,35
10973,"0131",19,0,54,19,-35
10973,"0135",42,0,3,42,39
10974,"0131",596,0,768,596,-172
10974,"0135",284,0,45,284,239
10975,"0131",404,0,379,404,25
10975,"0135",14,0,13,14,1
10976,"0131",40,0,53,40,-13
10976,"0135",21,0,2,21,19
10977,"0131",17,0,37,17,-20
10977,"0135",28,0,1,28,27
10978,"0131",732,507,1004,225,-272
10978,"0135",387,33,34,354,353
10979,"0131",15,17,23,-2,-8
10979,"0135",12,1,2,11,10
10980,"0131",645,741,1026,-96,-381
10980,"0135",522,44,46,478,476
10981,"0131",614,739,1107,-125,-493
10981,"0135",623,18,43,605,580
10982,"0131",1,0,117,1,-116
10982,"0135",124,1,4,123,120
10983,"0131",38,0,109,38,-71
10983,"0135",88,0,0,88,88
10984,"0131",314,513,687,-199,-373
10984,"0135",422,7,11,415,411
10985,"0131",326,418,649,-92,-323
10985,"0135",376,2,8,374,368
10986,"0131",138,92,160,46,-22
10986,"0135",37,5,2,32,35
10987,"0131",362,415,613,-53,-251
10987,"0135",275,4,4,271,271
10988,"0131",172,110,264,62,-92
10988,"0135",379,43,112,336,267
10989,"0131",929,582,916,347,13
10989,"0135",956,227,392,729,564
10990,"0131",1081,1166,1161,-85,-80
10990,"0135",1801,524,730,1277,1071
10991,"0131",1932,1243,1394,689,538
10991,"0135",1615,576,833,1039,782
10992,"0131",2547,1325,1566,1222,981
10992,"0135",1274,689,963,585,311
10993,"0131",2326,1716,2176,610,150
10993,"0135",2880,935,1259,1945,1621
10994,"0131",1720,1086,1305,634,415
10994,"0135",1222,469,661,753,561
10995,"0131",1993,1418,1702,575,291
10995,"0135",1800,578,833,1222,967
10996,"0131",1228,899,1001,329,227
10996,"0135",1293,479,614,814,679
10997,"0131",1566,967,1096,599,470
10997,"0135",1266,533,705,733,561
10998,"0131",1100,902,1049,198,51
10998,"0135",1428,459,633,969,795
10999,"0131",2567,1617,1870,950,697
10999,"0135",1987,837,1130,1150,857
11000,"0131",1227,1163,1288,64,-61
11000,"0135",1695,476,637,1219,1058
11001,"0131",2070,1202,1365,868,705
11001,"0135",1128,558,728,570,400
11002,"0131",138,84,120,54,18
11002,"0135",129,30,63,99,66
11003,"0131",10,38,46,-28,-36
11003,"0135",62,1,7,61,55
11004,"0131",469,166,187,303,282
11004,"0135",163,142,180,21,-17
11005,"0131",1218,930,952,288,266
11005,"0135",928,321,353,607,575
11006,"0131",811,927,925,-116,-114
11006,"0135",1392,327,389,1065,1003
11007,"0131",720,885,959,-165,-239
11007,"0135",1390,273,385,1117,1005
11008,"0131",3,40,40,-37,-37
11008,"0135",80,3,8,77,72
11009,"0131",115,129,134,-14,-19
11009,"0135",82,5,12,77,70
11010,"0131",1,76,122,-75,-121
11010,"0135",157,16,14,141,143
11011,"0131",1053,852,1071,201,-18
11011,"0135",1144,345,442,799,702
11012,"0131",1386,1459,1849,-73,-463
11012,"0135",2218,498,675,1720,1543
11013,"0131",1514,1167,1474,347,40
11013,"0135",1252,376,451,876,801
11014,"0131",33,12,35,21,-2
11014,"0135",24,6,8,18,16
11015,"0131",850,891,1021,-41,-171
11015,"0135",1036,128,134,908,902
11016,"0131",53,52,69,1,-16
11016,"0135",68,9,14,59,54
11017,"0131",1373,1322,1589,51,-216
11017,"0135",1191,195,300,996,891
11018,"0131",2062,2271,2670,-209,-608
11018,"0135",2076,319,523,1757,1553
11019,"0131",1575,1596,1789,-21,-214
11019,"0135",1335,244,412,1091,923
11020,"0131",1579,1523,1981,56,-402
11020,"0135",1384,204,325,1180,1059
11021,"0131",13,45,56,-32,-43
11021,"0135",63,4,2,59,61
11022,"0131",61,67,67,-6,-6
11022,"0135",40,6,13,34,27
11023,"0131",65,67,91,-2,-26
11023,"0135",39,2,4,37,35
11024,"0131",41,62,60,-21,-19
11024,"0135",35,6,3,29,32
11025,"0131",1213,1228,1586,-15,-373
11025,"0135",1235,365,356,870,879
11026,"0131",999,1365,1339,-366,-340
11026,"0135",958,240,258,718,700
11027,"0131",1689,1875,2261,-186,-572
11027,"0135",1695,374,490,1321,1205
11028,"0131",1000,957,1107,43,-107
11028,"0135",710,229,246,481,464
11029,"0131",1072,1126,1254,-54,-182
11029,"0135",721,177,231,544,490
11030,"0131",437,734,815,-297,-378
11030,"0135",692,80,119,612,573
11031,"0131",136,128,137,8,-1
11031,"0135",45,21,7,24,38
11032,"0131",460,640,973,-180,-513
11032,"0135",557,1,4,556,553
11033,"0131",487,887,931,-400,-444
11033,"0135",632,52,53,580,579
11034,"0131",369,374,400,-5,-31
11034,"0135",78,10,16,68,62
11035,"0131",51,24,45,27,6
11035,"0135",14,2,10,12,4
11036,"0131",98,199,227,-101,-129
11036,"0135",173,4,18,169,155
11037,"0131",367,458,479,-91,-112
11037,"0135",541,108,139,433,402
11038,"0131",694,788,896,-94,-202
11038,"0135",697,87,155,610,542
11039,"0131",1815,1846,1965,-31,-150
11039,"0135",1242,203,290,1039,952
11040,"0131",1647,2113,2258,-466,-611
11040,"0135",2000,315,405,1685,1595
11041,"0131",997,1122,1229,-125,-232
11041,"0135",949,170,232,779,717
11042,"0131",2690,2319,2448,371,242
11042,"0135",1768,614,728,1154,1040
11043,"0131",1554,2084,2271,-530,-717
11043,"0135",2347,460,645,1887,1702
11044,"0131",1612,1892,2011,-280,-399
11044,"0135",1924,458,577,1466,1347
11045,"0131",1711,1787,2022,-76,-311
11045,"0135",1950,491,664,1459,1286
11046,"0131",2785,2730,3068,55,-283
11046,"0135",2374,632,760,1742,1614
11047,"0131",2466,2722,2847,-256,-381
11047,"0135",2471,588,762,1883,1709
11048,"0131",1069,975,1028,94,41
11048,"0135",751,192,254,559,497
11049,"0131",1210,827,970,383,240
11049,"0135",590,233,299,357,291
11050,"0131",1477,1577,1742,-100,-265
11050,"0135",1597,358,467,1239,1130
11051,"0131",171,0,169,171,2
11051,"0135",2,0,2,2,0
11052,"0131",2701,2550,3370,151,-669
11052,"0135",1773,265,314,1508,1459
11053,"0131",345,781,842,-436,-497
11053,"0135",604,19,22,585,582
11054,"0131",1193,914,1001,279,192
11054,"0135",773,290,284,483,489
11055,"0131",1231,964,1103,267,128
11055,"0135",804,178,277,626,527
11056,"0131",867,781,821,86,46
11056,"0135",638,161,215,477,423
11057,"0131",290,401,428,-111,-138
11057,"0135",255,20,29,235,226
11058,"0131",343,491,508,-148,-165
11058,"0135",280,25,25,255,255
11059,"0131",234,232,325,2,-91
11059,"0135",183,11,10,172,173
11060,"0131",432,371,496,61,-64
11060,"0135",169,13,18,156,151
11061,"0131",72,184,205,-112,-133
11061,"0135",219,13,24,206,195
11062,"0131",148,197,214,-49,-66
11062,"0135",135,15,21,120,114
11063,"0131",1276,1224,1579,52,-303
11063,"0135",1575,294,388,1281,1187
11064,"0131",1769,1444,1789,325,-20
11064,"0135",1722,325,573,1397,1149
11065,"0131",693,955,1189,-262,-496
11065,"0135",1368,178,254,1190,1114
11066,"0131",1717,1320,1773,397,-56
11066,"0135",1513,290,427,1223,1086
11067,"0131",0,455,0,-455,0
11067,"0135",0,56,0,-56,0
11068,"0131",0,112,0,-112,0
11068,"0135",0,7,0,-7,0
11069,"0131",0,22,0,-22,0
11069,"0135",0,2,0,-2,0
11070,"0131",0,0,0,0,0
11070,"0135",0,0,0,0,0
11071,"0131",0,0,0,0,0
11071,"0135",0,0,0,0,0
11072,"0131",0,179,0,-179,0
11072,"0135",0,26,0,-26,0
11073,"0131",0,11,0,-11,0
11073,"0135",0,1,0,-1,0
11074,"0131",0,0,0,0,0
11074,"0135",0,0,0,0,0
11075,"0131",0,29,0,-29,0
11075,"0135",0,1,0,-1,0
11076,"0131",0,21,0,-21,0
11076,"0135",0,2,0,-2,0
11077,"0131",0,39,0,-39,0
11077,"0135",0,2,0,-2,0
11078,"0131",0,0,0,0,0
11078,"0135",0,0,0,0,0
11079,"0131",0,0,0,0,0
11079,"0135",0,0,0,0,0
11080,"0131",0,0,0,0,0
11080,"0135",0,0,0,0,0
11081,"0131",644,571,575,73,69
11081,"0135",235,81,91,154,144
11082,"0131",41,164,173,-123,-132
11082,"0135",157,5,8,152,149
11083,"0131",0,402,0,-402,0
11083,"0135",0,93,0,-93,0
11084,"0131",0,17,0,-17,0
11084,"0135",0,7,0,-7,0
11085,"0131",0,0,0,0,0
11085,"0135",0,0,0,0,0
11086,"0131",0,42,0,-42,0
11086,"0135",0,17,0,-17,0
11087,"0131",0,94,0,-94,0
11087,"0135",0,12,0,-12,0
11088,"0131",0,39,0,-39,0
11088,"0135",0,2,0,-2,0
11089,"0131",0,0,0,0,0
11089,"0135",0,0,0,0,0
11090,"0131",0,0,0,0,0
11090,"0135",0,0,0,0,0
11091,"0131",0,46,0,-46,0
11091,"0135",0,3,0,-3,0
11092,"0131",0,187,0,-187,0
11092,"0135",0,11,0,-11,0
11093,"0131",0,67,0,-67,0
11093,"0135",0,12,0,-12,0
11094,"0131",559,432,552,127,7
11094,"0135",438,217,117,221,321
11095,"0131",155,103,129,52,26
11095,"0135",53,38,29,15,24
11096,"0131",14,40,85,-26,-71
11096,"0135",84,2,4,82,80
11097,"0131",0,616,0,-616,0
11097,"0135",0,33,0,-33,0
11098,"0131",0,0,0,0,0
11098,"0135",0,0,0,0,0
11099,"0131",0,232,0,-232,0
11099,"0135",0,5,0,-5,0
11100,"0131",0,74,0,-74,0
11100,"0135",0,6,0,-6,0
11101,"0131",0,12,0,-12,0
11101,"0135",0,2,0,-2,0
11102,"0131",0,0,0,0,0
11102,"0135",0,0,0,0,0
11103,"0131",1062,661,671,401,391
11103,"0135",1151,453,467,698,684
11104,"0131",1474,1010,929,464,545
11104,"0135",1669,641,623,1028,1046
11105,"0131",1779,1049,1031,730,748
11105,"0135",1839,740,796,1099,1043
11106,"0131",362,154,134,208,228
11106,"0135",105,93,100,12,5
11107,"0131",141,84,88,57,53
11107,"0135",134,86,85,48,49
11108,"0131",1496,1281,1276,215,220
11108,"0135",1489,412,455,1077,1034
11109,"0131",394,372,382,22,12
11109,"0135",614,162,184,452,430
11110,"0131",1416,573,594,843,822
11110,"0135",459,277,302,182,157
11111,"0131",157,210,212,-53,-55
11111,"0135",371,99,105,272,266
11112,"0131",1704,1257,1245,447,459
11112,"0135",1700,666,532,1034,1168
11113,"0131",1065,920,922,145,143
11113,"0135",1420,474,421,946,999
11114,"0131",64,69,69,-5,-5
11114,"0135",86,35,25,51,61
11115,"0131",418,293,289,125,129
11115,"0135",415,170,177,245,238
11116,"0131",46,101,111,-55,-65
11116,"0135",215,44,43,171,172
11117,"0131",72,39,50,33,22
11117,"0135",42,18,22,24,20
11118,"0131",939,723,722,216,217
11118,"0135",1013,348,358,665,655
11119,"0131",975,684,607,291,368
11119,"0135",943,352,378,591,565
11120,"0131",30,139,148,-109,-118
11120,"0135",320,64,63,256,257
11121,"0131",113,42,47,71,66
11121,"0135",18,28,33,-10,-15
11122,"0131",222,89,82,133,140
11122,"0135",9,43,58,-34,-49
11123,"0131",139,48,43,91,96
11123,"0135",25,39,42,-14,-17
11124,"0131",344,247,220,97,124
11124,"0135",170,69,84,101,86
11125,"0131",406,384,364,22,42
11125,"0135",278,83,88,195,190
11126,"0131",182,78,77,104,105
11126,"0135",67,40,43,27,24
11127,"0131",26,32,35,-6,-9
11127,"0135",73,13,24,60,49
11128,"0131",1118,830,841,288,277
11128,"0135",1103,341,395,762,708
11129,"0131",1169,873,799,296,370
11129,"0135",1048,350,396,698,652
11130,"0131",1409,882,933,527,476
11130,"0135",1136,370,423,766,713
11131,"0131",964,669,705,295,259
11131,"0135",773,239,296,534,477
11132,"0131",222,116,139,106,83
11132,"0135",50,40,47,10,3
11133,"0131",1309,1405,1313,-96,-4
11133,"0135",1748,471,537,1277,1211
11134,"0131",15,68,59,-53,-44
11134,"0135",122,18,29,104,93
11135,"0131",732,652,782,80,-50
11135,"0135",1225,176,317,1049,908
11136,"0131",0,0,0,0,0
11136,"0135",0,0,0,0,0
11137,"0131",0,0,0,0,0
11137,"0135",0,0,0,0,0
11138,"0131",0,0,0,0,0
11138,"0135",0,0,0,0,0
11139,"0131",0,0,0,0,0
11139,"0135",0,0,0,0,0
11140,"0131",0,0,0,0,0
11140,"0135",0,0,0,0,0
11141,"0131",0,0,0,0,0
11141,"0135",0,0,0,0,0
11142,"0131",892,1060,1224,-168,-332
11142,"0135",1576,391,511,1185,1065
11143,"0131",1220,1138,1401,82,-181
11143,"0135",1770,497,671,1273,1099
11144,"0131",1527,1140,1261,387,266
11144,"0135",1232,402,608,830,624
11145,"0131",1314,1056,1230,258,84
11145,"0135",1226,372,510,854,716
11146,"0131",1980,1825,2325,155,-345
11146,"0135",2786,746,1058,2040,1728
11147,"0131",39,54,56,-15,-17
11147,"0135",67,12,18,55,49
11148,"0131",101,69,80,32,21
11148,"0135",126,27,35,99,91
11149,"0131",92,47,61,45,31
11149,"0135",2,9,6,-7,-4
11150,"0131",12,14,16,-2,-4
11150,"0135",12,4,3,8,9
11151,"0131",50,29,38,21,12
11151,"0135",9,4,5,5,4
11152,"0131",95,52,57,43,38
11152,"0135",17,18,19,-1,-2
11153,"0131",37,23,20,14,17
11153,"0135",2,4,9,-2,-7
11154,"0131",13,21,21,-8,-8
11154,"0135",37,8,17,29,20
11155,"0131",15,11,16,4,-1
11155,"0135",17,4,2,13,15
11156,"0131",47,33,48,14,-1
11156,"0135",19,6,9,13,10
11157,"0131",0,34,0,-34,0
11157,"0135",0,3,0,-3,0
11158,"0131",76,56,79,20,-3
11158,"0135",33,7,14,26,19
11159,"0131",392,199,284,193,108
11159,"0135",48,39,65,9,-17
11160,"0131",55,34,41,21,14
11160,"0135",29,11,13,18,16
11161,"0131",350,202,224,148,126
11161,"0135",103,73,109,30,-6
11162,"0131",10,26,37,-16,-27
11162,"0135",52,3,11,49,41
11163,"0131",40,221,215,-181,-175
11163,"0135",330,56,60,274,270
11164,"0131",20,119,148,-99,-128
11164,"0135",179,9,16,170,163
11165,"0131",147,383,406,-236,-259
11165,"0135",510,81,90,429,420
11166,"0131",56,159,167,-103,-111
11166,"0135",230,46,54,184,176
11167,"0131",1183,757,866,426,317
11167,"0135",699,266,362,433,337
11168,"0131",654,559,531,95,123
11168,"0135",411,160,224,251,187
11169,"0131",180,106,109,74,71
11169,"0135",25,19,37,6,-12
11170,"0131",22,36,45,-14,-23
11170,"0135",45,14,9,31,36
11171,"0131",1935,1695,2148,240,-213
11171,"0135",2247,1045,874,1202,1373
11172,"0131",1651,1193,1467,458,184
11172,"0135",1389,728,680,661,709
11173,"0131",40,21,32,19,8
11173,"0135",14,17,16,-3,-2
11174,"0131",33,40,41,-7,-8
11174,"0135",33,9,11,24,22
11175,"0131",36,33,67,3,-31
11175,"0135",57,13,12,44,45
11176,"0131",438,499,729,-61,-291
11176,"0135",921,344,254,577,667
11177,"0131",0,97,126,-97,-126
11177,"0135",200,26,21,174,179
11178,"0131",902,851,828,51,74
11178,"0135",623,202,270,421,353
11179,"0131",465,625,672,-160,-207
11179,"0135",570,180,144,390,426
11180,"0131",127,138,138,-11,-11
11180,"0135",108,42,44,66,64
11181,"0131",37,64,57,-27,-20
11181,"0135",42,11,13,31,29
11182,"0131",51,118,85,-67,-34
11182,"0135",140,18,16,122,124
11183,"0131",377,304,350,73,27
11183,"0135",210,75,82,135,128
11184,"0131",54,32,45,22,9
11184,"0135",11,5,15,6,-4
11185,"0131",90,62,59,28,31
11185,"0135",4,21,11,-17,-7
11186,"0131",71,96,126,-25,-55
11186,"0135",92,4,7,88,85
11187,"0131",11,15,18,-4,-7
11187,"0135",21,0,5,21,16
11188,"0131",358,384,408,-26,-50
11188,"0135",490,171,207,319,283
11189,"0131",299,280,294,19,5
11189,"0135",341,127,129,214,212
11190,"0131",13,41,45,-28,-32
11190,"0135",64,20,12,44,52
11191,"0131",309,379,416,-70,-107
11191,"0135",262,55,50,207,212
11192,"0131",238,304,328,-66,-90
11192,"0135",198,34,23,164,175
11193,"0131",138,143,137,-5,1
11193,"0135",54,16,22,38,32
11194,"0131",11,21,31,-10,-20
11194,"0135",39,5,13,34,26
11195,"0131",216,197,218,19,-2
11195,"0135",81,41,19,40,62
11196,"0131",36,153,154,-117,-118
11196,"0135",254,55,49,199,205
11197,"0131",1401,970,1022,431,379
11197,"0135",1073,559,535,514,538
11198,"0131",101,202,240,-101,-139
11198,"0135",375,89,113,286,262
11199,"0131",40,48,46,-8,-6
11199,"0135",60,28,29,32,31
11200,"0131",1,49,59,-48,-58
11200,"0135",95,13,18,82,77
11201,"0131",259,446,402,-187,-143
11201,"0135",482,86,78,396,404
11202,"0131",262,176,159,86,103
11202,"0135",56,46,42,10,14
11203,"0131",30,54,56,-24,-26
11203,"0135",70,20,15,50,55
11204,"0131",2062,1263,1293,799,769
11204,"0135",1748,404,467,1344,1281
11205,"0131",565,690,687,-125,-122
11205,"0135",1623,297,304,1326,1319
11206,"0131",2546,1700,1592,846,954
11206,"0135",2259,696,649,1563,1610
11207,"0131",802,674,671,128,131
11207,"0135",1262,268,273,994,989
11208,"0131",57,177,196,-120,-139
11208,"0135",358,52,49,306,309
11209,"0131",34,65,77,-31,-43
11209,"0135",169,39,34,130,135
11210,"0131",110,87,75,23,35
11210,"0135",186,117,104,69,82
11211,"0131",108,63,61,45,47
11211,"0135",33,13,16,20,17
11212,"0131",1681,763,716,918,965
11212,"0135",584,449,512,135,72
11213,"0131",1556,672,683,884,873
11213,"0135",720,424,500,296,220
11214,"0131",1123,641,669,482,454
11214,"0135",1061,395,489,666,572
11215,"0131",2,25,33,-23,-31
11215,"0135",63,6,6,57,57
11216,"0131",74,54,60,20,14
11216,"0135",69,37,40,32,29
11217,"0131",0,0,0,0,0
11217,"0135",0,0,0,0,0
11218,"0131",1342,868,812,474,530
11218,"0135",1305,551,664,754,641
11219,"0131",48,28,38,20,10
11219,"0135",28,7,11,21,17
11220,"0131",45,39,48,6,-3
11220,"0135",67,14,9,53,58
11221,"0131",12,44,38,-32,-26
11221,"0135",79,8,10,71,69
11222,"0131",101,62,76,39,25
11222,"0135",26,0,17,26,9
11223,"0131",31,13,15,18,16
11223,"0135",6,4,2,2,4
11224,"0131",10,12,18,-2,-8
11224,"0135",38,6,7,32,31
11225,"0131",324,314,277,10,47
11225,"0135",253,60,59,193,194
11226,"0131",75,54,60,21,15
11226,"0135",111,68,24,43,87
11227,"0131",246,133,135,113,111
11227,"0135",19,74,35,-55,-16
11228,"0131",737,938,957,-201,-220
11228,"0135",1221,212,235,1009,986
11229,"0131",543,560,607,-17,-64
11229,"0135",711,134,192,577,519
11230,"0131",6,50,52,-44,-46
11230,"0135",126,12,24,114,102
11231,"0131",36,53,86,-17,-50
11231,"0135",124,22,28,102,96
11232,"0131",22,101,103,-79,-81
11232,"0135",130,11,26,119,104
11233,"0131",821,306,268,515,553
11233,"0135",884,785,1041,99,-157
11234,"0131",760,332,311,428,449
11234,"0135",1206,1012,1236,194,-30
11235,"0131",477,207,158,270,319
11235,"0135",512,495,617,17,-105
11236,"0131",255,104,112,151,143
11236,"0135",484,240,440,244,44
11237,"0131",1152,356,331,796,821
11237,"0135",740,798,1153,-58,-413
11238,"0131",574,453,386,121,188
11238,"0135",945,529,701,416,244
11239,"0131",1153,760,667,393,486
11239,"0135",1101,662,873,439,228
11240,"0131",1420,1257,935,163,485
11240,"0135",953,361,547,592,406
11241,"0131",1497,2136,1930,-639,-433
11241,"0135",1786,284,423,1502,1363
11242,"0131",1332,1281,1108,51,224
11242,"0135",1462,543,785,919,677
11243,"0131",830,624,496,206,334
11243,"0135",1149,680,865,469,284
11244,"0131",1210,624,512,586,698
11244,"0135",567,530,728,37,-161
11245,"0131",768,599,536,169,232
11245,"0135",1064,633,778,431,286
11246,"0131",1242,1039,846,203,396
11246,"0135",868,400,579,468,289
11247,"0131",1822,1643,1449,179,373
11247,"0135",1502,593,802,909,700
11248,"0131",760,555,441,205,319
11248,"0135",399,247,371,152,28
11249,"0131",1114,788,673,326,441
11249,"0135",994,615,784,379,210
11250,"0131",780,466,385,314,395
11250,"0135",552,438,556,114,-4
11251,"0131",899,829,745,70,154
11251,"0135",1125,576,755,549,370
11252,"0131",681,433,384,248,297
11252,"0135",937,633,844,304,93
11253,"0131",1204,1004,807,200,397
11253,"0135",1462,732,1003,730,459
11254,"0131",134,163,136,-29,-2
11254,"0135",451,247,317,204,134
11255,"0131",1096,654,572,442,524
11255,"0135",1060,871,1111,189,-51
11256,"0131",719,420,376,299,343
11256,"0135",914,727,916,187,-2
11257,"0131",790,456,381,334,409
11257,"0135",755,568,736,187,19
11258,"0131",1765,961,821,804,944
11258,"0135",1734,1580,1915,154,-181
11259,"0131",507,422,341,85,166
11259,"0135",742,319,524,423,218
11260,"0131",1289,1622,1383,-333,-94
11260,"0135",1943,492,790,1451,1153
11261,"0131",1297,1192,1005,105,292
11261,"0135",1183,425,605,758,578
11262,"0131",1028,951,725,77,303
11262,"0135",1495,839,1012,656,483
11263,"0131",911,1156,864,-245,47
11263,"0135",1186,358,520,828,666
11264,"0131",130,178,155,-48,-25
11264,"0135",494,237,296,257,198
11265,"0131",609,520,379,89,230
11265,"0135",674,491,540,183,134
11266,"0131",1357,1126,1002,231,355
11266,"0135",1135,425,662,710,473
11267,"0131",654,674,571,-20,83
11267,"0135",1184,498,686,686,498
11268,"0131",1167,751,679,416,488
11268,"0135",1195,711,913,484,282
11269,"0131",2063,1041,1001,1022,1062
11269,"0135",1469,836,1173,633,296
11270,"0131",1714,999,931,715,783
11270,"0135",1561,717,1107,844,454
11271,"0131",2460,1483,1540,977,920
11271,"0135",1528,651,968,877,560
11272,"0131",2375,1453,1465,922,910
11272,"0135",1593,750,1069,843,524
11273,"0131",1833,1031,998,802,835
11273,"0135",908,490,720,418,188
11274,"0131",2467,2183,2178,284,289
11274,"0135",1914,354,589,1560,1325
11275,"0131",1978,2102,2109,-124,-131
11275,"0135",2175,331,564,1844,1611
11276,"0131",440,576,567,-136,-127
11276,"0135",632,82,120,550,512
11277,"0131",1035,1127,1164,-92,-129
11277,"0135",1107,139,199,968,908
11278,"0131",721,643,740,78,-19
11278,"0135",612,86,119,526,493
11279,"0131",311,469,446,-158,-135
11279,"0135",670,110,155,560,515
11280,"0131",1225,1874,1575,-649,-350
11280,"0135",1860,382,570,1478,1290
11281,"0131",1840,2213,1884,-373,-44
11281,"0135",1979,445,732,1534,1247
11282,"0131",2424,2202,1878,222,546
11282,"0135",1397,508,717,889,680
11283,"0131",887,1762,1330,-875,-443
11283,"0135",1815,321,477,1494,1338
11284,"0131",1329,1809,1568,-480,-239
11284,"0135",1935,398,600,1537,1335
11285,"0131",2030,2475,2293,-445,-263
11285,"0135",2081,489,673,1592,1408
11286,"0131",1608,1937,1742,-329,-134
11286,"0135",1470,323,483,1147,987
11287,"0131",761,901,794,-140,-33
11287,"0135",819,200,282,619,537
11288,"0131",2217,2812,2580,-595,-363
11288,"0135",2030,290,547,1740,1483
11289,"0131",1910,1934,1876,-24,34
11289,"0135",1359,235,409,1124,950
11290,"0131",819,1078,1078,-259,-259
11290,"0135",1101,167,245,934,856
11291,"0131",1743,2214,1905,-471,-162
11291,"0135",1531,312,513,1219,1018
11292,"0131",1427,2224,1857,-797,-430
11292,"0135",1593,323,453,1270,1140
11293,"0131",1130,1647,1618,-517,-488
11293,"0135",1351,151,280,1200,1071
11294,"0131",1164,1876,1734,-712,-570
11294,"0135",1453,209,282,1244,1171
11295,"0131",761,894,825,-133,-64
11295,"0135",624,92,143,532,481
11296,"0131",1150,734,693,416,457
11296,"0135",806,382,562,424,244
11297,"0131",1485,991,988,494,497
11297,"0135",1295,547,839,748,456
11298,"0131",1033,998,921,35,112
11298,"0135",1710,522,827,1188,883
11299,"0131",1072,755,667,317,405
11299,"0135",877,350,586,527,291
11300,"0131",1857,1358,1400,499,457
11300,"0135",1831,659,1028,1172,803
11301,"0131",1047,862,802,185,245
11301,"0135",1355,522,734,833,621
11302,"0131",1309,934,880,375,429
11302,"0135",1134,440,712,694,422
11303,"0131",1508,848,797,660,711
11303,"0135",1279,708,1035,571,244
11304,"0131",1485,822,771,663,714
11304,"0135",1327,791,1125,536,202
11305,"0131",1208,821,748,387,460
11305,"0135",1533,745,1071,788,462
11306,"0131",1989,1177,1119,812,870
11306,"0135",1952,977,1490,975,462
11307,"0131",1267,485,506,782,761
11307,"0135",444,435,626,9,-182
11308,"0131",1928,1700,1559,228,369
11308,"0135",1864,521,829,1343,1035
11309,"0131",1829,1771,1640,58,189
11309,"0135",2206,565,868,1641,1338
11310,"0131",970,1338,1320,-368,-350
11310,"0135",2299,389,707,1910,1592
11311,"0131",537,868,877,-331,-340
11311,"0135",1046,118,194,928,852
11312,"0131",1293,1390,1392,-97,-99
11312,"0135",1303,238,364,1065,939
11313,"0131",2014,1972,2122,42,-108
11313,"0135",1197,139,215,1058,982
11314,"0131",1124,1462,1712,-338,-588
11314,"0135",1573,224,212,1349,1361
11315,"0131",785,1125,824,-340,-39
11315,"0135",878,149,166,729,712
11316,"0131",1059,1040,810,19,249
11316,"0135",591,137,147,454,444
11317,"0131",2669,3141,3068,-472,-399
11317,"0135",2735,448,680,2287,2055
11318,"0131",2587,2191,2145,396,442
11318,"0135",1488,366,604,1122,884
11319,"0131",1785,2163,2120,-378,-335
11319,"0135",1999,355,510,1644,1489
11320,"0131",2088,2351,2333,-263,-245
11320,"0135",2152,379,561,1773,1591
11321,"0131",2107,1866,1766,241,341
11321,"0135",1826,675,840,1151,986
11322,"0131",1868,2060,1872,-192,-4
11322,"0135",2369,653,908,1716,1461
11323,"0131",1341,1314,1290,27,51
11323,"0135",1598,430,618,1168,980
11324,"0131",2016,1737,1649,279,367
11324,"0135",1234,297,468,937,766
11325,"0131",1858,1929,1820,-71,38
11325,"0135",1528,376,509,1152,1019
11326,"0131",1631,1656,1710,-25,-79
11326,"0135",1718,298,483,1420,1235
11327,"0131",1132,2069,1832,-937,-700
11327,"0135",2440,366,508,2074,1932
11328,"0131",1480,1620,1587,-140,-107
11328,"0135",1547,254,382,1293,1165
11329,"0131",2595,2734,2556,-139,39
11329,"0135",2501,527,767,1974,1734
11330,"0131",1801,1599,1506,202,295
11330,"0135",1137,350,481,787,656
11331,"0131",1613,1782,1562,-169,51
11331,"0135",1620,443,590,1177,1030
11332,"0131",1302,1629,1518,-327,-216
11332,"0135",2104,507,707,1597,1397
11333,"0131",1549,1826,1536,-277,13
11333,"0135",2303,734,1012,1569,1291
11334,"0131",1517,1369,1347,148,170
11334,"0135",1827,662,889,1165,938
11335,"0131",227,263,271,-36,-44
11335,"0135",215,54,55,161,160
11336,"0131",656,630,687,26,-31
11336,"0135",565,151,173,414,392
11337,"0131",335,560,559,-225,-224
11337,"0135",628,78,122,550,506
11338,"0131",25,46,41,-21,-16
11338,"0135",49,7,12,42,37
11339,"0131",1746,2304,1821,-558,-75
11339,"0135",1916,513,285,1403,1631
11340,"0131",1036,1060,970,-24,66
11340,"0135",776,242,158,534,618
11341,"0131",386,596,535,-210,-149
11341,"0135",725,112,89,613,636
11342,"0131",1212,1767,1349,-555,-137
11342,"0135",1203,128,207,1075,996
11343,"0131",1316,1771,1352,-455,-36
11343,"0135",1066,167,277,899,789
11344,"0131",734,1328,1108,-594,-374
11344,"0135",1229,141,191,1088,1038
11345,"0131",1619,1353,1103,266,516
11345,"0135",917,534,764,383,153
11346,"0131",278,282,241,-4,37
11346,"0135",133,50,82,83,51
11347,"0131",124,175,180,-51,-56
11347,"0135",141,13,36,128,105
11348,"0131",31,109,106,-78,-75
11348,"0135",99,12,20,87,79
11349,"0131",954,784,658,170,296
11349,"0135",223,145,210,78,13
11350,"0131",151,173,151,-22,0
11350,"0135",104,32,45,72,59
11351,"0131",363,573,477,-210,-114
11351,"0135",482,97,128,385,354
11352,"0131",2760,1785,1622,975,1138
11352,"0135",1303,999,1131,304,172
11353,"0131",623,834,820,-211,-197
11353,"0135",840,182,195,658,645
11354,"0131",471,402,347,69,124
11354,"0135",163,66,90,97,73
11355,"0131",496,569,569,-73,-73
11355,"0135",549,132,153,417,396
11356,"0131",1921,2127,2148,-206,-227
11356,"0135",1731,393,405,1338,1326
11357,"0131",1294,2335,1932,-1041,-638
11357,"0135",1831,399,382,1432,1449
11358,"0131",459,445,434,14,25
11358,"0135",352,141,126,211,226
11359,"0131",678,1563,1120,-885,-442
11359,"0135",1144,125,173,1019,971
11360,"0131",586,1075,791,-489,-205
11360,"0135",701,75,106,626,595
11361,"0131",977,1341,1375,-364,-398
11361,"0135",1118,168,201,950,917
11362,"0131",1671,1835,1869,-164,-198
11362,"0135",1242,248,317,994,925
11363,"0131",687,676,686,11,1
11363,"0135",394,85,113,309,281
11364,"0131",957,1091,1084,-134,-127
11364,"0135",633,109,150,524,483
11365,"0131",651,1016,1029,-365,-378
11365,"0135",972,143,167,829,805
11366,"0131",912,1032,995,-120,-83
11366,"0135",723,139,176,584,547
11367,"0131",1584,1614,1581,-30,3
11367,"0135",1292,346,576,946,716
11368,"0131",1438,1412,1342,26,96
11368,"0135",1188,406,615,782,573
11369,"0131",1748,1908,1980,-160,-232
11369,"0135",1985,490,798,1495,1187
11370,"0131",543,538,739,5,-196
11370,"0135",536,61,89,475,447
11371,"0131",1224,1225,1250,-1,-26
11371,"0135",895,236,317,659,578
11372,"0131",1327,1264,1475,63,-148
11372,"0135",1106,239,367,867,739
11373,"0131",100,308,329,-208,-229
11373,"0135",401,29,45,372,356
11374,"0131",1312,1510,1588,-198,-276
11374,"0135",1003,119,168,884,835
11375,"0131",1182,1477,1063,-295,119
11375,"0135",1483,390,522,1093,961
11376,"0131",1391,1554,1133,-163,258
11376,"0135",1213,405,437,808,776
11377,"0131",658,936,805,-278,-147
11377,"0135",732,345,178,387,554
11378,"0131",57,207,175,-150,-118
11378,"0135",360,68,78,292,282
11379,"0131",648,803,674,-155,-26
11379,"0135",489,111,143,378,346
11380,"0131",420,723,542,-303,-122
11380,"0135",607,106,99,501,508
11381,"0131",969,1716,1547,-747,-578
11381,"0135",1361,268,347,1093,1014
11382,"0131",78,168,168,-90,-90
11382,"0135",160,20,19,140,141
11383,"0131",116,141,135,-25,-19
11383,"0135",92,13,29,79,63
11384,"0131",194,159,160,35,34
11384,"0135",25,23,19,2,6
11385,"0131",56,68,63,-12,-7
11385,"0135",68,13,18,55,50
11386,"0131",139,195,176,-56,-37
11386,"0135",189,37,25,152,164
11387,"0131",1120,1455,1093,-335,27
11387,"0135",939,194,223,745,716
11388,"0131",603,1385,977,-782,-374
11388,"0135",1224,170,206,1054,1018
11389,"0131",860,1840,1374,-980,-514
11389,"0135",1505,163,211,1342,1294
11390,"0131",1529,1789,1342,-260,187
11390,"0135",899,269,211,630,688
11391,"0131",228,390,296,-162,-68
11391,"0135",274,36,44,238,230
11392,"0131",97,173,314,-76,-217
11392,"0135",363,10,15,353,348
11393,"0131",1749,1330,932,419,817
11393,"0135",1376,544,664,832,712
11394,"0131",2370,1795,1444,575,926
11394,"0135",2276,859,873,1417,1403
11395,"0131",2021,2485,1870,-464,151
11395,"0135",2907,538,606,2369,2301
11396,"0131",1755,1519,1089,236,666
11396,"0135",1390,370,373,1020,1017
11397,"0131",248,238,246,10,2
11397,"0135",178,15,11,163,167
11398,"0131",356,376,384,-20,-28
11398,"0135",503,91,93,412,410
11399,"0131",516,392,342,124,174
11399,"0135",119,38,43,81,76
11400,"0131",532,635,561,-103,-29
11400,"0135",702,112,131,590,571
11401,"0131",276,340,318,-64,-42
11401,"0135",318,27,42,291,276
11402,"0131",337,296,304,41,33
11402,"0135",215,14,26,201,189
11403,"0131",24,133,127,-109,-103
11403,"0135",176,16,6,160,170
11404,"0131",80,227,194,-147,-114
11404,"0135",279,7,9,272,270
11405,"0131",143,76,107,67,36
11405,"0135",23,8,2,15,21
11406,"0131",1292,1673,1614,-381,-322
11406,"0135",2103,305,324,1798,1779
11407,"0131",25,93,95,-68,-70
11407,"0135",123,2,2,121,121
11408,"0131",99,128,107,-29,-8
11408,"0135",166,16,10,150,156
11409,"0131",16,71,78,-55,-62
11409,"0135",113,6,5,107,108
11410,"0131",355,351,385,4,-30
11410,"0135",303,32,22,271,281
11411,"0131",36,71,76,-35,-40
11411,"0135",85,4,2,81,83
11412,"0131",34,0,114,34,-80
11412,"0135",139,0,17,139,122
11413,"0131",1743,2371,1502,-628,241
11413,"0135",2241,436,621,1805,1620
11414,"0131",2087,2019,1287,68,800
11414,"0135",1387,381,539,1006,848
11415,"0131",201,198,114,3,87
11415,"0135",55,9,29,46,26
11416,"0131",119,175,141,-56,-22
11416,"0135",170,56,38,114,132
11417,"0131",244,521,429,-277,-185
11417,"0135",413,47,50,366,363
11418,"0131",64,134,147,-70,-83
11418,"0135",122,13,4,109,118
11419,"0131",247,402,255,-155,-8
11419,"0135",301,40,52,261,249
11420,"0131",288,549,356,-261,-68
11420,"0135",411,57,46,354,365
11421,"0131",375,489,328,-114,47
11421,"0135",318,51,47,267,271
11422,"0131",173,261,175,-88,-2
11422,"0135",202,48,48,154,154
11423,"0131",133,159,137,-26,-4
11423,"0135",68,7,9,61,59
11424,"0131",366,760,576,-394,-210
11424,"0135",686,104,95,582,591
11425,"0131",257,392,253,-135,4
11425,"0135",277,26,32,251,245
11426,"0131",42,265,177,-223,-135
11426,"0135",288,20,9,268,279
11427,"0131",228,512,405,-284,-177
11427,"0135",399,46,53,353,346
11428,"0131",464,778,452,-314,12
11428,"0135",426,40,107,386,319
11429,"0131",420,512,324,-92,96
11429,"0135",306,77,118,229,188
11430,"0131",1288,1658,1131,-370,157
11430,"0135",953,189,349,764,604
11431,"0131",443,473,315,-30,128
11431,"0135",89,48,84,41,5
11432,"0131",118,318,190,-200,-72
11432,"0135",171,8,37,163,134
11433,"0131",813,1363,1139,-550,-326
11433,"0135",1068,131,124,937,944
11434,"0131",191,138,108,53,83
11434,"0135",18,13,12,5,6
11435,"0131",324,585,569,-261,-245
11435,"0135",556,59,76,497,480
11436,"0131",1460,1806,1360,-346,100
11436,"0135",1074,280,380,794,694
11437,"0131",3272,1515,1385,1757,1887
11437,"0135",2420,426,831,1994,1589
11438,"0131",1173,405,350,768,823
11438,"0135",1204,468,803,736,401
11439,"0131",545,356,278,189,267
11439,"0135",1117,392,606,725,511
11440,"0131",980,616,525,364,455
11440,"0135",1452,280,519,1172,933
11441,"0131",802,483,439,319,363
11441,"0135",1250,274,488,976,762
11442,"0131",1021,555,447,466,574
11442,"0135",1456,393,626,1063,830
11443,"0131",1425,560,445,865,980
11443,"0135",1056,365,626,691,430
11444,"0131",929,622,571,307,358
11444,"0135",1395,204,359,1191,1036
11445,"0131",942,511,427,431,515
11445,"0135",851,161,276,690,575
11446,"0131",1078,591,491,487,587
11446,"0135",1018,216,362,802,656
11447,"0131",901,575,405,326,496
11447,"0135",1144,298,523,846,621
11448,"0131",987,504,441,483,546
11448,"0135",1094,394,526,700,568
11449,"0131",1544,513,522,1031,1022
11449,"0135",956,388,694,568,262
11450,"0131",821,343,281,478,540
11450,"0135",652,271,427,381,225
11451,"0131",791,476,325,315,466
11451,"0135",1079,398,517,681,562
11452,"0131",1017,476,382,541,635
11452,"0135",1103,348,547,755,556
11453,"0131",934,379,298,555,636
11453,"0135",879,320,482,559,397
11454,"0131",919,368,274,551,645
11454,"0135",721,314,503,407,218
11455,"0131",1319,424,369,895,950
11455,"0135",1197,317,720,880,477
11456,"0131",2290,721,567,1569,1723
11456,"0135",1625,625,1149,1000,476
11457,"0131",1495,503,460,992,1035
11457,"0135",1674,533,911,1141,763
11458,"0131",1779,706,612,1073,1167
11458,"0135",2001,726,1193,1275,808
11459,"0131",1167,454,436,713,731
11459,"0135",1517,966,1184,551,333
11460,"0131",1302,643,591,659,711
11460,"0135",1404,495,725,909,679
11461,"0131",687,255,228,432,459
11461,"0135",492,292,399,200,93
11462,"0131",379,232,225,147,154
11462,"0135",841,248,447,593,394
11463,"0131",507,235,199,272,308
11463,"0135",623,368,509,255,114
11464,"0131",692,237,205,455,487
11464,"0135",491,346,521,145,-30
11465,"0131",1990,526,547,1464,1443
11465,"0135",1403,1152,1660,251,-257
11466,"0131",552,175,108,377,444
11466,"0135",386,409,466,-23,-80
11467,"0131",494,229,210,265,284
11467,"0135",709,391,531,318,178
11468,"0131",375,358,304,17,71
11468,"0135",864,133,207,731,657
11469,"0131",1101,418,394,683,707
11469,"0135",899,660,667,239,232
11470,"0131",960,330,300,630,660
11470,"0135",701,579,700,122,1
11471,"0131",330,195,159,135,171
11471,"0135",644,314,447,330,197
11472,"0131",581,303,265,278,316
11472,"0135",933,465,691,468,242
11473,"0131",1283,388,384,895,899
11473,"0135",956,596,905,360,51
11474,"0131",847,427,419,420,428
11474,"0135",1377,577,824,800,553
11475,"0131",1522,739,645,783,877
11475,"0135",1336,436,685,900,651
11476,"0131",1973,887,769,1086,1204
11476,"0135",1526,375,677,1151,849
11477,"0131",1775,995,821,780,954
11477,"0135",1695,331,635,1364,1060
11478,"0131",1151,847,687,304,464
11478,"0135",2178,351,637,1827,1541
11479,"0131",1170,712,577,458,593
11479,"0135",2071,547,1008,1524,1063
11480,"0131",1571,652,587,919,984
11480,"0135",1692,447,987,1245,705
11481,"0131",1750,589,499,1161,1251
11481,"0135",1175,442,820,733,355
11482,"0131",1283,311,253,972,1030
11482,"0135",354,295,505,59,-151
11483,"0131",541,221,228,320,313
11483,"0135",1117,519,683,598,434
11484,"0131",1446,258,268,1188,1178
11484,"0135",749,639,900,110,-151
11485,"0131",863,369,366,494,497
11485,"0135",1867,716,1013,1151,854
11486,"0131",711,227,251,484,460
11486,"0135",968,573,661,395,307
11487,"0131",219,124,121,95,98
11487,"0135",573,217,302,356,271
11488,"0131",1155,256,304,899,851
11488,"0135",1324,306,661,1018,663
11489,"0131",902,227,235,675,667
11489,"0135",974,259,495,715,479
11490,"0131",1192,174,220,1018,972
11490,"0135",691,229,506,462,185
11491,"0131",592,157,158,435,434
11491,"0135",766,202,357,564,409
11492,"0131",647,402,432,245,215
11492,"0135",1025,139,324,886,701
11493,"0131",1048,191,220,857,828
11493,"0135",395,393,548,2,-153
11494,"0131",6,3,4,3,2
11494,"0135",10,4,3,6,7
11495,"0131",427,16,19,411,408
11495,"0135",28,24,68,4,-40
11496,"0131",8,7,6,1,2
11496,"0135",54,2,6,52,48
11497,"0131",25,7,9,18,16
11497,"0135",17,2,5,15,12
11498,"0131",182,46,37,136,145
11498,"0135",259,27,46,232,213
11499,"0131",233,107,202,126,31
11499,"0135",454,106,122,348,332
11500,"0131",25,3,3,22,22
11500,"0135",7,7,11,0,-4
11501,"0131",240,15,21,225,219
11501,"0135",122,13,22,109,100
11502,"0131",14,1,4,13,10
11502,"0135",101,7,10,94,91
11503,"0131",2,0,0,2,2
11503,"0135",19,0,6,19,13
11504,"0131",202,50,62,152,140
11504,"0135",109,22,49,87,60
11505,"0131",258,18,21,240,237
11505,"0135",46,42,54,4,-8
11506,"0131",503,25,32,478,471
11506,"0135",420,181,281,239,139
11507,"0131",684,120,111,564,573
11507,"0135",386,253,326,133,60
11508,"0131",119,86,62,33,57
11508,"0135",853,151,221,702,632
11509,"0131",589,93,113,496,476
11509,"0135",734,253,364,481,370
11510,"0131",755,127,136,628,619
11510,"0135",761,359,529,402,232
11511,"0131",5,0,0,5,5
11511,"0135",13,3,2,10,11
11512,"0131",0,0,1,0,-1
11512,"0135",21,2,3,19,18
11513,"0131",273,35,49,238,224
11513,"0135",171,27,114,144,57
11514,"0131",8,0,0,8,8
11514,"0135",12,0,1,12,11
11515,"0131",20,3,3,17,17
11515,"0135",1,7,8,-6,-7
11516,"0131",77,18,15,59,62
11516,"0135",7,20,33,-13,-26
11517,"0131",770,256,259,514,511
11517,"0135",603,356,430,247,173
11518,"0131",152,26,65,126,87
11518,"0135",204,62,71,142,133
11519,"0131",24,21,12,3,12
11519,"0135",49,8,20,41,29
11520,"0131",180,58,55,122,125
11520,"0135",51,39,69,12,-18
11521,"0131",66,55,65,11,1
11521,"0135",159,34,39,125,120
11522,"0131",15,1,2,14,13
11522,"0135",5,0,0,5,5
11523,"0131",375,170,121,205,254
11523,"0135",734,200,316,534,418
11524,"0131",455,155,114,300,341
11524,"0135",709,187,303,522,406
11525,"0131",2249,405,328,1844,1921
11525,"0135",1879,1005,1529,874,350
11526,"0131",773,136,150,637,623
11526,"0135",1205,581,721,624,484
11527,"0131",1876,420,329,1456,1547
11527,"0135",1796,1055,1378,741,418
11528,"0131",1414,244,201,1170,1213
11528,"0135",1003,755,1011,248,-8
11529,"0131",1484,319,275,1165,1209
11529,"0135",1545,822,1305,723,240
11530,"0131",763,198,158,565,605
11530,"0135",1187,582,901,605,286
11531,"0131",872,180,159,692,713
11531,"0135",806,529,728,277,78
11532,"0131",346,56,75,290,271
11532,"0135",299,107,167,192,132
11533,"0131",1538,307,303,1231,1235
11533,"0135",925,310,663,615,262
11534,"0131",845,386,252,459,593
11534,"0135",1202,373,612,829,590
11535,"0131",904,356,266,548,638
11535,"0135",1037,360,552,677,485
11536,"0131",596,153,148,443,448
11536,"0135",875,549,682,326,193
11537,"0131",1855,594,553,1261,1302
11537,"0135",2472,1506,1915,966,557
11538,"0131",1119,247,207,872,912
11538,"0135",968,813,1034,155,-66
11539,"0131",725,146,147,579,578
11539,"0135",566,393,602,173,-36
11540,"0131",1777,285,293,1492,1484
11540,"0135",1253,966,1603,287,-350
11541,"0131",753,231,215,522,538
11541,"0135",1303,1032,1188,271,115
11542,"0131",529,89,99,440,430
11542,"0135",449,401,522,48,-73
11543,"0131",578,85,85,493,493
11543,"0135",424,429,509,-5,-85
11544,"0131",482,159,142,323,340
11544,"0135",761,125,355,636,406
11545,"0131",730,162,160,568,570
11545,"0135",536,273,360,263,176
11546,"0131",1549,337,347,1212,1202
11546,"0135",1614,379,725,1235,889
11547,"0131",1882,529,427,1353,1455
11547,"0135",1851,831,1161,1020,690
11548,"0131",1532,390,303,1142,1229
11548,"0135",1473,694,942,779,531
11549,"0131",2584,535,418,2049,2166
11549,"0135",1763,818,1372,945,391
11550,"0131",1342,393,336,949,1006
11550,"0135",1222,308,583,914,639
11551,"0131",899,99,87,800,812
11551,"0135",162,333,438,-171,-276
11552,"0131",2811,540,423,2271,2388
11552,"0135",2760,1288,2114,1472,646
11553,"0131",14,3,2,11,12
11553,"0135",1,2,2,-1,-1
11554,"0131",79,12,6,67,73
11554,"0135",29,11,26,18,3
11555,"0131",11,3,1,8,10
11555,"0135",2,2,3,0,-1
11556,"0131",614,136,166,478,448
11556,"0135",660,152,258,508,402
11557,"0131",810,145,143,665,667
11557,"0135",347,188,250,159,97
11558,"0131",377,46,81,331,296
11558,"0135",258,153,206,105,52
11559,"0131",474,120,126,354,348
11559,"0135",458,247,308,211,150
11560,"0131",1027,102,148,925,879
11560,"0135",509,260,358,249,151
11561,"0131",359,62,46,297,313
11561,"0135",65,84,87,-19,-22
11562,"0131",206,73,70,133,136
11562,"0135",284,66,91,218,193
11563,"0131",0,0,0,0,0
11563,"0135",3,0,0,3,3
11564,"0131",6,9,14,-3,-8
11564,"0135",166,27,40,139,126
11565,"0131",10,5,2,5,8
11565,"0135",41,7,18,34,23
11566,"0131",118,25,18,93,100
11566,"0135",168,90,107,78,61
11567,"0131",186,11,14,175,172
11567,"0135",160,66,142,94,18
11568,"0131",132,8,9,124,123
11568,"0135",170,171,231,-1,-61
11569,"0131",139,33,47,106,92
11569,"0135",92,60,84,32,8
11570,"0131",869,340,314,529,555
11570,"0135",1776,762,945,1014,831
11571,"0131",680,180,177,500,503
11571,"0135",897,454,549,443,348
11572,"0131",353,62,46,291,307
11572,"0135",77,39,87,38,-10
11573,"0131",77,26,39,51,38
11573,"0135",127,33,33,94,94
11574,"0131",778,186,150,592,628
11574,"0135",813,362,379,451,434
11575,"0131",1418,287,227,1131,1191
11575,"0135",722,433,489,289,233
11576,"0131",322,217,93,105,229
11576,"0135",732,129,104,603,628
11577,"0131",234,118,73,116,161
11577,"0135",213,87,99,126,114
11578,"0131",529,123,84,406,445
11578,"0135",227,229,323,-2,-96
11579,"0131",1334,349,320,985,1014
11579,"0135",1204,803,1022,401,182
11580,"0131",0,0,0,0,0
11580,"0135",2,0,0,2,2
11581,"0131",571,169,141,402,430
11581,"0135",453,140,182,313,271
11582,"0131",153,266,200,-113,-47
11582,"0135",652,43,67,609,585
11583,"0131",255,20,54,235,201
11583,"0135",161,7,44,154,117
11584,"0131",0,0,0,0,0
11584,"0135",2,0,1,2,1
11585,"0131",317,95,52,222,265
11585,"0135",188,35,78,153,110
11586,"0131",69,45,32,24,37
11586,"0135",174,10,18,164,156
11587,"0131",90,25,24,65,66
11587,"0135",127,12,9,115,118
11588,"0131",380,28,56,352,324
11588,"0135",148,6,23,142,125
11589,"0131",46,7,6,39,40
11589,"0135",3,3,5,0,-2
11590,"0131",70,65,99,5,-29
11590,"0135",298,18,45,280,253
11591,"0131",93,47,54,46,39
11591,"0135",165,30,31,135,134
11592,"0131",2,0,0,2,2
11592,"0135",1,0,1,1,0
11593,"0131",1262,385,467,877,795
11593,"0135",1276,722,879,554,397
11594,"0131",847,229,256,618,591
11594,"0135",664,548,614,116,50
11595,"0131",78,9,18,69,60
11595,"0135",5,24,24,-19,-19
11596,"0131",17,3,2,14,15
11596,"0135",6,6,8,0,-2
11597,"0131",317,222,272,95,45
11597,"0135",334,19,59,315,275
11598,"0131",11,9,16,2,-5
11598,"0135",23,5,7,18,16
11599,"0131",16,19,12,-3,4
11599,"0135",189,4,15,185,174
11600,"0131",0,15,15,-15,-15
11600,"0135",27,2,3,25,24
11601,"0131",1638,394,429,1244,1209
11601,"0135",1016,561,860,455,156
11602,"0131",801,239,297,562,504
11602,"0135",912,479,570,433,342
11603,"0131",810,314,348,496,462
11603,"0135",544,369,430,175,114
11604,"0131",399,111,149,288,250
11604,"0135",249,157,194,92,55
11605,"0131",1028,307,375,721,653
11605,"0135",1150,725,942,425,208
11606,"0131",919,277,316,642,603
11606,"0135",1083,694,803,389,280
11607,"0131",1029,188,247,841,782
11607,"0135",234,429,565,-195,-331
11608,"0131",149,99,105,50,44
11608,"0135",292,136,162,156,130
11609,"0131",619,199,210,420,409
11609,"0135",635,322,451,313,184
11610,"0131",656,111,113,545,543
11610,"0135",138,141,261,-3,-123
11611,"0131",8,3,5,5,3
11611,"0135",28,4,9,24,19
11612,"0131",786,313,325,473,461
11612,"0135",886,340,376,546,510
11613,"0131",538,259,230,279,308
11613,"0135",633,243,279,390,354
11614,"0131",22,11,12,11,10
11614,"0135",17,1,3,16,14
11615,"0131",1,0,4,1,-3
11615,"0135",4,0,0,4,4
11616,"0131",0,0,0,0,0
11616,"0135",0,0,0,0,0
11617,"0131",0,0,2,0,-2
11617,"0135",8,0,0,8,8
11618,"0131",19,112,117,-93,-98
11618,"0135",374,15,45,359,329
11619,"0131",999,463,419,536,580
11619,"0135",572,282,350,290,222
11620,"0131",1291,730,841,561,450
11620,"0135",840,419,460,421,380
11621,"0131",927,563,727,364,200
11621,"0135",1169,352,489,817,680
11622,"0131",268,307,377,-39,-109
11622,"0135",778,155,234,623,544
11623,"0131",1108,473,316,635,792
11623,"0135",1025,494,579,531,446
11624,"0131",3,0,0,3,3
11624,"0135",1,0,1,1,0
11625,"0131",62,20,13,42,49
11625,"0135",37,21,27,16,10
11626,"0131",28,1,4,27,24
11626,"0135",4,4,2,0,2
11627,"0131",44,16,16,28,28
11627,"0135",13,1,2,12,11
11628,"0131",13,1,5,12,8
11628,"0135",10,3,12,7,-2
11629,"0131",104,66,87,38,17
11629,"0135",184,15,22,169,162
11630,"0131",4,4,0,0,4
11630,"0135",14,2,6,12,8
11631,"0131",7,8,7,-1,0
11631,"0135",39,5,7,34,32
11632,"0131",25,8,6,17,19
11632,"0135",13,2,1,11,12
11633,"0131",603,90,140,513,463
11633,"0135",181,68,124,113,57
11634,"0131",24,8,10,16,14
11634,"0135",10,3,3,7,7
11635,"0131",3,2,3,1,0
11635,"0135",7,1,3,6,4
11636,"0131",1,0,0,1,1
11636,"0135",2,1,1,1,1
11637,"0131",59,10,22,49,37
11637,"0135",40,7,23,33,17
11638,"0131",23,10,12,13,11
11638,"0135",52,6,6,46,46
11639,"0131",311,49,50,262,261
11639,"0135",255,74,112,181,143
11640,"0131",0,3,0,-3,0
11640,"0135",0,4,0,-4,0
11641,"0131",217,85,266,132,-49
11641,"0135",585,45,98,540,487
11642,"0131",701,149,169,552,532
11642,"0135",446,314,363,132,83
11643,"0131",514,81,78,433,436
11643,"0135",319,165,267,154,52
11644,"0131",162,6,15,156,147
11644,"0135",121,16,70,105,51
11645,"0131",4,4,5,0,-1
11645,"0135",9,1,2,8,7
11646,"0131",27,37,53,-10,-26
11646,"0135",282,58,56,224,226
11647,"0131",332,32,36,300,296
11647,"0135",274,230,280,44,-6
11648,"0131",129,5,9,124,120
11648,"0135",65,59,92,6,-27
11649,"0131",361,43,43,318,318
11649,"0135",542,240,212,302,330
11650,"0131",255,82,113,173,142
11650,"0135",514,223,281,291,233
11651,"0131",708,98,169,610,539
11651,"0135",330,268,308,62,22
11652,"0131",13,2,6,11,7
11652,"0135",11,3,5,8,6
11653,"0131",328,17,19,311,309
11653,"0135",155,144,135,11,20
11654,"0131",520,35,39,485,481
11654,"0135",214,105,90,109,124
11655,"0131",6,0,0,6,6
11655,"0135",2,0,2,2,0
11656,"0131",63,1,17,62,46
11656,"0135",128,3,29,125,99
11657,"0131",0,1,1,-1,-1
11657,"0135",2,0,0,2,2
11658,"0131",636,762,831,-126,-195
11658,"0135",1051,426,405,625,646
11659,"0131",575,725,826,-150,-251
11659,"0135",977,458,456,519,521
11660,"0131",948,646,717,302,231
11660,"0135",532,375,373,157,159
11661,"0131",1043,737,851,306,192
11661,"0135",610,422,391,188,219
11662,"0131",532,410,447,122,85
11662,"0135",440,226,231,214,209
11663,"0131",8,12,14,-4,-6
11663,"0135",20,4,5,16,15
11664,"0131",136,309,378,-173,-242
11664,"0135",416,98,110,318,306
11665,"0131",605,733,772,-128,-167
11665,"0135",1147,381,445,766,702
11666,"0131",916,767,809,149,107
11666,"0135",922,360,449,562,473
11667,"0131",794,620,695,174,99
11667,"0135",747,315,369,432,378
11668,"0131",632,690,715,-58,-83
11668,"0135",967,256,368,711,599
11669,"0131",572,662,694,-90,-122
11669,"0135",1016,324,402,692,614
11670,"0131",913,831,915,82,-2
11670,"0135",1066,396,496,670,570
11671,"0131",838,492,541,346,297
11671,"0135",494,334,357,160,137
11672,"0131",717,591,681,126,36
11672,"0135",846,304,393,542,453
11673,"0131",439,551,597,-112,-158
11673,"0135",924,215,336,709,588
11674,"0131",688,662,708,26,-20
11674,"0135",910,311,416,599,494
11675,"0131",1067,541,599,526,468
11675,"0135",312,308,332,4,-20
11676,"0131",898,653,708,245,190
11676,"0135",714,327,414,387,300
11677,"0131",396,557,592,-161,-196
11677,"0135",944,288,336,656,608
11678,"0131",667,529,595,138,72
11678,"0135",690,273,349,417,341
11679,"0131",1115,712,796,403,319
11679,"0135",681,368,443,313,238
11680,"0131",898,569,647,329,251
11680,"0135",473,267,332,206,141
11681,"0131",1134,616,771,518,363
11681,"0135",659,381,473,278,186
11682,"0131",1196,731,789,465,407
11682,"0135",608,316,478,292,130
11683,"0131",904,724,824,180,80
11683,"0135",958,380,490,578,468
11684,"0131",392,319,338,73,54
11684,"0135",344,157,172,187,172
11685,"0131",355,268,303,87,52
11685,"0135",293,156,185,137,108
11686,"0131",6,7,6,-1,0
11686,"0135",7,2,3,5,4
11687,"0131",934,888,934,46,0
11687,"0135",961,310,302,651,659
11688,"0131",1126,836,902,290,224
11688,"0135",811,338,263,473,548
11689,"0131",644,848,820,-204,-176
11689,"0135",1139,373,303,766,836
11690,"0131",562,750,819,-188,-257
11690,"0135",1086,306,282,780,804
11691,"0131",1054,876,946,178,108
11691,"0135",912,344,317,568,595
11692,"0131",828,1012,1084,-184,-256
11692,"0135",1394,390,360,1004,1034
11693,"0131",397,544,573,-147,-176
11693,"0135",832,201,208,631,624
11694,"0131",30,89,95,-59,-65
11694,"0135",177,73,72,104,105
11695,"0131",476,778,846,-302,-370
11695,"0135",1306,321,409,985,897
11696,"0131",1023,758,871,265,152
11696,"0135",949,364,510,585,439
11697,"0131",881,796,859,85,22
11697,"0135",1030,350,436,680,594
11698,"0131",1226,836,963,390,263
11698,"0135",765,362,427,403,338
11699,"0131",910,655,742,255,168
11699,"0135",679,285,344,394,335
11700,"0131",596,822,918,-226,-322
11700,"0135",1336,386,436,950,900
11701,"0131",668,409,460,259,208
11701,"0135",287,163,204,124,83
11702,"0131",6,1,4,5,2
11702,"0135",4,7,6,-3,-2
11703,"0131",0,0,0,0,0
11703,"0135",0,0,0,0,0
11704,"0131",861,950,1220,-89,-359
11704,"0135",1226,437,375,789,851
11705,"0131",632,760,988,-128,-356
11705,"0135",1038,323,296,715,742
11706,"0131",1,4,3,-3,-2
11706,"0135",5,2,2,3,3
11707,"0131",735,640,779,95,-44
11707,"0135",582,246,222,336,360
11708,"0131",742,441,562,301,180
11708,"0135",266,201,169,65,97
11709,"0131",1011,757,839,254,172
11709,"0135",701,402,401,299,300
11710,"0131",1116,654,675,462,441
11710,"0135",566,437,471,129,95
11711,"0131",914,642,669,272,245
11711,"0135",579,379,382,200,197
11712,"0131",433,474,504,-41,-71
11712,"0135",740,302,323,438,417
11713,"0131",9,3,7,6,2
11713,"0135",6,2,3,4,3
11714,"0131",1,0,2,1,-1
11714,"0135",3,1,2,2,1
11715,"0131",0,0,0,0,0
11715,"0135",0,0,0,0,0
11716,"0131",0,150,0,-150,0
11716,"0135",0,50,0,-50,0
11717,"0131",823,852,932,-29,-109
11717,"0135",654,284,245,370,409
11718,"0131",608,660,709,-52,-101
11718,"0135",454,172,143,282,311
11719,"0131",9,2,4,7,5
11719,"0135",7,9,8,-2,-1
11720,"0131",799,993,1045,-194,-246
11720,"0135",920,352,310,568,610
11721,"0131",1453,1207,1274,246,179
11721,"0135",733,433,456,300,277
11722,"0131",341,382,375,-41,-34
11722,"0135",334,109,137,225,197
11723,"0131",0,2,2,-2,-2
11723,"0135",3,2,0,1,3
11724,"0131",974,843,1019,131,-45
11724,"0135",829,416,376,413,453
11725,"0131",535,661,764,-126,-229
11725,"0135",712,238,216,474,496
11726,"0131",0,3,3,-3,-3
11726,"0135",9,0,3,9,6
11727,"0131",132,144,178,-12,-46
11727,"0135",81,26,17,55,64
11728,"0131",348,354,486,-6,-138
11728,"0135",516,114,156,402,360
11729,"0131",939,893,1204,46,-265
11729,"0135",994,353,351,641,643
11730,"0131",765,770,918,-5,-153
11730,"0135",723,289,272,434,451
11731,"0131",830,701,875,129,-45
11731,"0135",653,258,303,395,350
11732,"0131",675,995,1170,-320,-495
11732,"0135",1286,359,380,927,906
11733,"0131",1098,834,1036,264,62
11733,"0135",619,305,329,314,290
11734,"0131",738,762,857,-24,-119
11734,"0135",745,257,292,488,453
11735,"0131",629,591,698,38,-69
11735,"0135",528,202,221,326,307
11736,"0131",1177,716,906,461,271
11736,"0135",1105,605,723,500,382
11737,"0131",1336,810,942,526,394
11737,"0135",1030,747,774,283,256
11738,"0131",929,602,676,327,253
11738,"0135",848,627,654,221,194
11739,"0131",1127,705,840,422,287
11739,"0135",1187,817,830,370,357
11740,"0131",1059,714,801,345,258
11740,"0135",1169,828,843,341,326
11741,"0131",1016,794,932,222,84
11741,"0135",1291,697,729,594,562
11742,"0131",1056,731,858,325,198
11742,"0135",1171,653,702,518,469
11743,"0131",1456,965,1219,491,237
11743,"0135",1739,1012,1088,727,651
11744,"0131",1110,714,804,396,306
11744,"0135",1100,745,784,355,316
11745,"0131",1085,563,634,522,451
11745,"0135",719,619,658,100,61
11746,"0131",792,728,816,64,-24
11746,"0135",1463,751,803,712,660
11747,"0131",930,566,661,364,269
11747,"0135",859,566,618,293,241
11748,"0131",1114,707,846,407,268
11748,"0135",1189,740,731,449,458
11749,"0131",1505,756,877,749,628
11749,"0135",753,752,815,1,-62
11750,"0131",552,592,751,-40,-199
11750,"0135",1325,575,574,750,751
11751,"0131",1485,688,856,797,629
11751,"0135",816,777,800,39,16
11752,"0131",1049,637,715,412,334
11752,"0135",716,573,612,143,104
11753,"0131",213,429,499,-216,-286
11753,"0135",1172,415,487,757,685
11754,"0131",683,434,543,249,140
11754,"0135",713,509,486,204,227
11755,"0131",1043,609,706,434,337
11755,"0135",800,598,594,202,206
11756,"0131",848,556,676,292,172
11756,"0135",930,611,616,319,314
11757,"0131",1079,604,687,475,392
11757,"0135",766,629,632,137,134
11758,"0131",824,593,689,231,135
11758,"0135",917,590,630,327,287
11759,"0131",1176,732,836,444,340
11759,"0135",1043,727,783,316,260
11760,"0131",1094,557,671,537,423
11760,"0135",722,600,630,122,92
11761,"0131",644,617,744,27,-100
11761,"0135",1180,643,635,537,545
11762,"0131",1060,725,872,335,188
11762,"0135",1210,704,762,506,448
11763,"0131",1106,593,703,513,403
11763,"0135",699,622,632,77,67
11764,"0131",1173,675,765,498,408
11764,"0135",718,599,614,119,104
11765,"0131",1050,667,764,383,286
11765,"0135",804,553,559,251,245
11766,"0131",854,553,637,301,217
11766,"0135",888,549,612,339,276
11767,"0131",0,13,0,-13,0
11767,"0135",0,17,0,-17,0
11768,"0131",13,9,12,4,1
11768,"0135",12,0,6,12,6
11769,"0131",891,1139,1246,-248,-355
11769,"0135",869,198,198,671,671
11770,"0131",1113,1172,1266,-59,-153
11770,"0135",667,200,189,467,478
11771,"0131",831,1225,1132,-394,-301
11771,"0135",684,170,144,514,540
11772,"0131",843,952,1013,-109,-170
11772,"0135",573,153,162,420,411
11773,"0131",1,1,1,0,0
11773,"0135",1,1,1,0,0
11774,"0131",1202,1150,1256,52,-54
11774,"0135",628,244,268,384,360
11775,"0131",902,1250,1373,-348,-471
11775,"0135",1061,273,309,788,752
11776,"0131",600,874,968,-274,-368
11776,"0135",833,184,199,649,634
11777,"0131",1355,453,583,902,772
11777,"0135",1482,991,1478,491,4
11778,"0131",998,344,426,654,572
11778,"0135",710,599,815,111,-105
11779,"0131",1340,415,462,925,878
11779,"0135",911,855,1163,56,-252
11780,"0131",573,204,283,369,290
11780,"0135",781,512,712,269,69
11781,"0131",1209,721,795,488,414
11781,"0135",1198,648,865,550,333
11782,"0131",465,533,573,-68,-108
11782,"0135",1154,397,521,757,633
11783,"0131",577,463,497,114,80
11783,"0135",789,330,431,459,358
11784,"0131",1026,612,667,414,359
11784,"0135",830,412,616,418,214
11785,"0131",284,292,338,-8,-54
11785,"0135",591,209,279,382,312
11786,"0131",56,112,147,-56,-91
11786,"0135",447,139,201,308,246
11787,"0131",1086,250,395,836,691
11787,"0135",545,510,812,35,-267
11788,"0131",607,198,205,409,402
11788,"0135",509,389,628,120,-119
11789,"0131",881,374,646,507,235
11789,"0135",692,459,604,233,88
11790,"0131",1303,355,452,948,851
11790,"0135",305,477,720,-172,-415
11791,"0131",279,173,210,106,69
11791,"0135",518,252,382,266,136
11792,"0131",726,288,318,438,408
11792,"0135",729,469,727,260,2
11793,"0131",581,246,267,335,314
11793,"0135",453,285,490,168,-37
11794,"0131",694,204,203,490,491
11794,"0135",389,340,494,49,-105
11795,"0131",341,125,121,216,220
11795,"0135",515,331,472,184,43
11796,"0131",630,321,386,309,244
11796,"0135",485,266,470,219,15
11797,"0131",84,125,152,-41,-68
11797,"0135",338,117,181,221,157
11798,"0131",790,432,421,358,369
11798,"0135",861,458,700,403,161
11799,"0131",818,543,629,275,189
11799,"0135",1117,488,752,629,365
11800,"0131",895,366,412,529,483
11800,"0135",511,377,568,134,-57
11801,"0131",377,239,256,138,121
11801,"0135",1077,657,811,420,266
11802,"0131",453,114,139,339,314
11802,"0135",353,357,448,-4,-95
11803,"0131",0,0,1,0,-1
11803,"0135",1,0,0,1,1
11804,"0131",456,195,235,261,221
11804,"0135",392,246,345,146,47
11805,"0131",451,173,194,278,257
11805,"0135",193,184,254,9,-61
11806,"0131",1071,448,490,623,581
11806,"0135",862,636,768,226,94
11807,"0131",1023,437,465,586,558
11807,"0135",706,519,640,187,66
11808,"0131",1725,466,681,1259,1044
11808,"0135",1284,869,1197,415,87
11809,"0131",618,370,477,248,141
11809,"0135",1781,732,1080,1049,701
11810,"0131",1348,493,614,855,734
11810,"0135",1632,1004,1294,628,338
11811,"0131",1430,512,652,918,778
11811,"0135",1530,905,1198,625,332
11812,"0131",1415,421,521,994,894
11812,"0135",1055,741,1029,314,26
11813,"0131",1166,396,515,770,651
11813,"0135",1228,686,927,542,301
11814,"0131",1262,342,473,920,789
11814,"0135",878,584,873,294,5
11815,"0131",1011,286,354,725,657
11815,"0135",651,550,716,101,-65
11816,"0131",992,245,308,747,684
11816,"0135",656,547,755,109,-99
11817,"0131",329,171,180,158,149
11817,"0135",540,299,393,241,147
11818,"0131",5,6,8,-1,-3
11818,"0135",35,13,16,22,19
11819,"0131",15,2,1,13,14
11819,"0135",12,18,20,-6,-8
11820,"0131",239,69,80,170,159
11820,"0135",95,85,103,10,-8
11821,"0131",556,259,290,297,266
11821,"0135",269,168,246,101,23
11822,"0131",1290,349,454,941,836
11822,"0135",880,687,1027,193,-147
11823,"0131",554,198,264,356,290
11823,"0135",518,259,461,259,57
11824,"0131",811,235,425,576,386
11824,"0135",913,454,765,459,148
11825,"0131",815,404,445,411,370
11825,"0135",1093,688,926,405,167
11826,"0131",94,123,97,-29,-3
11826,"0135",423,310,257,113,166
11827,"0131",649,263,305,386,344
11827,"0135",542,406,548,136,-6
11828,"0131",358,225,259,133,99
11828,"0135",494,267,375,227,119
11829,"0131",168,84,104,84,64
11829,"0135",164,103,136,61,28
11830,"0131",520,199,226,321,294
11830,"0135",340,247,349,93,-9
11831,"0131",210,122,138,88,72
11831,"0135",307,158,228,149,79
11832,"0131",349,91,124,258,225
11832,"0135",174,184,224,-10,-50
11833,"0131",158,145,152,13,6
11833,"0135",377,147,201,230,176
11834,"0131",343,150,173,193,170
11834,"0135",306,171,253,135,53
11835,"0131",652,121,141,531,511
11835,"0135",174,389,460,-215,-286
11836,"0131",628,194,209,434,419
11836,"0135",481,465,584,16,-103
11837,"0131",714,210,257,504,457
11837,"0135",685,613,743,72,-58
11838,"0131",672,228,256,444,416
11838,"0135",663,582,703,81,-40
11839,"0131",59,13,14,46,45
11839,"0135",9,20,24,-11,-15
11840,"0131",264,148,167,116,97
11840,"0135",532,262,351,270,181
11841,"0131",33,82,104,-49,-71
11841,"0135",411,131,184,280,227
11842,"0131",17,15,17,2,0
11842,"0135",130,69,98,61,32
11843,"0131",14,19,28,-5,-14
11843,"0135",120,54,70,66,50
11844,"0131",141,23,22,118,119
11844,"0135",39,83,128,-44,-89
11845,"0131",27,69,51,-42,-24
11845,"0135",106,30,53,76,53
11846,"0131",369,273,264,96,105
11846,"0135",665,344,494,321,171
11847,"0131",70,26,35,44,35
11847,"0135",135,63,111,72,24
11848,"0131",1012,256,302,756,710
11848,"0135",529,552,731,-23,-202
11849,"0131",962,354,409,608,553
11849,"0135",896,647,852,249,44
11850,"0131",1477,543,606,934,871
11850,"0135",976,889,1134,87,-158
11851,"0131",906,491,535,415,371
11851,"0135",1306,797,1022,509,284
11852,"0131",609,319,345,290,264
11852,"0135",728,492,637,236,91
11853,"0131",858,425,497,433,361
11853,"0135",797,491,688,306,109
11854,"0131",1614,731,724,883,890
11854,"0135",1133,872,1250,261,-117
11855,"0131",807,446,496,361,311
11855,"0135",853,513,675,340,178
11856,"0131",767,514,538,253,229
11856,"0135",1260,657,888,603,372
11857,"0131",220,106,128,114,92
11857,"0135",338,210,296,128,42
11858,"0131",216,214,258,2,-42
11858,"0135",578,258,371,320,207
11859,"0131",294,89,117,205,177
11859,"0135",102,130,192,-28,-90
11860,"0131",29,8,9,21,20
11860,"0135",7,15,20,-8,-13
11861,"0131",28,10,10,18,18
11861,"0135",9,15,21,-6,-12
11862,"0131",307,110,129,197,178
11862,"0135",238,195,266,43,-28
11863,"0131",455,182,176,273,279
11863,"0135",289,222,350,67,-61
11864,"0131",98,77,79,21,19
11864,"0135",210,86,158,124,52
11865,"0131",990,432,467,558,523
11865,"0135",915,639,858,276,57
11866,"0131",103,87,114,16,-11
11866,"0135",437,189,251,248,186
11867,"0131",209,116,133,93,76
11867,"0135",534,276,367,258,167
11868,"0131",460,164,171,296,289
11868,"0135",99,187,266,-88,-167
11869,"0131",187,147,158,40,29
11869,"0135",302,155,224,147,78
11870,"0131",42,62,58,-20,-16
11870,"0135",152,66,93,86,59
11871,"0131",237,65,69,172,168
11871,"0135",335,246,327,89,8
11872,"0131",1516,755,973,761,543
11872,"0135",1415,820,1126,595,289
11873,"0131",1180,577,648,603,532
11873,"0135",1505,911,1236,594,269
11874,"0131",1506,711,836,795,670
11874,"0135",1457,932,1261,525,196
11875,"0131",685,457,559,228,126
11875,"0135",1190,530,760,660,430
11876,"0131",1112,484,567,628,545
11876,"0135",782,524,733,258,49
11877,"0131",1412,618,708,794,704
11877,"0135",1017,708,1026,309,-9
11878,"0131",1083,407,452,676,631
11878,"0135",534,517,700,17,-166
11879,"0131",895,549,669,346,226
11879,"0135",1527,712,1019,815,508
11880,"0131",806,436,515,370,291
11880,"0135",782,440,641,342,141
11881,"0131",494,279,327,215,167
11881,"0135",657,348,479,309,178
11882,"0131",780,370,428,410,352
11882,"0135",1081,603,851,478,230
11883,"0131",956,467,561,489,395
11883,"0135",1486,804,1125,682,361
11884,"0131",897,513,576,384,321
11884,"0135",1244,618,895,626,349
11885,"0131",689,527,602,162,87
11885,"0135",1769,809,1126,960,643
11886,"0131",683,275,315,408,368
11886,"0135",542,424,527,118,15
11887,"0131",1059,333,390,726,669
11887,"0135",648,580,842,68,-194
11888,"0131",1681,624,678,1057,1003
11888,"0135",1781,1369,1836,412,-55
11889,"0131",1556,634,681,922,875
11889,"0135",1897,1413,1860,484,37
11890,"0131",1084,550,602,534,482
11890,"0135",2059,1180,1620,879,439
11891,"0131",1296,416,435,880,861
11891,"0135",998,906,1268,92,-270
11892,"0131",618,347,362,271,256
11892,"0135",1127,703,911,424,216
11893,"0131",1100,425,442,675,658
11893,"0135",850,713,964,137,-114
11894,"0131",1141,374,404,767,737
11894,"0135",801,715,926,86,-125
11895,"0131",934,476,508,458,426
11895,"0135",1276,790,1089,486,187
11896,"0131",730,271,306,459,424
11896,"0135",644,480,642,164,2
11897,"0131",1389,487,523,902,866
11897,"0135",829,763,1086,66,-257
11898,"0131",1180,482,562,698,618
11898,"0135",1025,707,1004,318,21
11899,"0131",202,136,157,66,45
11899,"0135",563,227,402,336,161
11900,"0131",177,22,24,155,153
11900,"0135",51,89,139,-38,-88
11901,"0131",369,140,194,229,175
11901,"0135",425,270,385,155,40
11902,"0131",315,146,170,169,145
11902,"0135",296,182,262,114,34
11903,"0131",29,97,132,-68,-103
11903,"0135",419,133,205,286,214
11904,"0131",344,116,147,228,197
11904,"0135",621,349,531,272,90
11905,"0131",19,52,46,-33,-27
11905,"0135",115,37,50,78,65
11906,"0131",547,93,276,454,271
11906,"0135",475,255,405,220,70
11907,"0131",1196,275,754,921,442
11907,"0135",1064,265,666,799,398
11908,"0131",893,233,645,660,248
11908,"0135",1080,234,597,846,483
11909,"0131",556,106,362,450,194
11909,"0135",511,121,313,390,198
11910,"0131",125,6,19,119,106
11910,"0135",34,77,104,-43,-70
11911,"0131",381,209,224,172,157
11911,"0135",177,170,225,7,-48
11912,"0131",369,177,165,192,204
11912,"0135",102,168,219,-66,-117
11913,"0131",21,6,4,15,17
11913,"0135",15,10,23,5,-8
11914,"0131",274,252,276,22,-2
11914,"0135",639,253,356,386,283
11915,"0131",533,121,174,412,359
11915,"0135",316,301,457,15,-141
11916,"0131",291,53,70,238,221
11916,"0135",25,103,174,-78,-149
11917,"0131",206,94,106,112,100
11917,"0135",212,126,208,86,4
11918,"0131",949,428,496,521,453
11918,"0135",917,464,681,453,236
11919,"0131",652,376,412,276,240
11919,"0135",786,368,532,418,254
11920,"0131",120,64,95,56,25
11920,"0135",93,44,73,49,20
11921,"0131",1124,446,499,678,625
11921,"0135",790,669,857,121,-67
11922,"0131",1018,418,504,600,514
11922,"0135",990,684,883,306,107
11923,"0131",395,207,205,188,190
11923,"0135",452,234,368,218,84
11924,"0131",391,109,112,282,279
11924,"0135",245,215,354,30,-109
11925,"0131",127,58,63,69,64
11925,"0135",155,84,134,71,21
11926,"0131",102,12,18,90,84
11926,"0135",191,143,213,48,-22
11927,"0131",28,72,68,-44,-40
11927,"0135",100,11,42,89,58
11928,"0131",53,23,17,30,36
11928,"0135",54,44,58,10,-4
11929,"0131",30,4,7,26,23
11929,"0135",31,29,36,2,-5
11930,"0131",34,4,5,30,29
11930,"0135",59,42,57,17,2
11931,"0131",205,85,88,120,117
11931,"0135",78,49,90,29,-12
11932,"0131",8,2,1,6,7
11932,"0135",22,17,16,5,6
11933,"0131",497,350,401,147,96
11933,"0135",764,409,496,355,268
11934,"0131",407,325,376,82,31
11934,"0135",875,451,535,424,340
11935,"0131",850,297,369,553,481
11935,"0135",436,438,520,-2,-84
11936,"0131",489,309,359,180,130
11936,"0135",684,359,470,325,214
11937,"0131",1020,336,328,684,692
11937,"0135",350,402,567,-52,-217
11938,"0131",477,244,254,233,223
11938,"0135",477,286,380,191,97
11939,"0131",124,93,95,31,29
11939,"0135",150,69,98,81,52
11940,"0131",218,172,187,46,31
11940,"0135",252,111,151,141,101
11941,"0131",42,104,112,-62,-70
11941,"0135",247,76,87,171,160
11942,"0131",351,159,185,192,166
11942,"0135",232,198,266,34,-34
11943,"0131",301,162,155,139,146
11943,"0135",174,158,198,16,-24
11944,"0131",94,95,98,-1,-4
11944,"0135",179,85,113,94,66
11945,"0131",143,143,127,0,16
11945,"0135",596,310,384,286,212
11946,"0131",260,90,94,170,166
11946,"0135",168,123,158,45,10
11947,"0131",691,226,255,465,436
11947,"0135",365,332,457,33,-92
11948,"0131",49,156,165,-107,-116
11948,"0135",455,153,212,302,243
11949,"0131",377,132,165,245,212
11949,"0135",129,187,225,-58,-96
11950,"0131",370,241,298,129,72
11950,"0135",654,222,380,432,274
11951,"0131",385,239,373,146,12
11951,"0135",826,331,444,495,382
11952,"0131",549,317,364,232,185
11952,"0135",741,453,595,288,146
11953,"0131",944,326,375,618,569
11953,"0135",775,567,843,208,-68
11954,"0131",446,208,275,238,171
11954,"0135",658,413,522,245,136
11955,"0131",780,261,309,519,471
11955,"0135",394,384,509,10,-115
11956,"0131",1778,1155,1395,623,383
11956,"0135",1289,553,619,736,670
11957,"0131",311,375,418,-64,-107
11957,"0135",804,246,292,558,512
11958,"0131",977,772,850,205,127
11958,"0135",1544,679,787,865,757
11959,"0131",1167,903,1033,264,134
11959,"0135",1597,622,757,975,840
11960,"0131",1079,736,857,343,222
11960,"0135",1141,470,572,671,569
11961,"0131",1628,1054,1188,574,440
11961,"0135",1427,743,836,684,591
11962,"0131",617,383,442,234,175
11962,"0135",477,199,248,278,229
11963,"0131",614,816,949,-202,-335
11963,"0135",1924,567,658,1357,1266
11964,"0131",1214,569,655,645,559
11964,"0135",440,337,428,103,12
11965,"0131",990,783,861,207,129
11965,"0135",1472,600,719,872,753
11966,"0131",981,498,610,483,371
11966,"0135",693,402,456,291,237
11967,"0131",709,491,576,218,133
11967,"0135",614,248,270,366,344
11968,"0131",335,297,329,38,6
11968,"0135",502,163,211,339,291
11969,"0131",1114,791,877,323,237
11969,"0135",1387,569,702,818,685
11970,"0131",1027,755,860,272,167
11970,"0135",1068,420,496,648,572
11971,"0131",253,464,491,-211,-238
11971,"0135",1169,374,439,795,730
11972,"0131",1093,485,541,608,552
11972,"0135",331,337,391,-6,-60
11973,"0131",634,582,643,52,-9
11973,"0135",1010,361,449,649,561
11974,"0131",757,534,581,223,176
11974,"0135",612,274,348,338,264
11975,"0131",175,109,124,66,51
11975,"0135",196,99,115,97,81
11976,"0131",55,95,96,-40,-41
11976,"0135",141,34,43,107,98
11977,"0131",157,199,230,-42,-73
11977,"0135",272,91,103,181,169
11978,"0131",747,707,788,40,-41
11978,"0135",1217,504,584,713,633
11979,"0131",902,637,704,265,198
11979,"0135",717,380,466,337,251
11980,"0131",696,540,634,156,62
11980,"0135",670,342,374,328,296
11981,"0131",19,7,10,12,9
11981,"0135",12,11,10,1,2
11982,"0131",33,15,21,18,12
11982,"0135",10,11,13,-1,-3
11983,"0131",759,466,481,293,278
11983,"0135",483,345,441,138,42
11984,"0131",334,453,489,-119,-155
11984,"0135",715,285,335,430,380
11985,"0131",675,719,754,-44,-79
11985,"0135",813,310,364,503,449
11986,"0131",823,750,790,73,33
11986,"0135",690,293,356,397,334
11987,"0131",285,353,352,-68,-67
11987,"0135",517,217,271,300,246
11988,"0131",232,186,187,46,45
11988,"0135",186,91,105,95,81
11989,"0131",217,177,179,40,38
11989,"0135",159,105,113,54,46
11990,"0131",449,151,190,298,259
11990,"0135",543,351,454,192,89
11991,"0131",206,30,46,176,160
11991,"0135",6,57,100,-51,-94
11992,"0131",194,58,73,136,121
11992,"0135",117,66,120,51,-3
11993,"0131",420,187,189,233,231
11993,"0135",392,252,368,140,24
11994,"0131",129,119,129,10,0
11994,"0135",270,105,143,165,127
11995,"0131",276,113,115,163,161
11995,"0135",225,156,221,69,4
11996,"0131",865,659,625,206,240
11996,"0135",1092,499,797,593,295
11997,"0131",320,196,198,124,122
11997,"0135",396,218,288,178,108
11998,"0131",388,216,253,172,135
11998,"0135",460,288,375,172,85
11999,"0131",230,148,180,82,50
11999,"0135",305,159,225,146,80
12000,"0131",735,608,654,127,81
12000,"0135",612,245,359,367,253
12001,"0131",38,49,67,-11,-29
12001,"0135",148,34,81,114,67
12002,"0131",689,318,362,371,327
12002,"0135",620,436,562,184,58
12003,"0131",669,321,394,348,275
12003,"0135",617,413,522,204,95
12004,"0131",687,346,404,341,283
12004,"0135",584,424,526,160,58
12005,"0131",503,616,688,-113,-185
12005,"0135",1846,593,852,1253,994
12006,"0131",1195,457,549,738,646
12006,"0135",675,531,706,144,-31
12007,"0131",680,581,673,99,7
12007,"0135",1398,469,671,929,727
12008,"0131",1138,493,629,645,509
12008,"0135",1009,553,789,456,220
12009,"0131",897,388,441,509,456
12009,"0135",721,436,611,285,110
12010,"0131",888,474,567,414,321
12010,"0135",987,432,652,555,335
12011,"0131",698,283,323,415,375
12011,"0135",396,286,393,110,3
12012,"0131",259,238,316,21,-57
12012,"0135",587,217,281,370,306
12013,"0131",351,226,271,125,80
12013,"0135",500,221,299,279,201
12014,"0131",426,142,146,284,280
12014,"0135",198,223,278,-25,-80
12015,"0131",122,101,119,21,3
12015,"0135",189,59,81,130,108
12016,"0131",47,122,133,-75,-86
12016,"0135",251,69,66,182,185
12017,"0131",513,478,371,35,142
12017,"0135",588,294,454,294,134
12018,"0131",385,155,206,230,179
12018,"0135",416,213,312,203,104
12019,"0131",418,121,134,297,284
12019,"0135",104,131,186,-27,-82
12020,"0131",443,212,232,231,211
12020,"0135",344,215,290,129,54
12021,"0131",233,187,210,46,23
12021,"0135",429,153,236,276,193
12022,"0131",272,231,276,41,-4
12022,"0135",415,208,223,207,192
12023,"0131",741,338,379,403,362
12023,"0135",556,416,502,140,54
12024,"0131",548,320,372,228,176
12024,"0135",772,437,503,335,269
12025,"0131",210,199,206,11,4
12025,"0135",566,224,288,342,278
12026,"0131",1198,450,547,748,651
12026,"0135",876,712,832,164,44
12027,"0131",307,270,356,37,-49
12027,"0135",965,311,480,654,485
12028,"0131",1389,705,786,684,603
12028,"0135",1242,849,993,393,249
12029,"0131",1361,558,637,803,724
12029,"0135",1025,661,887,364,138
12030,"0131",256,166,184,90,72
12030,"0135",290,158,177,132,113
12031,"0131",182,130,139,52,43
12031,"0135",452,202,301,250,151
12032,"0131",650,194,244,456,406
12032,"0135",410,430,526,-20,-116
12033,"0131",681,240,306,441,375
12033,"0135",731,556,696,175,35
12034,"0131",805,527,569,278,236
12034,"0135",572,305,409,267,163
12035,"0131",506,458,452,48,54
12035,"0135",596,228,319,368,277
12036,"0131",363,256,265,107,98
12036,"0135",265,153,198,112,67
12037,"0131",202,143,181,59,21
12037,"0135",262,92,128,170,134
12038,"0131",674,399,469,275,205
12038,"0135",907,408,569,499,338
12039,"0131",388,298,358,90,30
12039,"0135",893,338,509,555,384
12040,"0131",352,375,401,-23,-49
12040,"0135",770,327,453,443,317
12041,"0131",925,640,686,285,239
12041,"0135",876,513,652,363,224
12042,"0131",566,333,405,233,161
12042,"0135",1057,591,732,466,325
12043,"0131",356,241,275,115,81
12043,"0135",713,399,493,314,220
12044,"0131",534,277,330,257,204
12044,"0135",798,485,642,313,156
12045,"0131",1127,551,696,576,431
12045,"0135",1512,739,1073,773,439
12046,"0131",552,266,331,286,221
12046,"0135",769,395,569,374,200
12047,"0131",809,518,629,291,180
12047,"0135",1887,828,1289,1059,598
12048,"0131",1342,525,638,817,704
12048,"0135",1338,905,1229,433,109
12049,"0131",1152,494,629,658,523
12049,"0135",1527,817,1213,710,314
12050,"0131",505,215,252,290,253
12050,"0135",556,321,468,235,88
12051,"0131",1190,504,590,686,600
12051,"0135",1473,912,1273,561,200
12052,"0131",1093,509,629,584,464
12052,"0135",1639,896,1205,743,434
12053,"0131",1174,501,598,673,576
12053,"0135",1472,805,1209,667,263
12054,"0131",1223,506,598,717,625
12054,"0135",1427,787,1162,640,265
12055,"0131",1430,568,644,862,786
12055,"0135",1223,801,1190,422,33
12056,"0131",1487,426,517,1061,970
12056,"0135",671,680,976,-9,-305
12057,"0131",1200,471,547,729,653
12057,"0135",1252,817,1196,435,56
12058,"0131",1258,501,626,757,632
12058,"0135",1148,704,1021,444,127
12059,"0131",331,263,312,68,19
12059,"0135",992,403,593,589,399
12060,"0131",694,236,293,458,401
12060,"0135",659,485,678,174,-19
12061,"0131",999,487,595,512,404
12061,"0135",1423,772,1072,651,351
12062,"0131",813,403,496,410,317
12062,"0135",1028,466,764,562,264
12063,"0131",2003,634,771,1369,1232
12063,"0135",1281,1073,1517,208,-236
12064,"0131",524,214,246,310,278
12064,"0135",533,333,486,200,47
12065,"0131",446,278,317,168,129
12065,"0135",856,348,531,508,325
12066,"0131",772,273,358,499,414
12066,"0135",530,385,554,145,-24
12067,"0131",401,202,241,199,160
12067,"0135",645,364,491,281,154
12068,"0131",570,313,353,257,217
12068,"0135",1016,636,802,380,214
12069,"0131",213,117,125,96,88
12069,"0135",320,191,258,129,62
12070,"0131",609,268,328,341,281
12070,"0135",693,464,576,229,117
12071,"0131",1627,551,643,1076,984
12071,"0135",1143,1036,1344,107,-201
12072,"0131",806,414,513,392,293
12072,"0135",831,528,684,303,147
12073,"0131",1357,585,655,772,702
12073,"0135",938,778,1027,160,-89
12074,"0131",863,621,663,242,200
12074,"0135",1368,690,992,678,376
12075,"0131",365,264,310,101,55
12075,"0135",582,278,374,304,208
12076,"0131",126,151,177,-25,-51
12076,"0135",168,70,71,98,97
12077,"0131",1096,803,773,293,323
12077,"0135",762,659,833,103,-71
12078,"0131",965,923,888,42,77
12078,"0135",1175,731,914,444,261
12079,"0131",669,456,469,213,200
12079,"0135",556,522,625,34,-69
12080,"0131",33,8,10,25,23
12080,"0135",4,16,22,-12,-18
12081,"0131",178,232,239,-54,-61
12081,"0135",263,91,119,172,144
12082,"0131",1,2,0,-1,1
12082,"0135",5,0,5,5,0
12083,"0131",242,68,85,174,157
12083,"0135",87,178,194,-91,-107
12084,"0131",55,14,15,41,40
12084,"0135",17,37,43,-20,-26
12085,"0131",1176,570,631,606,545
12085,"0135",657,605,808,52,-151
12086,"0131",813,567,596,246,217
12086,"0135",1547,1004,1283,543,264
12087,"0131",845,460,508,385,337
12087,"0135",721,569,698,152,23
12088,"0131",547,362,405,185,142
12088,"0135",500,367,433,133,67
12089,"0131",917,427,455,490,462
12089,"0135",611,576,753,35,-142
12090,"0131",798,348,393,450,405
12090,"0135",233,319,431,-86,-198
12091,"0131",1067,472,512,595,555
12091,"0135",781,733,927,48,-146
12092,"0131",1139,531,596,608,543
12092,"0135",645,623,773,22,-128
12093,"0131",1064,431,440,633,624
12093,"0135",491,628,797,-137,-306
12094,"0131",403,221,238,182,165
12094,"0135",552,412,494,140,58
12095,"0131",83,27,33,56,50
12095,"0135",63,80,96,-17,-33
12096,"0131",436,133,514,303,-78
12096,"0135",172,25,56,147,116
12097,"0131",1347,634,613,713,734
12097,"0135",829,769,982,60,-153
12098,"0131",1347,754,710,593,637
12098,"0135",1126,806,1077,320,49
12099,"0131",830,357,343,473,487
12099,"0135",439,398,584,41,-145
12100,"0131",2332,1611,1939,721,393
12100,"0135",1533,689,1081,844,452
12101,"0131",1767,1172,1371,595,396
12101,"0135",1053,586,798,467,255
12102,"0131",649,719,774,-70,-125
12102,"0135",1215,433,626,782,589
12103,"0131",1482,934,969,548,513
12103,"0135",1000,626,866,374,134
12104,"0131",1283,857,1039,426,244
12104,"0135",1195,600,794,595,401
12105,"0131",1162,674,772,488,390
12105,"0135",724,500,619,224,105
12106,"0131",1028,722,750,306,278
12106,"0135",900,519,672,381,228
12107,"0131",797,614,642,183,155
12107,"0135",839,388,535,451,304
12108,"0131",888,659,653,229,235
12108,"0135",771,416,583,355,188
12109,"0131",738,516,535,222,203
12109,"0135",706,359,529,347,177
12110,"0131",1182,677,754,505,428
12110,"0135",1264,854,1089,410,175
12111,"0131",1384,623,709,761,675
12111,"0135",1056,874,1153,182,-97
12112,"0131",1179,800,901,379,278
12112,"0135",1496,925,1140,571,356
12113,"0131",945,435,476,510,469
12113,"0135",665,587,757,78,-92
12114,"0131",731,436,529,295,202
12114,"0135",1389,867,1113,522,276
12115,"0131",1003,528,608,475,395
12115,"0135",822,630,796,192,26
12116,"0131",571,380,423,191,148
12116,"0135",1045,607,785,438,260
12117,"0131",251,116,129,135,122
12117,"0135",501,357,451,144,50
12118,"0131",26,39,61,-13,-35
12118,"0135",62,23,21,39,41
12119,"0131",319,143,175,176,144
12119,"0135",193,222,246,-29,-53
12120,"0131",310,179,222,131,88
12120,"0135",474,427,419,47,55
12121,"0131",198,117,153,81,45
12121,"0135",497,369,392,128,105
12122,"0131",285,208,220,77,65
12122,"0135",192,146,177,46,15
12123,"0131",50,16,19,34,31
12123,"0135",32,31,38,1,-6
12124,"0131",331,366,455,-35,-124
12124,"0135",588,315,355,273,233
12125,"0131",461,289,279,172,182
12125,"0135",142,156,177,-14,-35
12126,"0131",430,586,547,-156,-117
12126,"0135",462,158,180,304,282
12127,"0131",663,510,488,153,175
12127,"0135",168,173,163,-5,5
12128,"0131",5,19,18,-14,-13
12128,"0135",17,1,0,16,17
12129,"0131",167,150,159,17,8
12129,"0135",150,75,105,75,45
12130,"0131",1605,956,1058,649,547
12130,"0135",639,515,715,124,-76
12131,"0131",1043,836,955,207,88
12131,"0135",1175,564,804,611,371
12132,"0131",1418,887,1027,531,391
12132,"0135",1075,714,942,361,133
12133,"0131",1524,893,1147,631,377
12133,"0135",907,600,802,307,105
12134,"0131",627,356,394,271,233
12134,"0135",537,396,546,141,-9
12135,"0131",48,47,50,1,-2
12135,"0135",32,16,16,16,16
12136,"0131",1101,675,841,426,260
12136,"0135",608,377,368,231,240
12137,"0131",922,770,930,152,-8
12137,"0135",577,207,279,370,298
12138,"0131",645,545,633,100,12
12138,"0135",628,257,372,371,256
12139,"0131",1195,764,910,431,285
12139,"0135",825,451,655,374,170
12140,"0131",936,902,1120,34,-184
12140,"0135",1295,480,680,815,615
12141,"0131",483,497,595,-14,-112
12141,"0135",905,357,507,548,398
12142,"0131",521,682,719,-161,-198
12142,"0135",708,220,259,488,449
12143,"0131",428,732,842,-304,-414
12143,"0135",1062,254,319,808,743
12144,"0131",474,436,503,38,-29
12144,"0135",273,108,150,165,123
12145,"0131",1160,1065,1081,95,79
12145,"0135",643,370,429,273,214
12146,"0131",972,791,819,181,153
12146,"0135",456,330,394,126,62
12147,"0131",251,260,283,-9,-32
12147,"0135",186,62,76,124,110
12148,"0131",192,184,168,8,24
12148,"0135",5,13,17,-8,-12
12149,"0131",9,21,21,-12,-12
12149,"0135",28,13,10,15,18
12150,"0131",731,240,276,491,455
12150,"0135",128,378,486,-250,-358
12151,"0131",3,0,1,3,2
12151,"0135",1,2,3,-1,-2
12152,"0131",55,32,23,23,32
12152,"0135",18,27,29,-9,-11
12153,"0131",215,94,80,121,135
12153,"0135",85,161,177,-76,-92
12154,"0131",179,147,149,32,30
12154,"0135",170,103,153,67,17
12155,"0131",405,228,248,177,157
12155,"0135",397,301,409,96,-12
12156,"0131",552,210,275,342,277
12156,"0135",229,286,387,-57,-158
12157,"0131",119,65,75,54,44
12157,"0135",17,24,33,-7,-16
12158,"0131",239,135,137,104,102
12158,"0135",342,238,328,104,14
12159,"0131",51,26,30,25,21
12159,"0135",82,73,79,9,3
12160,"0131",32,31,31,1,1
12160,"0135",66,36,58,30,8
12161,"0131",369,158,181,211,188
12161,"0135",184,128,185,56,-1
12162,"0131",124,101,119,23,5
12162,"0135",237,92,139,145,98
12163,"0131",650,393,476,257,174
12163,"0135",657,277,364,380,293
12164,"0131",778,417,462,361,316
12164,"0135",836,465,616,371,220
12165,"0131",888,519,597,369,291
12165,"0135",959,514,641,445,318
12166,"0131",986,618,737,368,249
12166,"0135",1420,648,862,772,558
12167,"0131",687,516,647,171,40
12167,"0135",1158,417,592,741,566
12168,"0131",1203,710,829,493,374
12168,"0135",1021,602,681,419,340
12169,"0131",1535,864,1037,671,498
12169,"0135",1633,827,1023,806,610
12170,"0131",644,501,605,143,39
12170,"0135",1234,514,650,720,584
12171,"0131",1060,518,587,542,473
12171,"0135",808,513,628,295,180
12172,"0131",528,267,342,261,186
12172,"0135",556,313,378,243,178
12173,"0131",234,108,129,126,105
12173,"0135",291,142,194,149,97
12174,"0131",290,200,232,90,58
12174,"0135",490,239,314,251,176
12175,"0131",727,632,722,95,5
12175,"0135",1425,501,732,924,693
12176,"0131",915,488,536,427,379
12176,"0135",750,407,576,343,174
12177,"0131",321,156,205,165,116
12177,"0135",488,234,340,254,148
12178,"0131",543,164,209,379,334
12178,"0135",191,234,307,-43,-116
12179,"0131",105,130,135,-25,-30
12179,"0135",220,68,90,152,130
12180,"0131",936,601,666,335,270
12180,"0135",1147,561,661,586,486
12181,"0131",363,299,333,64,30
12181,"0135",421,149,191,272,230
12182,"0131",930,370,416,560,514
12182,"0135",928,682,892,246,36
12183,"0131",982,390,400,592,582
12183,"0135",617,537,708,80,-91
12184,"0131",1550,442,501,1108,1049
12184,"0135",602,755,963,-153,-361
12185,"0131",470,287,318,183,152
12185,"0135",836,442,599,394,237
12186,"0131",318,33,110,285,208
12186,"0135",178,136,245,42,-67
12187,"0131",19,9,15,10,4
12187,"0135",13,7,12,6,1
12188,"0131",550,507,527,43,23
12188,"0135",851,322,442,529,409
12189,"0131",530,381,425,149,105
12189,"0135",540,260,372,280,168
12190,"0131",555,285,313,270,242
12190,"0135",264,172,234,92,30
12191,"0131",371,198,236,173,135
12191,"0135",258,128,171,130,87
12192,"0131",715,222,246,493,469
12192,"0135",334,406,505,-72,-171
12193,"0131",376,209,242,167,134
12193,"0135",654,356,496,298,158
12194,"0131",728,253,279,475,449
12194,"0135",877,837,986,40,-109
12195,"0131",659,208,209,451,450
12195,"0135",763,744,881,19,-118
12196,"0131",402,118,125,284,277
12196,"0135",418,403,508,15,-90
12197,"0131",558,127,133,431,425
12197,"0135",247,380,473,-133,-226
12198,"0131",546,217,225,329,321
12198,"0135",809,632,774,177,35
12199,"0131",723,266,285,457,438
12199,"0135",801,684,883,117,-82
12200,"0131",656,157,161,499,495
12200,"0135",376,467,600,-91,-224
12201,"0131",584,187,202,397,382
12201,"0135",715,621,743,94,-28
12202,"0131",685,206,233,479,452
12202,"0135",657,640,769,17,-112
12203,"0131",487,172,180,315,307
12203,"0135",644,531,686,113,-42
12204,"0131",682,188,206,494,476
12204,"0135",428,393,599,35,-171
12205,"0131",644,282,297,362,347
12205,"0135",771,572,691,199,80
12206,"0131",984,717,810,267,174
12206,"0135",1233,473,690,760,543
12207,"0131",1252,796,885,456,367
12207,"0135",1220,647,774,573,446
12208,"0131",849,720,821,129,28
12208,"0135",1409,497,669,912,740
12209,"0131",654,463,575,191,79
12209,"0135",780,321,431,459,349
12210,"0131",1225,671,704,554,521
12210,"0135",1140,661,856,479,284
12211,"0131",1345,846,926,499,419
12211,"0135",1625,800,1048,825,577
12212,"0131",794,365,401,429,393
12212,"0135",1155,799,1012,356,143
12213,"0131",1009,279,292,730,717
12213,"0135",642,722,913,-80,-271
12214,"0131",505,149,152,356,353
12214,"0135",320,365,446,-45,-126
12215,"0131",516,195,205,321,311
12215,"0135",595,460,572,135,23
12216,"0131",388,199,198,189,190
12216,"0135",771,396,606,375,165
12217,"0131",1214,459,496,755,718
12217,"0135",964,872,1041,92,-77
12218,"0131",862,418,444,444,418
12218,"0135",1275,844,1074,431,201
12219,"0131",840,418,427,422,413
12219,"0135",1079,717,921,362,158
12220,"0131",737,237,255,500,482
12220,"0135",338,404,529,-66,-191
12221,"0131",1019,351,364,668,655
12221,"0135",599,557,719,42,-120
12222,"0131",1487,597,670,890,817
12222,"0135",1460,1042,1336,418,124
12223,"0131",624,320,342,304,282
12223,"0135",769,483,619,286,150
12224,"0131",901,924,1085,-23,-184
12224,"0135",928,177,228,751,700
12225,"0131",771,674,790,97,-19
12225,"0135",623,128,184,495,439
12226,"0131",463,507,635,-44,-172
12226,"0135",703,131,139,572,564
12227,"0131",1182,942,1164,240,18
12227,"0135",744,152,253,592,491
12228,"0131",91,104,116,-13,-25
12228,"0135",455,182,260,273,195
12229,"0131",1181,419,429,762,752
12229,"0135",962,822,1053,140,-91
12230,"0131",741,472,473,269,268
12230,"0135",1367,749,932,618,435
12231,"0131",940,390,405,550,535
12231,"0135",991,711,950,280,41
12232,"0131",1178,517,523,661,655
12232,"0135",990,700,905,290,85
12233,"0131",429,293,297,136,132
12233,"0135",627,273,401,354,226
12234,"0131",399,224,240,175,159
12234,"0135",671,384,467,287,204
12235,"0131",397,174,189,223,208
12235,"0135",402,258,341,144,61
12236,"0131",1886,696,735,1190,1151
12236,"0135",1051,953,1238,98,-187
12237,"0131",1464,624,649,840,815
12237,"0135",1172,827,1010,345,162
12238,"0131",771,521,537,250,234
12238,"0135",1425,675,867,750,558
12239,"0131",990,672,674,318,316
12239,"0135",825,335,442,490,383
12240,"0131",763,575,625,188,138
12240,"0135",920,348,459,572,461
12241,"0131",1173,800,946,373,227
12241,"0135",1254,402,654,852,600
12242,"0131",914,705,798,209,116
12242,"0135",1285,475,612,810,673
12243,"0131",793,385,449,408,344
12243,"0135",410,279,345,131,65
12244,"0131",824,593,719,231,105
12244,"0135",1129,411,498,718,631
12245,"0131",1039,542,643,497,396
12245,"0135",693,375,498,318,195
12246,"0131",561,392,467,169,94
12246,"0135",613,234,301,379,312
12247,"0131",544,406,459,138,85
12247,"0135",675,250,337,425,338
12248,"0131",681,388,471,293,210
12248,"0135",463,253,312,210,151
12249,"0131",1838,1053,1382,785,456
12249,"0135",1058,518,571,540,487
12250,"0131",1005,668,739,337,266
12250,"0135",581,249,292,332,289
12251,"0131",920,908,1108,12,-188
12251,"0135",1399,370,466,1029,933
12252,"0131",895,947,1274,-52,-379
12252,"0135",1726,388,499,1338,1227
12253,"0131",394,503,581,-109,-187
12253,"0135",781,162,233,619,548
12254,"0131",1156,1107,1373,49,-217
12254,"0135",1449,341,380,1108,1069
12255,"0131",376,400,455,-24,-79
12255,"0135",541,117,179,424,362
12256,"0131",324,358,465,-34,-141
12256,"0135",616,126,173,490,443
12257,"0131",1394,911,1117,483,277
12257,"0135",1264,448,578,816,686
12258,"0131",1357,1044,1211,313,146
12258,"0135",1622,566,715,1056,907
12259,"0131",1511,1088,1126,423,385
12259,"0135",1536,564,705,972,831
12260,"0131",326,288,292,38,34
12260,"0135",422,161,195,261,227
12261,"0131",1213,952,986,261,227
12261,"0135",1376,467,642,909,734
12262,"0131",1163,766,843,397,320
12262,"0135",791,290,429,501,362
12263,"0131",1940,1055,1175,885,765
12263,"0135",1045,575,730,470,315
12264,"0131",966,715,825,251,141
12264,"0135",991,297,407,694,584
12265,"0131",1035,759,855,276,180
12265,"0135",1188,435,572,753,616
12266,"0131",1435,822,971,613,464
12266,"0135",1025,494,599,531,426
12267,"0131",841,429,477,412,364
12267,"0135",351,226,265,125,86
12268,"0131",831,931,1031,-100,-200
12268,"0135",1841,559,655,1282,1186
12269,"0131",1057,717,810,340,247
12269,"0135",1102,428,505,674,597
12270,"0131",663,389,420,274,243
12270,"0135",325,134,191,191,134
12271,"0131",958,705,869,253,89
12271,"0135",1063,359,452,704,611
12272,"0131",1291,1010,1146,281,145
12272,"0135",1507,484,589,1023,918
12273,"0131",268,358,399,-90,-131
12273,"0135",702,175,204,527,498
12274,"0131",851,597,675,254,176
12274,"0135",866,306,407,560,459
12275,"0131",581,295,449,286,132
12275,"0135",616,221,317,395,299
12276,"0131",865,564,694,301,171
12276,"0135",735,308,389,427,346
12277,"0131",286,497,440,-211,-154
12277,"0135",782,186,250,596,532
12278,"0131",1245,646,674,599,571
12278,"0135",1306,664,841,642,465
12279,"0131",2448,1110,1189,1338,1259
12279,"0135",1672,1112,1396,560,276
12280,"0131",266,232,233,34,33
12280,"0135",551,198,261,353,290
12281,"0131",1214,720,783,494,431
12281,"0135",1669,766,1023,903,646
12282,"0131",185,148,151,37,34
12282,"0135",420,151,198,269,222
12283,"0131",713,706,898,7,-185
12283,"0135",693,189,171,504,522
12284,"0131",1222,1349,1651,-127,-429
12284,"0135",1521,369,389,1152,1132
12285,"0131",1369,700,778,669,591
12285,"0135",1322,810,1052,512,270
12286,"0131",1647,666,745,981,902
12286,"0135",1088,860,1099,228,-11
12287,"0131",586,526,536,60,50
12287,"0135",1295,679,719,616,576
12288,"0131",1156,629,679,527,477
12288,"0135",1264,746,924,518,340
12289,"0131",1430,606,657,824,773
12289,"0135",956,712,901,244,55
12290,"0131",655,396,421,259,234
12290,"0135",883,458,612,425,271
12291,"0131",814,403,445,411,369
12291,"0135",760,510,635,250,125
12292,"0131",640,304,318,336,322
12292,"0135",381,286,364,95,17
12293,"0131",801,473,505,328,296
12293,"0135",1086,564,737,522,349
12294,"0131",596,359,410,237,186
12294,"0135",855,429,558,426,297
12295,"0131",1384,774,825,610,559
12295,"0135",1265,714,902,551,363
12296,"0131",754,669,726,85,28
12296,"0135",1653,635,839,1018,814
12297,"0131",503,489,558,14,-55
12297,"0135",1366,508,619,858,747
12298,"0131",1378,782,790,596,588
12298,"0135",1437,745,1014,692,423
12299,"0131",1054,714,741,340,313
12299,"0135",1336,657,838,679,498
12300,"0131",973,613,652,360,321
12300,"0135",1136,568,707,568,429
12301,"0131",687,342,407,345,280
12301,"0135",669,392,440,277,229
12302,"0131",1698,858,855,840,843
12302,"0135",1462,917,1172,545,290
12303,"0131",901,456,494,445,407
12303,"0135",988,545,695,443,293
12304,"0131",1780,876,938,904,842
12304,"0135",1411,871,1064,540,347
12305,"0131",1330,567,647,763,683
12305,"0135",1025,683,837,342,188
12306,"0131",887,735,739,152,148
12306,"0135",1771,719,933,1052,838
12307,"0131",1722,594,630,1128,1092
12307,"0135",681,711,859,-30,-178
12308,"0131",976,520,554,456,422
12308,"0135",1220,701,871,519,349
12309,"0131",1042,650,693,392,349
12309,"0135",961,462,580,499,381
12310,"0131",1370,708,799,662,571
12310,"0135",953,483,662,470,291
12311,"0131",137,247,263,-110,-126
12311,"0135",640,172,243,468,397
12312,"0131",1191,604,688,587,503
12312,"0135",812,455,583,357,229
12313,"0131",868,756,913,112,-45
12313,"0135",1524,625,803,899,721
12314,"0131",734,510,570,224,164
12314,"0135",768,352,490,416,278
12315,"0131",1272,1135,1276,137,-4
12315,"0135",1888,736,993,1152,895
12316,"0131",1178,671,944,507,234
12316,"0135",1113,540,685,573,428
12317,"0131",839,426,447,413,392
12317,"0135",314,269,374,45,-60
12318,"0131",1050,801,817,249,233
12318,"0135",1310,555,741,755,569
12319,"0131",1466,740,820,726,646
12319,"0135",871,521,758,350,113
12320,"0131",1677,1161,1240,516,437
12320,"0135",1473,722,928,751,545
12321,"0131",681,347,427,334,254
12321,"0135",238,184,203,54,35
12322,"0131",992,883,954,109,38
12322,"0135",1658,647,850,1011,808
12323,"0131",875,660,710,215,165
12323,"0135",876,399,520,477,356
12324,"0131",420,174,198,246,222
12324,"0135",250,216,264,34,-14
12325,"0131",499,395,439,104,60
12325,"0135",442,181,285,261,157
12326,"0131",668,534,538,134,130
12326,"0135",809,333,395,476,414
12327,"0131",795,418,418,377,377
12327,"0135",474,281,352,193,122
12328,"0131",840,692,709,148,131
12328,"0135",945,329,387,616,558
12329,"0131",823,793,797,30,26
12329,"0135",1198,429,475,769,723
12330,"0131",179,361,350,-182,-171
12330,"0135",764,219,261,545,503
12331,"0131",80,70,85,10,-5
12331,"0135",166,65,99,101,67
12332,"0131",425,556,546,-131,-121
12332,"0135",1232,427,509,805,723
12333,"0131",573,452,438,121,135
12333,"0135",753,372,433,381,320
12334,"0131",882,464,411,418,471
12334,"0135",874,767,956,107,-82
12335,"0131",402,196,177,206,225
12335,"0135",340,343,404,-3,-64
12336,"0131",2045,819,1028,1226,1017
12336,"0135",1412,865,1087,547,325
12337,"0131",1197,850,885,347,312
12337,"0135",1985,844,1071,1141,914
12338,"0131",1405,700,708,705,697
12338,"0135",1222,707,955,515,267
12339,"0131",1530,905,939,625,591
12339,"0135",1596,749,970,847,626
12340,"0131",1084,515,526,569,558
12340,"0135",729,433,560,296,169
12341,"0131",1303,509,604,794,699
12341,"0135",791,512,653,279,138
12342,"0131",1564,929,923,635,641
12342,"0135",1579,716,984,863,595
12343,"0131",1067,557,605,510,462
12343,"0135",1011,549,696,462,315
12344,"0131",748,372,385,376,363
12344,"0135",503,269,399,234,104
12345,"0131",863,351,380,512,483
12345,"0135",185,200,324,-15,-139
12346,"0131",888,616,685,272,203
12346,"0135",994,466,616,528,378
12347,"0131",269,330,383,-61,-114
12347,"0135",737,235,321,502,416
12348,"0131",740,421,479,319,261
12348,"0135",584,325,429,259,155
12349,"0131",169,172,212,-3,-43
12349,"0135",347,105,155,242,192
12350,"0131",551,438,470,113,81
12350,"0135",754,301,431,453,323
12351,"0131",555,588,702,-33,-147
12351,"0135",757,203,270,554,487
12352,"0131",1291,962,1013,329,278
12352,"0135",1207,418,546,789,661
12353,"0131",1187,996,1099,191,88
12353,"0135",1581,470,619,1111,962
12354,"0131",810,446,433,364,377
12354,"0135",359,169,253,190,106
12355,"0131",1079,486,517,593,562
12355,"0135",1347,913,1143,434,204
12356,"0131",1091,446,465,645,626
12356,"0135",1090,778,976,312,114
12357,"0131",474,300,314,174,160
12357,"0135",894,461,594,433,300
12358,"0131",88,33,34,55,54
12358,"0135",16,46,49,-30,-33
12359,"0131",1351,731,731,620,620
12359,"0135",855,463,559,392,296
12360,"0131",1073,513,514,560,559
12360,"0135",354,266,345,88,9
12361,"0131",649,442,476,207,173
12361,"0135",469,249,330,220,139
12362,"0131",992,755,833,237,159
12362,"0135",912,374,542,538,370
12363,"0131",88,100,97,-12,-9
12363,"0135",176,89,112,87,64
12364,"0131",372,72,108,300,264
12364,"0135",174,239,309,-65,-135
12365,"0131",501,356,418,145,83
12365,"0135",947,425,547,522,400
12366,"0131",1166,621,687,545,479
12366,"0135",1608,925,1120,683,488
12367,"0131",1694,815,920,879,774
12367,"0135",1881,1186,1412,695,469
12368,"0131",1047,349,379,698,668
12368,"0135",217,387,472,-170,-255
12369,"0131",240,155,170,85,70
12369,"0135",416,186,276,230,140
12370,"0131",956,357,425,599,531
12370,"0135",941,592,865,349,76
12371,"0131",171,61,77,110,94
12371,"0135",51,73,98,-22,-47
12372,"0131",461,226,286,235,175
12372,"0135",663,311,459,352,204
12373,"0131",523,147,177,376,346
12373,"0135",110,257,283,-147,-173
12374,"0131",2,22,51,-20,-49
12374,"0135",120,44,46,76,74
12375,"0131",469,170,221,299,248
12375,"0135",118,108,179,10,-61
12376,"0131",757,349,364,408,393
12376,"0135",1480,961,1234,519,246
12377,"0131",1232,362,392,870,840
12377,"0135",1009,889,1233,120,-224
12378,"0131",1427,366,394,1061,1033
12378,"0135",1101,1081,1420,20,-319
12379,"0131",533,150,160,383,373
12379,"0135",694,503,724,191,-30
12380,"0131",231,76,77,155,154
12380,"0135",113,122,192,-9,-79
12381,"0131",821,526,565,295,256
12381,"0135",1346,715,916,631,430
12382,"0131",1430,472,494,958,936
12382,"0135",1003,937,1228,66,-225
12383,"0131",1183,573,562,610,621
12383,"0135",1473,999,1311,474,162
12384,"0131",1007,485,491,522,516
12384,"0135",1436,897,1170,539,266
12385,"0131",1220,567,592,653,628
12385,"0135",1485,942,1316,543,169
12386,"0131",1088,449,464,639,624
12386,"0135",795,596,816,199,-21
12387,"0131",1068,484,490,584,578
12387,"0135",1139,744,1019,395,120
12388,"0131",1288,571,602,717,686
12388,"0135",1387,912,1226,475,161
12389,"0131",1324,376,471,948,853
12389,"0135",542,549,729,-7,-187
12390,"0131",1284,547,564,737,720
12390,"0135",1155,797,1125,358,30
12391,"0131",474,199,218,275,256
12391,"0135",568,383,488,185,80
12392,"0131",475,161,155,314,320
12392,"0135",418,329,472,89,-54
12393,"0131",7,0,1,7,6
12393,"0135",5,11,9,-6,-4
12394,"0131",84,15,16,69,68
12394,"0135",29,33,59,-4,-30
12395,"0131",2,1,0,1,2
12395,"0135",4,1,3,3,1
12396,"0131",18,14,19,4,-1
12396,"0135",9,3,7,6,2
12397,"0131",699,259,247,440,452
12397,"0135",668,564,738,104,-70
12398,"0131",835,322,346,513,489
12398,"0135",982,747,994,235,-12
12399,"0131",609,462,514,147,95
12399,"0135",1231,610,780,621,451
12400,"0131",685,358,424,327,261
12400,"0135",570,345,501,225,69
12401,"0131",193,96,79,97,114
12401,"0135",289,171,266,118,23
12402,"0131",218,47,43,171,175
12402,"0135",14,78,124,-64,-110
12403,"0131",421,126,122,295,299
12403,"0135",417,381,537,36,-120
12404,"0131",564,97,108,467,456
12404,"0135",138,327,443,-189,-305
12405,"0131",107,193,192,-86,-85
12405,"0135",491,162,263,329,228
12406,"0131",428,154,151,274,277
12406,"0135",675,415,581,260,94
12407,"0131",776,236,233,540,543
12407,"0135",804,813,988,-9,-184
12408,"0131",744,186,181,558,563
12408,"0135",308,507,628,-199,-320
12409,"0131",168,99,88,69,80
12409,"0135",352,211,298,141,54
12410,"0131",87,197,182,-110,-95
12410,"0135",453,157,219,296,234
12411,"0131",440,182,292,258,148
12411,"0135",371,137,320,234,51
12412,"0131",367,82,99,285,268
12412,"0135",190,229,278,-39,-88
12413,"0131",322,80,96,242,226
12413,"0135",255,273,330,-18,-75
12414,"0131",136,22,46,114,90
12414,"0135",60,5,123,55,-63
12415,"0131",12,7,7,5,5
12415,"0135",65,35,49,30,16
12416,"0131",85,50,49,35,36
12416,"0135",125,85,114,40,11
12417,"0131",17,6,8,11,9
12417,"0135",29,23,27,6,2
12418,"0131",14,32,29,-18,-15
12418,"0135",152,67,103,85,49
12419,"0131",31,4,9,27,22
12419,"0135",73,56,82,17,-9
12420,"0131",51,9,12,42,39
12420,"0135",51,43,59,8,-8
12421,"0131",8,7,12,1,-4
12421,"0135",49,27,24,22,25
12422,"0131",20,8,9,12,11
12422,"0135",16,23,24,-7,-8
12423,"0131",48,52,77,-4,-29
12423,"0135",90,14,40,76,50
12424,"0131",229,123,157,106,72
12424,"0135",231,163,202,68,29
12425,"0131",654,604,678,50,-24
12425,"0135",1132,556,697,576,435
12426,"0131",1045,514,562,531,483
12426,"0135",459,419,599,40,-140
12427,"0131",881,452,598,429,283
12427,"0135",654,434,589,220,65
12428,"0131",927,704,708,223,219
12428,"0135",873,480,652,393,221
12429,"0131",409,250,273,159,136
12429,"0135",381,277,333,104,48
12430,"0131",214,282,324,-68,-110
12430,"0135",545,191,266,354,279
12431,"0131",934,497,563,437,371
12431,"0135",517,440,560,77,-43
12432,"0131",284,266,238,18,46
12432,"0135",396,202,306,194,90
12433,"0131",7,4,2,3,5
12433,"0135",2,1,4,1,-2
12434,"0131",14,7,4,7,10
12434,"0135",11,4,10,7,1
12435,"0131",57,84,108,-27,-51
12435,"0135",347,158,201,189,146
12436,"0131",369,302,329,67,40
12436,"0135",324,170,234,154,90
12437,"0131",213,203,235,10,-22
12437,"0135",260,118,156,142,104
12438,"0131",10,47,46,-37,-36
12438,"0135",144,26,63,118,81
12439,"0131",1037,608,656,429,381
12439,"0135",1040,740,1013,300,27
12440,"0131",959,380,473,579,486
12440,"0135",595,596,744,-1,-149
12441,"0131",293,249,301,44,-8
12441,"0135",312,81,129,231,183
12442,"0131",418,271,278,147,140
12442,"0135",238,170,215,68,23
12443,"0131",42,5,13,37,29
12443,"0135",23,11,27,12,-4
12444,"0131",853,350,418,503,435
12444,"0135",1361,881,1130,480,231
12445,"0131",213,206,228,7,-15
12445,"0135",874,393,551,481,323
12446,"0131",483,156,181,327,302
12446,"0135",527,417,537,110,-10
12447,"0131",1377,417,451,960,926
12447,"0135",1027,885,1216,142,-189
12448,"0131",200,147,152,53,48
12448,"0135",609,307,406,302,203
12449,"0131",316,126,144,190,172
12449,"0135",504,338,426,166,78
12450,"0131",711,270,294,441,417
12450,"0135",825,559,779,266,46
12451,"0131",162,86,93,76,69
12451,"0135",364,232,306,132,58
12452,"0131",1351,403,432,948,919
12452,"0135",1157,1135,1475,22,-318
12453,"0131",271,134,149,137,122
12453,"0135",540,323,406,217,134
12454,"0131",695,362,394,333,301
12454,"0135",1158,673,845,485,313
12455,"0131",442,236,255,206,187
12455,"0135",797,454,574,343,223
12456,"0131",1185,242,268,943,917
12456,"0135",349,675,867,-326,-518
12457,"0131",782,213,214,569,568
12457,"0135",481,551,722,-70,-241
12458,"0131",587,112,126,475,461
12458,"0135",304,400,511,-96,-207
12459,"0131",841,332,366,509,475
12459,"0135",1216,930,1173,286,43
12460,"0131",327,174,212,153,115
12460,"0135",725,458,604,267,121
12461,"0131",1380,420,481,960,899
12461,"0135",1148,1089,1351,59,-203
12462,"0131",1350,338,392,1012,958
12462,"0135",950,947,1249,3,-299
12463,"0131",1050,242,263,808,787
12463,"0135",588,743,947,-155,-359
12464,"0131",501,198,229,303,272
12464,"0135",889,655,835,234,54
12465,"0131",1115,279,318,836,797
12465,"0135",761,936,1120,-175,-359
12466,"0131",932,259,303,673,629
12466,"0135",639,649,810,-10,-171
12467,"0131",676,248,274,428,402
12467,"0135",796,549,754,247,42
12468,"0131",807,376,389,431,418
12468,"0135",1273,761,988,512,285
12469,"0131",594,305,333,289,261
12469,"0135",987,539,735,448,252
12470,"0131",462,100,112,362,350
12470,"0135",58,162,250,-104,-192
12471,"0131",1136,350,391,786,745
12471,"0135",942,744,1023,198,-81
12472,"0131",459,185,203,274,256
12472,"0135",612,404,557,208,55
12473,"0131",652,275,295,377,357
12473,"0135",945,661,826,284,119
12474,"0131",561,253,305,308,256
12474,"0135",1103,632,845,471,258
12475,"0131",1538,429,482,1109,1056
12475,"0135",1143,1173,1488,-30,-345
12476,"0131",1019,349,387,670,632
12476,"0135",1215,971,1222,244,-7
12477,"0131",1199,445,466,754,733
12477,"0135",1421,1089,1392,332,29
12478,"0131",955,305,353,650,602
12478,"0135",913,721,942,192,-29
12479,"0131",958,237,276,721,682
12479,"0135",423,505,731,-82,-308
12480,"0131",662,139,171,523,491
12480,"0135",276,367,479,-91,-203
12481,"0131",1091,333,361,758,730
12481,"0135",777,748,948,29,-171
12482,"0131",974,366,452,608,522
12482,"0135",1423,797,1217,626,206
12483,"0131",785,289,319,496,466
12483,"0135",880,612,855,268,25
12484,"0131",507,255,289,252,218
12484,"0135",936,526,721,410,215
12485,"0131",965,315,358,650,607
12485,"0135",1089,897,1128,192,-39
12486,"0131",926,309,336,617,590
12486,"0135",1258,931,1251,327,7
12487,"0131",537,191,200,346,337
12487,"0135",809,561,768,248,41
12488,"0131",1348,294,322,1054,1026
12488,"0135",646,780,1115,-134,-469
12489,"0131",454,346,389,108,65
12489,"0135",1115,457,579,658,536
12490,"0131",435,329,360,106,75
12490,"0135",794,363,399,431,395
12491,"0131",1127,879,1021,248,106
12491,"0135",2176,840,1155,1336,1021
12492,"0131",1346,780,937,566,409
12492,"0135",1556,685,944,871,612
12493,"0131",876,268,291,608,585
12493,"0135",694,504,746,190,-52
12494,"0131",343,243,278,100,65
12494,"0135",1051,486,637,565,414
12495,"0131",772,269,269,503,503
12495,"0135",568,434,576,134,-8
12496,"0131",569,290,297,279,272
12496,"0135",1015,565,732,450,283
12497,"0131",1154,374,412,780,742
12497,"0135",963,755,975,208,-12
12498,"0131",1053,330,353,723,700
12498,"0135",680,560,795,120,-115
12499,"0131",537,330,345,207,192
12499,"0135",1099,669,777,430,322
12500,"0131",857,246,285,611,572
12500,"0135",504,517,653,-13,-149
12501,"0131",667,297,342,370,325
12501,"0135",834,567,732,267,102
12502,"0131",1594,591,644,1003,950
12502,"0135",1326,885,1145,441,181
12503,"0131",1094,519,588,575,506
12503,"0135",1414,747,996,667,418
12504,"0131",1108,531,582,577,526
12504,"0135",1269,661,862,608,407
12505,"0131",1474,777,829,697,645
12505,"0135",1719,886,1184,833,535
12506,"0131",1751,777,907,974,844
12506,"0135",1796,998,1291,798,505
12507,"0131",510,262,274,248,236
12507,"0135",549,316,432,233,117
12508,"0131",638,338,401,300,237
12508,"0135",1039,505,661,534,378
12509,"0131",649,251,292,398,357
12509,"0135",743,507,694,236,49
12510,"0131",1117,409,445,708,672
12510,"0135",1089,785,1075,304,14
12511,"0131",1388,404,449,984,939
12511,"0135",870,776,1041,94,-171
12512,"0131",1628,524,583,1104,1045
12512,"0135",1065,879,1204,186,-139
12513,"0131",982,318,346,664,636
12513,"0135",681,544,744,137,-63
12514,"0131",1392,424,484,968,908
12514,"0135",1000,820,1102,180,-102
12515,"0131",437,277,323,160,114
12515,"0135",1066,524,656,542,410
12516,"0131",706,268,364,438,342
12516,"0135",1166,623,801,543,365
12517,"0131",687,372,398,315,289
12517,"0135",1224,628,812,596,412
12518,"0131",1645,590,615,1055,1030
12518,"0135",1457,1043,1340,414,117
12519,"0131",843,584,647,259,196
12519,"0135",1810,656,933,1154,877
12520,"0131",842,392,434,450,408
12520,"0135",1035,474,628,561,407
12521,"0131",832,550,604,282,228
12521,"0135",1525,561,838,964,687
12522,"0131",1502,497,526,1005,976
12522,"0135",797,627,865,170,-68
12523,"0131",442,393,426,49,16
12523,"0135",1352,542,693,810,659
12524,"0131",340,203,215,137,125
12524,"0135",483,235,332,248,151
12525,"0131",812,241,283,571,529
12525,"0135",528,462,618,66,-90
12526,"0131",1124,497,445,627,679
12526,"0135",1180,815,1126,365,54
12527,"0131",465,275,299,190,166
12527,"0135",843,381,523,462,320
12528,"0131",313,225,258,88,55
12528,"0135",830,330,444,500,386
12529,"0131",721,323,374,398,347
12529,"0135",867,420,634,447,233
12530,"0131",782,476,523,306,259
12530,"0135",1510,672,888,838,622
12531,"0131",831,296,345,535,486
12531,"0135",539,442,548,97,-9
12532,"0131",1088,321,360,767,728
12532,"0135",488,526,674,-38,-186
12533,"0131",479,236,249,243,230
12533,"0135",609,313,421,296,188
12534,"0131",1289,484,517,805,772
12534,"0135",849,520,755,329,94
12535,"0131",1211,552,620,659,591
12535,"0135",1369,641,843,728,526
12536,"0131",861,403,452,458,409
12536,"0135",1031,508,677,523,354
12537,"0131",824,535,612,289,212
12537,"0135",834,482,607,352,227
12538,"0131",928,657,749,271,179
12538,"0135",1062,572,731,490,331
12539,"0131",119,131,112,-12,7
12539,"0135",254,131,177,123,77
12540,"0131",92,32,48,60,44
12540,"0135",157,109,128,48,29
12541,"0131",1358,746,892,612,466
12541,"0135",1207,527,676,680,531
12542,"0131",950,474,592,476,358
12542,"0135",1156,481,645,675,511
12543,"0131",824,444,519,380,305
12543,"0135",1017,420,557,597,460
12544,"0131",902,417,521,485,381
12544,"0135",939,385,562,554,377
12545,"0131",1287,557,724,730,563
12545,"0135",1042,501,698,541,344
12546,"0131",1366,698,832,668,534
12546,"0135",1286,533,735,753,551
12547,"0131",1133,556,717,577,416
12547,"0135",1174,498,672,676,502
12548,"0131",754,432,541,322,213
12548,"0135",1028,390,500,638,528
12549,"0131",1491,603,789,888,702
12549,"0135",1147,597,835,550,312
12550,"0131",1297,438,567,859,730
12550,"0135",509,374,533,135,-24
12551,"0131",1287,560,707,727,580
12551,"0135",1012,492,700,520,312
12552,"0131",1574,657,809,917,765
12552,"0135",1035,546,736,489,299
12553,"0131",299,122,147,177,152
12553,"0135",243,119,171,124,72
12554,"0131",1245,629,768,616,477
12554,"0135",1367,634,888,733,479
12555,"0131",906,444,512,462,394
12555,"0135",974,483,659,491,315
12556,"0131",1696,540,632,1156,1064
12556,"0135",674,566,818,108,-144
12557,"0131",1339,657,766,682,573
12557,"0135",1320,604,832,716,488
12558,"0131",1009,559,638,450,371
12558,"0135",1348,571,790,777,558
12559,"0131",1563,633,698,930,865
12559,"0135",930,642,863,288,67
12560,"0131",1098,846,1131,252,-33
12560,"0135",1517,329,503,1188,1014
12561,"0131",1351,1043,1399,308,-48
12561,"0135",2001,446,640,1555,1361
12562,"0131",980,593,792,387,188
12562,"0135",839,243,302,596,537
12563,"0131",394,241,351,153,43
12563,"0135",486,120,156,366,330
12564,"0131",1223,423,582,800,641
12564,"0135",942,627,924,315,18
12565,"0131",1114,458,609,656,505
12565,"0135",1038,643,844,395,194
12566,"0131",484,334,403,150,81
12566,"0135",577,224,295,353,282
12567,"0131",1761,573,684,1188,1077
12567,"0135",585,640,840,-55,-255
12568,"0131",1038,526,612,512,426
12568,"0135",1030,514,699,516,331
12569,"0131",1187,430,536,757,651
12569,"0135",674,485,620,189,54
12570,"0131",821,409,553,412,268
12570,"0135",927,398,553,529,374
12571,"0131",873,262,340,611,533
12571,"0135",392,341,457,51,-65
12572,"0131",1172,561,779,611,393
12572,"0135",1691,817,1045,874,646
12573,"0131",1707,902,1180,805,527
12573,"0135",918,316,493,602,425
12574,"0131",1036,854,1115,182,-79
12574,"0135",1508,356,485,1152,1023
12575,"0131",1643,1031,1350,612,293
12575,"0135",1443,462,580,981,863
12576,"0131",1699,1176,1458,523,241
12576,"0135",1685,494,676,1191,1009
12577,"0131",1723,1014,1261,709,462
12577,"0135",1164,382,558,782,606
12578,"0131",664,620,775,44,-111
12578,"0135",1082,254,339,828,743
12579,"0131",1179,741,831,438,348
12579,"0135",1511,754,970,757,541
12580,"0131",1343,608,707,735,636
12580,"0135",1049,729,884,320,165
12581,"0131",1241,544,611,697,630
12581,"0135",674,531,676,143,-2
12582,"0131",1478,673,761,805,717
12582,"0135",938,711,854,227,84
12583,"0131",1374,516,643,858,731
12583,"0135",807,554,800,253,7
12584,"0131",840,479,569,361,271
12584,"0135",771,433,526,338,245
12585,"0131",429,376,457,53,-28
12585,"0135",994,418,504,576,490
12586,"0131",815,584,648,231,167
12586,"0135",871,395,502,476,369
12587,"0131",659,713,776,-54,-117
12587,"0135",1235,423,518,812,717
12588,"0131",1231,670,819,561,412
12588,"0135",1366,462,636,904,730
12589,"0131",1376,673,795,703,581
12589,"0135",1226,592,743,634,483
12590,"0131",1705,579,696,1126,1009
12590,"0135",851,617,827,234,24
12591,"0131",1242,523,685,719,557
12591,"0135",1085,400,631,685,454
12592,"0131",1469,616,707,853,762
12592,"0135",1122,543,752,579,370
12593,"0131",345,220,276,125,69
12593,"0135",683,239,299,444,384
12594,"0131",1364,672,759,692,605
12594,"0135",1240,534,746,706,494
12595,"0131",1475,566,740,909,735
12595,"0135",1093,471,686,622,407
12596,"0131",1438,667,767,771,671
12596,"0135",1185,527,711,658,474
12597,"0131",746,546,693,200,53
12597,"0135",1520,391,597,1129,923
12598,"0131",518,264,359,254,159
12598,"0135",523,193,247,330,276
12599,"0131",1031,473,537,558,494
12599,"0135",800,367,534,433,266
12600,"0131",949,591,730,358,219
12600,"0135",1584,536,726,1048,858
12601,"0131",968,459,526,509,442
12601,"0135",856,413,547,443,309
12602,"0131",1211,526,629,685,582
12602,"0135",854,432,576,422,278
12603,"0131",1264,675,781,589,483
12603,"0135",1315,552,731,763,584
12604,"0131",446,184,220,262,226
12604,"0135",330,164,226,166,104
12605,"0131",1068,548,645,520,423
12605,"0135",1002,429,543,573,459
12606,"0131",1411,680,810,731,601
12606,"0135",1215,509,716,706,499
12607,"0131",1227,441,560,786,667
12607,"0135",553,329,456,224,97
12608,"0131",1182,514,664,668,518
12608,"0135",890,429,569,461,321
12609,"0131",1042,511,587,531,455
12609,"0135",946,387,567,559,379
12610,"0131",1393,503,603,890,790
12610,"0135",722,445,603,277,119
12611,"0131",424,350,412,74,12
12611,"0135",852,268,334,584,518
12612,"0131",824,263,368,561,456
12612,"0135",440,240,363,200,77
12613,"0131",1545,852,1107,693,438
12613,"0135",1264,393,560,871,704
12614,"0131",1289,870,1134,419,155
12614,"0135",1806,514,705,1292,1101
12615,"0131",1405,805,1091,600,314
12615,"0135",1376,413,563,963,813
12616,"0131",1178,622,852,556,326
12616,"0135",1087,384,507,703,580
12617,"0131",524,367,422,157,102
12617,"0135",771,203,285,568,486
12618,"0131",557,396,522,161,35
12618,"0135",931,223,371,708,560
12619,"0131",171,224,317,-53,-146
12619,"0135",538,85,116,453,422
12620,"0131",444,289,381,155,63
12620,"0135",596,147,201,449,395
12621,"0131",475,302,387,173,88
12621,"0135",553,190,239,363,314
12622,"0131",575,450,586,125,-11
12622,"0135",955,274,340,681,615
12623,"0131",1109,821,1002,288,107
12623,"0135",1717,540,702,1177,1015
12624,"0131",1102,667,785,435,317
12624,"0135",1234,472,593,762,641
12625,"0131",1319,673,793,646,526
12625,"0135",998,461,610,537,388
12626,"0131",704,443,517,261,187
12626,"0135",1085,402,504,683,581
12627,"0131",1611,813,916,798,695
12627,"0135",1045,522,648,523,397
12628,"0131",1501,718,776,783,725
12628,"0135",741,465,591,276,150
12629,"0131",1368,790,969,578,399
12629,"0135",1495,556,698,939,797
12630,"0131",1537,830,983,707,554
12630,"0135",1367,568,727,799,640
12631,"0131",1487,820,961,667,526
12631,"0135",1371,566,814,805,557
12632,"0131",1367,826,963,541,404
12632,"0135",1436,545,665,891,771
12633,"0131",1343,645,778,698,565
12633,"0135",964,421,562,543,402
12634,"0131",667,500,534,167,133
12634,"0135",838,325,390,513,448
12635,"0131",1201,399,533,802,668
12635,"0135",354,300,401,54,-47
12636,"0131",1585,729,896,856,689
12636,"0135",1227,541,720,686,507
12637,"0131",368,393,468,-25,-100
12637,"0135",1126,272,422,854,704
12638,"0131",361,282,312,79,49
12638,"0135",631,218,268,413,363
12639,"0131",673,307,370,366,303
12639,"0135",351,162,228,189,123
12640,"0131",459,279,324,180,135
12640,"0135",461,179,240,282,221
12641,"0131",1222,654,919,568,303
12641,"0135",1076,402,566,674,510
12642,"0131",1475,784,1016,691,459
12642,"0135",1585,622,843,963,742
12643,"0131",1344,814,1102,530,242
12643,"0135",1690,662,801,1028,889
12644,"0131",1711,825,1146,886,565
12644,"0135",1360,616,800,744,560
12645,"0131",1471,854,1173,617,298
12645,"0135",1843,658,890,1185,953
12646,"0131",653,284,388,369,265
12646,"0135",561,241,359,320,202
12647,"0131",697,423,555,274,142
12647,"0135",779,296,363,483,416
12648,"0131",1155,608,815,547,340
12648,"0135",906,365,481,541,425
12649,"0131",910,523,711,387,199
12649,"0135",1016,346,495,670,521
12650,"0131",313,247,320,66,-7
12650,"0135",465,121,165,344,300
12651,"0131",1217,746,1010,471,207
12651,"0135",1315,378,514,937,801
12652,"0131",1421,705,919,716,502
12652,"0135",1184,418,602,766,582
12653,"0131",1518,933,1251,585,267
12653,"0135",1600,527,681,1073,919
12654,"0131",1593,902,1157,691,436
12654,"0135",1544,535,677,1009,867
12655,"0131",1283,670,903,613,380
12655,"0135",1004,339,457,665,547
12656,"0131",1648,711,977,937,671
12656,"0135",922,407,572,515,350
12657,"0131",1111,607,793,504,318
12657,"0135",951,302,454,649,497
12658,"0131",714,573,834,141,-120
12658,"0135",1338,302,414,1036,924
12659,"0131",1157,628,855,529,302
12659,"0135",1147,373,518,774,629
12660,"0131",1057,661,894,396,163
12660,"0135",1167,335,474,832,693
12661,"0131",813,547,712,266,101
12661,"0135",992,247,348,745,644
12662,"0131",1373,827,1090,546,283
12662,"0135",1421,432,616,989,805
12663,"0131",1006,562,754,444,252
12663,"0135",979,309,439,670,540
12664,"0131",576,342,479,234,97
12664,"0135",724,229,318,495,406
12665,"0131",966,601,735,365,231
12665,"0135",835,260,371,575,464
12666,"0131",588,308,461,280,127
12666,"0135",669,188,281,481,388
12667,"0131",824,480,632,344,192
12667,"0135",869,249,378,620,491
12668,"0131",1052,481,819,571,233
12668,"0135",464,150,244,314,220
12669,"0131",2196,1240,1766,956,430
12669,"0135",1324,372,553,952,771
12670,"0131",1975,1263,1710,712,265
12670,"0135",1377,379,474,998,903
12671,"0131",1029,947,1446,82,-417
12671,"0135",1709,350,458,1359,1251
12672,"0131",728,598,928,130,-200
12672,"0135",1062,183,277,879,785
12673,"0131",1769,899,1375,870,394
12673,"0135",855,294,376,561,479
12674,"0131",568,318,604,250,-36
12674,"0135",645,124,191,521,454
12675,"0131",1995,740,875,1255,1120
12675,"0135",614,475,618,139,-4
12676,"0131",1177,635,744,542,433
12676,"0135",974,376,477,598,497
12677,"0131",157,55,69,102,88
12677,"0135",34,45,47,-11,-13
12678,"0131",187,249,268,-62,-81
12678,"0135",388,139,186,249,202
12679,"0131",285,153,155,132,130
12679,"0135",408,340,395,68,13
12680,"0131",1019,586,637,433,382
12680,"0135",699,486,600,213,99
12681,"0131",231,41,67,190,164
12681,"0135",24,102,124,-78,-100
12682,"0131",1376,624,718,752,658
12682,"0135",1474,994,1264,480,210
12683,"0131",1190,448,508,742,682
12683,"0135",1139,838,1069,301,70
12684,"0131",1190,516,587,674,603
12684,"0135",1363,910,1151,453,212
12685,"0131",1249,320,404,929,845
12685,"0135",498,634,791,-136,-293
12686,"0131",1073,521,590,552,483
12686,"0135",1473,832,1151,641,322
12687,"0131",1504,546,644,958,860
12687,"0135",1310,1024,1299,286,11
12688,"0131",435,311,335,124,100
12688,"0135",965,456,619,509,346
12689,"0131",591,294,325,297,266
12689,"0135",929,575,713,354,216
12690,"0131",1243,1064,1386,179,-143
12690,"0135",2339,595,801,1744,1538
12691,"0131",1882,1071,1323,811,559
12691,"0135",1718,639,853,1079,865
12692,"0131",1199,555,679,644,520
12692,"0135",568,291,386,277,182
12693,"0131",1519,757,1118,762,401
12693,"0135",1270,408,588,862,682
12694,"0131",1466,732,937,734,529
12694,"0135",1057,413,580,644,477
12695,"0131",1422,691,1054,731,368
12695,"0135",1395,465,629,930,766
12696,"0131",574,444,611,130,-37
12696,"0135",959,218,312,741,647
12697,"0131",1661,978,1318,683,343
12697,"0135",1617,524,736,1093,881
12698,"0131",1369,685,833,684,536
12698,"0135",1355,659,864,696,491
12699,"0131",1909,805,1003,1104,906
12699,"0135",1659,1000,1333,659,326
12700,"0131",1689,773,1008,916,681
12700,"0135",2103,1016,1410,1087,693
12701,"0131",1462,486,585,976,877
12701,"0135",698,570,803,128,-105
12702,"0131",845,367,468,478,377
12702,"0135",752,398,546,354,206
12703,"0131",1749,711,911,1038,838
12703,"0135",1223,778,1042,445,181
12704,"0131",1475,912,1127,563,348
12704,"0135",2349,1069,1325,1280,1024
12705,"0131",1213,519,653,694,560
12705,"0135",946,474,698,472,248
12706,"0131",737,412,513,325,224
12706,"0135",1100,553,714,547,386
12707,"0131",931,369,456,562,475
12707,"0135",615,359,499,256,116
12708,"0131",611,461,609,150,2
12708,"0135",1471,588,761,883,710
12709,"0131",257,243,320,14,-63
12709,"0135",831,310,396,521,435
12710,"0131",956,340,402,616,554
12710,"0135",379,343,458,36,-79
12711,"0131",1503,1238,1406,265,97
12711,"0135",1774,384,648,1390,1126
12712,"0131",1427,1111,1304,316,123
12712,"0135",1676,477,640,1199,1036
12713,"0131",808,770,882,38,-74
12713,"0135",1262,346,408,916,854
12714,"0131",1047,803,954,244,93
12714,"0135",1181,322,466,859,715
12715,"0131",1312,939,1058,373,254
12715,"0135",1445,410,647,1035,798
12716,"0131",439,376,484,63,-45
12716,"0135",581,118,184,463,397
12717,"0131",1169,470,503,699,666
12717,"0135",929,610,767,319,162
12718,"0131",963,458,512,505,451
12718,"0135",1151,563,768,588,383
12719,"0131",1474,640,713,834,761
12719,"0135",1346,790,1004,556,342
12720,"0131",1077,372,392,705,685
12720,"0135",650,542,643,108,7
12721,"0131",1522,1263,1487,259,35
12721,"0135",2192,635,843,1557,1349
12722,"0131",1266,988,1159,278,107
12722,"0135",1730,515,691,1215,1039
12723,"0131",1564,1019,1106,545,458
12723,"0135",1382,463,706,919,676
12724,"0131",1800,867,1149,933,651
12724,"0135",1194,384,651,810,543
12725,"0131",1172,1160,1366,12,-194
12725,"0135",2051,520,707,1531,1344
12726,"0131",1397,1249,1396,148,1
12726,"0135",2136,556,833,1580,1303
12727,"0131",1416,1185,1391,231,25
12727,"0135",2126,582,839,1544,1287
12728,"0131",1738,984,1068,754,670
12728,"0135",1240,536,790,704,450
12729,"0131",339,200,233,139,106
12729,"0135",190,85,101,105,89
12730,"0131",199,194,210,5,-11
12730,"0135",344,97,134,247,210
12731,"0131",196,194,209,2,-13
12731,"0135",331,91,125,240,206
12732,"0131",761,590,673,171,88
12732,"0135",1214,428,617,786,597
12733,"0131",358,260,303,98,55
12733,"0135",461,186,255,275,206
12734,"0131",967,556,678,411,289
12734,"0135",632,270,401,362,231
12735,"0131",716,591,718,125,-2
12735,"0135",1205,381,527,824,678
12736,"0131",1295,728,914,567,381
12736,"0135",915,404,567,511,348
12737,"0131",1308,782,1001,526,307
12737,"0135",1106,449,619,657,487
12738,"0131",1379,860,1038,519,341
12738,"0135",1306,515,766,791,540
12739,"0131",931,566,721,365,210
12739,"0135",875,370,482,505,393
12740,"0131",1428,1312,1710,116,-282
12740,"0135",1838,390,536,1448,1302
12741,"0131",2041,1397,1818,644,223
12741,"0135",1392,388,515,1004,877
12742,"0131",1358,656,727,702,631
12742,"0135",1046,683,868,363,178
12743,"0131",1879,832,1028,1047,851
12743,"0135",1776,845,1236,931,540
12744,"0131",636,439,528,197,108
12744,"0135",1210,391,586,819,624
12745,"0131",825,502,641,323,184
12745,"0135",1256,519,647,737,609
12746,"0131",1110,422,507,688,603
12746,"0135",711,468,618,243,93
12747,"0131",609,249,368,360,241
12747,"0135",776,335,463,441,313
12748,"0131",1536,917,1112,619,424
12748,"0135",2081,832,1038,1249,1043
12749,"0131",1000,457,528,543,472
12749,"0135",1055,510,689,545,366
12750,"0131",1808,827,982,981,826
12750,"0135",1314,730,931,584,383
12751,"0131",1705,897,985,808,720
12751,"0135",2090,911,1262,1179,828
12752,"0131",1745,886,1052,859,693
12752,"0135",1649,743,974,906,675
12753,"0131",1380,686,826,694,554
12753,"0135",1438,629,814,809,624
12754,"0131",760,658,759,102,1
12754,"0135",2015,640,891,1375,1124
12755,"0131",2234,981,1143,1253,1091
12755,"0135",1641,934,1206,707,435
12756,"0131",1058,489,613,569,445
12756,"0135",1028,470,635,558,393
12757,"0131",2081,774,907,1307,1174
12757,"0135",1027,708,931,319,96
12758,"0131",1262,739,886,523,376
12758,"0135",1521,641,804,880,717
12759,"0131",1193,624,786,569,407
12759,"0135",1361,544,779,817,582
12760,"0131",1109,605,736,504,373
12760,"0135",1427,603,774,824,653
12761,"0131",601,355,422,246,179
12761,"0135",684,215,365,469,319
12762,"0131",755,337,386,418,369
12762,"0135",608,323,410,285,198
12763,"0131",1908,1128,1475,780,433
12763,"0135",1690,631,748,1059,942
12764,"0131",1798,1115,1354,683,444
12764,"0135",1819,667,828,1152,991
12765,"0131",1392,1004,1304,388,88
12765,"0135",2304,649,854,1655,1450
12766,"0131",1627,1127,1428,500,199
12766,"0135",1879,491,703,1388,1176
12767,"0131",2027,1224,1519,803,508
12767,"0135",1887,697,856,1190,1031
12768,"0131",1846,1234,1504,612,342
12768,"0135",2017,593,793,1424,1224
12769,"0131",1906,1071,1292,835,614
12769,"0135",1460,531,736,929,724
12770,"0131",715,454,603,261,112
12770,"0135",857,254,332,603,525
12771,"0131",754,490,600,264,154
12771,"0135",879,264,353,615,526
12772,"0131",489,327,340,162,149
12772,"0135",590,334,457,256,133
12773,"0131",426,212,224,214,202
12773,"0135",263,223,296,40,-33
12774,"0131",1244,669,884,575,360
12774,"0135",1146,362,497,784,649
12775,"0131",1235,900,1032,335,203
12775,"0135",1650,475,656,1175,994
12776,"0131",1468,934,1181,534,287
12776,"0135",1725,592,741,1133,984
12777,"0131",929,847,1043,82,-114
12777,"0135",1943,528,645,1415,1298
12778,"0131",1425,712,816,713,609
12778,"0135",920,419,551,501,369
12779,"0131",1516,944,1078,572,438
12779,"0135",1450,562,653,888,797
12780,"0131",808,674,813,134,-5
12780,"0135",1333,362,448,971,885
12781,"0131",692,520,673,172,19
12781,"0135",1206,348,411,858,795
12782,"0131",1227,669,820,558,407
12782,"0135",989,384,475,605,514
12783,"0131",978,407,497,571,481
12783,"0135",665,339,482,326,183
12784,"0131",906,374,442,532,464
12784,"0135",503,287,395,216,108
12785,"0131",1225,1215,1276,10,-51
12785,"0135",1598,532,768,1066,830
12786,"0131",1259,869,1054,390,205
12786,"0135",1945,684,968,1261,977
12787,"0131",1317,755,909,562,408
12787,"0135",1417,579,849,838,568
12788,"0131",1276,844,1014,432,262
12788,"0135",1200,340,479,860,721
12789,"0131",1220,1007,1174,213,46
12789,"0135",2115,548,793,1567,1322
12790,"0131",1474,672,909,802,565
12790,"0135",1023,403,529,620,494
12791,"0131",1461,715,923,746,538
12791,"0135",978,421,532,557,446
12792,"0131",1601,902,1117,699,484
12792,"0135",1465,561,709,904,756
12793,"0131",1186,660,773,526,413
12793,"0135",987,376,502,611,485
12794,"0131",655,381,454,274,201
12794,"0135",725,240,320,485,405
12795,"0131",555,271,391,284,164
12795,"0135",455,137,206,318,249
12796,"0131",1477,1201,1592,276,-115
12796,"0135",1723,381,479,1342,1244
12797,"0131",1910,1093,1541,817,369
12797,"0135",1382,399,481,983,901
12798,"0131",1256,903,1320,353,-64
12798,"0135",1437,338,420,1099,1017
12799,"0131",2543,1656,2194,887,349
12799,"0135",2046,509,713,1537,1333
12800,"0131",829,441,498,388,331
12800,"0135",1064,583,760,481,304
12801,"0131",447,403,464,44,-17
12801,"0135",1308,526,738,782,570
12802,"0131",3,9,14,-6,-11
12802,"0135",83,52,67,31,16
12803,"0131",77,45,62,32,15
12803,"0135",56,40,42,16,14
12804,"0131",85,125,111,-40,-26
12804,"0135",111,27,51,84,60
12805,"0131",91,47,63,44,28
12805,"0135",80,58,72,22,8
12806,"0131",1585,933,945,652,640
12806,"0135",1265,842,1257,423,8
12807,"0131",1011,787,813,224,198
12807,"0135",1279,696,946,583,333
12808,"0131",645,518,517,127,128
12808,"0135",913,466,659,447,254
12809,"0131",1228,867,920,361,308
12809,"0135",1141,687,960,454,181
12810,"0131",447,391,419,56,28
12810,"0135",599,290,425,309,174
12811,"0131",324,248,277,76,47
12811,"0135",440,231,299,209,141
12812,"0131",618,358,408,260,210
12812,"0135",548,337,496,211,52
12813,"0131",290,268,261,22,29
12813,"0135",443,250,323,193,120
12814,"0131",100,108,117,-8,-17
12814,"0135",358,169,167,189,191
12815,"0131",14,0,26,14,-12
12815,"0135",75,15,39,60,36
12816,"0131",30,9,11,21,19
12816,"0135",44,28,38,16,6
12817,"0131",613,328,354,285,259
12817,"0135",534,462,586,72,-52
12818,"0131",490,269,305,221,185
12818,"0135",591,431,566,160,25
12819,"0131",284,238,253,46,31
12819,"0135",516,215,304,301,212
12820,"0131",336,160,198,176,138
12820,"0135",216,150,215,66,1
12821,"0131",565,597,739,-32,-174
12821,"0135",1376,430,613,946,763
12822,"0131",303,233,283,70,20
12822,"0135",432,180,217,252,215
12823,"0131",660,402,477,258,183
12823,"0135",530,275,364,255,166
12824,"0131",838,452,589,386,249
12824,"0135",576,301,395,275,181
12825,"0131",853,638,729,215,124
12825,"0135",769,300,431,469,338
12826,"0131",743,585,669,158,74
12826,"0135",844,326,418,518,426
12827,"0131",1,47,41,-46,-40
12827,"0135",126,29,61,97,65
12828,"0131",204,84,107,120,97
12828,"0135",396,243,310,153,86
12829,"0131",1048,462,563,586,485
12829,"0135",1175,759,1021,416,154
12830,"0131",1231,422,471,809,760
12830,"0135",704,675,933,29,-229
12831,"0131",726,304,342,422,384
12831,"0135",577,468,628,109,-51
12832,"0131",234,77,100,157,134
12832,"0135",60,51,116,9,-56
12833,"0131",934,507,625,427,309
12833,"0135",1204,737,1028,467,176
12834,"0131",1291,485,600,806,691
12834,"0135",779,681,934,98,-155
12835,"0131",29,21,39,8,-10
12835,"0135",108,33,39,75,69
12836,"0131",438,202,227,236,211
12836,"0135",258,218,307,40,-49
12837,"0131",456,223,285,233,171
12837,"0135",257,191,241,66,16
12838,"0131",172,62,74,110,98
12838,"0135",115,105,147,10,-32
12839,"0131",473,226,313,247,160
12839,"0135",308,133,299,175,9
12840,"0131",238,142,194,96,44
12840,"0135",88,54,79,34,9
12841,"0131",0,2,0,-2,0
12841,"0135",3,2,2,1,1
12842,"0131",19,9,10,10,9
12842,"0135",4,6,9,-2,-5
12843,"0131",72,105,127,-33,-55
12843,"0135",221,73,106,148,115
12844,"0131",54,39,43,15,11
12844,"0135",38,10,14,28,24
12845,"0131",6,13,19,-7,-13
12845,"0135",70,1,29,69,41
12846,"0131",114,189,214,-75,-100
12846,"0135",269,84,123,185,146
12847,"0131",55,54,56,1,-1
12847,"0135",184,105,107,79,77
12848,"0131",186,56,71,130,115
12848,"0135",72,94,115,-22,-43
12849,"0131",64,32,38,32,26
12849,"0135",177,99,142,78,35
12850,"0131",85,10,13,75,72
12850,"0135",15,47,71,-32,-56
12851,"0131",47,24,39,23,8
12851,"0135",147,67,89,80,58
12852,"0131",36,90,95,-54,-59
12852,"0135",184,81,106,103,78
12853,"0131",1010,618,779,392,231
12853,"0135",725,357,554,368,171
12854,"0131",743,696,890,47,-147
12854,"0135",1238,387,621,851,617
12855,"0131",788,690,856,98,-68
12855,"0135",1209,438,682,771,527
12856,"0131",587,490,581,97,6
12856,"0135",924,357,537,567,387
12857,"0131",621,422,534,199,87
12857,"0135",691,283,448,408,243
12858,"0131",604,436,529,168,75
12858,"0135",624,286,376,338,248
12859,"0131",277,162,248,115,29
12859,"0135",178,62,107,116,71
12860,"0131",825,544,648,281,177
12860,"0135",361,256,372,105,-11
12861,"0131",472,409,478,63,-6
12861,"0135",433,212,301,221,132
12862,"0131",5,11,9,-6,-4
12862,"0135",8,3,4,5,4
12863,"0131",6,7,9,-1,-3
12863,"0135",15,5,7,10,8
12864,"0131",1420,987,1157,433,263
12864,"0135",1210,709,1024,501,186
12865,"0131",1682,1014,1205,668,477
12865,"0135",959,688,952,271,7
12866,"0131",32,6,6,26,26
12866,"0135",7,18,21,-11,-14
12867,"0131",22,14,13,8,9
12867,"0135",23,24,25,-1,-2
12868,"0131",3,2,0,1,3
12868,"0135",2,3,1,-1,1
12869,"0131",114,190,190,-76,-76
12869,"0135",300,127,155,173,145
12870,"0131",192,63,76,129,116
12870,"0135",134,170,201,-36,-67
12871,"0131",5,4,1,1,4
12871,"0135",12,13,10,-1,2
12872,"0131",1267,592,721,675,546
12872,"0135",711,446,622,265,89
12873,"0131",1186,415,499,771,687
12873,"0135",285,369,464,-84,-179
12874,"0131",424,245,332,179,92
12874,"0135",543,247,301,296,242
12875,"0131",1027,639,834,388,193
12875,"0135",1133,478,669,655,464
12876,"0131",1136,543,704,593,432
12876,"0135",844,474,659,370,185
12877,"0131",522,372,466,150,56
12877,"0135",819,327,426,492,393
12878,"0131",111,47,50,64,61
12878,"0135",185,134,181,51,4
12879,"0131",390,165,199,225,191
12879,"0135",273,243,329,30,-56
12880,"0131",554,191,233,363,321
12880,"0135",492,381,568,111,-76
12881,"0131",445,499,581,-54,-136
12881,"0135",1165,375,508,790,657
12882,"0131",852,533,613,319,239
12882,"0135",990,498,682,492,308
12883,"0131",1389,611,825,778,564
12883,"0135",1003,589,793,414,210
12884,"0131",748,561,643,187,105
12884,"0135",1083,468,584,615,499
12885,"0131",366,246,296,120,70
12885,"0135",423,200,238,223,185
12886,"0131",900,545,628,355,272
12886,"0135",974,514,659,460,315
12887,"0131",1020,656,741,364,279
12887,"0135",1143,563,726,580,417
12888,"0131",305,141,157,164,148
12888,"0135",200,133,172,67,28
12889,"0131",430,231,245,199,185
12889,"0135",115,128,162,-13,-47
12890,"0131",107,273,283,-166,-176
12890,"0135",510,148,189,362,321
12891,"0131",321,159,204,162,117
12891,"0135",274,153,233,121,41
12892,"0131",28,20,25,8,3
12892,"0135",40,15,25,25,15
12893,"0131",130,147,167,-17,-37
12893,"0135",404,169,219,235,185
12894,"0131",328,175,200,153,128
12894,"0135",238,155,210,83,28
12895,"0131",1081,510,568,571,513
12895,"0135",526,420,477,106,49
12896,"0131",403,282,357,121,46
12896,"0135",723,291,406,432,317
12897,"0131",319,184,200,135,119
12897,"0135",270,179,194,91,76
12898,"0131",1395,806,903,589,492
12898,"0135",778,554,782,224,-4
12899,"0131",563,355,422,208,141
12899,"0135",837,446,623,391,214
12900,"0131",818,347,386,471,432
12900,"0135",520,429,615,91,-95
12901,"0131",721,430,439,291,282
12901,"0135",959,533,777,426,182
12902,"0131",545,450,527,95,18
12902,"0135",1291,594,815,697,476
12903,"0131",328,216,224,112,104
12903,"0135",234,113,175,121,59
12904,"0131",244,246,272,-2,-28
12904,"0135",404,160,185,244,219
12905,"0131",509,200,215,309,294
12905,"0135",283,274,348,9,-65
12906,"0131",208,204,233,4,-25
12906,"0135",485,197,269,288,216
12907,"0131",758,499,525,259,233
12907,"0135",1067,437,681,630,386
12908,"0131",861,520,566,341,295
12908,"0135",1168,602,759,566,409
12909,"0131",102,249,334,-147,-232
12909,"0135",672,147,211,525,461
12910,"0131",186,319,450,-133,-264
12910,"0135",732,170,192,562,540
12911,"0131",427,242,258,185,169
12911,"0135",115,84,122,31,-7
12912,"0131",339,446,513,-107,-174
12912,"0135",615,137,171,478,444
12913,"0131",425,279,316,146,109
12913,"0135",275,113,163,162,112
12914,"0131",58,14,16,44,42
12914,"0135",59,43,70,16,-11
12915,"0131",48,55,61,-7,-13
12915,"0135",52,16,24,36,28
12916,"0131",63,9,20,54,43
12916,"0135",9,11,43,-2,-34
12917,"0131",68,67,73,1,-5
12917,"0135",84,22,48,62,36
12918,"0131",202,174,177,28,25
12918,"0135",91,54,70,37,21
12919,"0131",730,396,422,334,308
12919,"0135",736,521,663,215,73
12920,"0131",6,3,3,3,3
12920,"0135",4,4,5,0,-1
12921,"0131",34,22,16,12,18
12921,"0135",20,10,14,10,6
12922,"0131",43,17,15,26,28
12922,"0135",73,52,69,21,4
12923,"0131",16,125,127,-109,-111
12923,"0135",249,58,88,191,161
12924,"0131",1310,631,758,679,552
12924,"0135",1205,827,1151,378,54
12925,"0131",1351,622,735,729,616
12925,"0135",1224,748,1150,476,74
12926,"0131",906,496,560,410,346
12926,"0135",1116,588,871,528,245
12927,"0131",1142,580,669,562,473
12927,"0135",1314,771,1145,543,169
12928,"0131",631,347,403,284,228
12928,"0135",893,511,727,382,166
12929,"0131",668,450,550,218,118
12929,"0135",1068,514,732,554,336
12930,"0131",1006,361,423,645,583
12930,"0135",329,389,548,-60,-219
12931,"0131",30,36,34,-6,-4
12931,"0135",52,19,29,33,23
12932,"0131",259,112,118,147,141
12932,"0135",191,131,197,60,-6
12933,"0131",731,298,357,433,374
12933,"0135",402,351,447,51,-45
12934,"0131",144,139,132,5,12
12934,"0135",154,82,116,72,38
12935,"0131",1152,581,618,571,534
12935,"0135",833,697,907,136,-74
12936,"0131",822,492,555,330,267
12936,"0135",978,621,811,357,167
12937,"0131",274,298,310,-24,-36
12937,"0135",163,44,74,119,89
12938,"0131",41,207,251,-166,-210
12938,"0135",344,39,76,305,268
12939,"0131",622,248,263,374,359
12939,"0135",199,204,308,-5,-109
12940,"0131",2,7,12,-5,-10
12940,"0135",82,31,55,51,27
12941,"0131",868,445,510,423,358
12941,"0135",606,342,566,264,40
12942,"0131",24,8,5,16,19
12942,"0135",2,8,13,-6,-11
12943,"0131",148,38,50,110,98
12943,"0135",127,93,171,34,-44
12944,"0131",240,244,249,-4,-9
12944,"0135",217,82,114,135,103
12945,"0131",26,8,12,18,14
12945,"0135",13,14,17,-1,-4
12946,"0131",1067,566,727,501,340
12946,"0135",804,377,529,427,275
12947,"0131",835,682,858,153,-23
12947,"0135",1340,495,731,845,609
12948,"0131",823,673,861,150,-38
12948,"0135",1387,458,701,929,686
12949,"0131",883,602,704,281,179
12949,"0135",1045,474,671,571,374
12950,"0131",1518,812,1032,706,486
12950,"0135",1166,600,867,566,299
12951,"0131",4,1,3,3,1
12951,"0135",9,5,6,4,3
12952,"0131",1226,511,550,715,676
12952,"0135",652,690,866,-38,-214
12953,"0131",610,335,368,275,242
12953,"0135",465,308,410,157,55
12954,"0131",378,162,166,216,212
12954,"0135",185,193,241,-8,-56
12955,"0131",539,613,674,-74,-135
12955,"0135",1179,320,411,859,768
12956,"0131",694,486,516,208,178
12956,"0135",498,185,255,313,243
12957,"0131",232,138,124,94,108
12957,"0135",289,161,204,128,85
12958,"0131",695,276,304,419,391
12958,"0135",93,173,246,-80,-153
12959,"0131",1166,679,776,487,390
12959,"0135",1201,436,623,765,578
12960,"0131",1122,608,755,514,367
12960,"0135",1013,363,475,650,538
12961,"0131",1210,804,961,406,249
12961,"0135",1783,492,729,1291,1054
12962,"0131",798,762,894,36,-96
12962,"0135",1784,456,611,1328,1173
12963,"0131",950,662,789,288,161
12963,"0135",1204,312,496,892,708
12964,"0131",1238,688,732,550,506
12964,"0135",1194,483,679,711,515
12965,"0131",1023,585,696,438,327
12965,"0135",1083,435,618,648,465
12966,"0131",626,587,665,39,-39
12966,"0135",1292,363,472,929,820
12967,"0131",1092,431,471,661,621
12967,"0135",325,276,377,49,-52
12968,"0131",1245,762,892,483,353
12968,"0135",1427,518,705,909,722
12969,"0131",1163,758,904,405,259
12969,"0135",1551,553,755,998,796
12970,"0131",1596,792,909,804,687
12970,"0135",1068,517,683,551,385
12971,"0131",591,324,345,267,246
12971,"0135",445,186,258,259,187
12972,"0131",1535,1125,1326,410,209
12972,"0135",1497,473,645,1024,852
12973,"0131",1383,1208,1336,175,47
12973,"0135",1684,487,671,1197,1013
12974,"0131",696,1011,1064,-315,-368
12974,"0135",1730,366,517,1364,1213
12975,"0131",449,591,682,-142,-233
12975,"0135",1174,227,341,947,833
12976,"0131",792,523,564,269,228
12976,"0135",582,198,301,384,281
12977,"0131",119,212,143,-93,-24
12977,"0135",662,441,433,221,229
12978,"0131",530,283,264,247,266
12978,"0135",873,535,675,338,198
12979,"0131",1,0,1,1,0
12979,"0135",2,0,0,2,2
12980,"0131",389,121,126,268,263
12980,"0135",266,285,407,-19,-141
12981,"0131",1752,958,1086,794,666
12981,"0135",1336,794,1095,542,241
12982,"0131",1128,714,775,414,353
12982,"0135",1133,545,798,588,335
12983,"0131",1061,642,712,419,349
12983,"0135",921,428,699,493,222
12984,"0131",710,683,768,27,-58
12984,"0135",1208,421,591,787,617
12985,"0131",1388,937,1012,451,376
12985,"0135",1306,637,901,669,405
12986,"0131",590,288,305,302,285
12986,"0135",529,411,553,118,-24
12987,"0131",281,187,192,94,89
12987,"0135",539,279,400,260,139
12988,"0131",1504,511,720,993,784
12988,"0135",926,557,771,369,155
12989,"0131",854,334,402,520,452
12989,"0135",813,464,612,349,201
12990,"0131",1411,696,758,715,653
12990,"0135",1518,740,975,778,543
12991,"0131",1253,670,752,583,501
12991,"0135",1730,798,1054,932,676
12992,"0131",1891,576,798,1315,1093
12992,"0135",1065,689,1024,376,41
12993,"0131",1924,658,733,1266,1191
12993,"0135",969,737,1006,232,-37
12994,"0131",1427,652,754,775,673
12994,"0135",1549,737,1032,812,517
12995,"0131",1464,610,701,854,763
12995,"0135",1188,651,893,537,295
12996,"0131",815,472,477,343,338
12996,"0135",1091,569,659,522,432
12997,"0131",1032,476,562,556,470
12997,"0135",1082,500,742,582,340
12998,"0131",475,259,311,216,164
12998,"0135",620,252,368,368,252
12999,"0131",686,246,278,440,408
12999,"0135",356,241,359,115,-3
13000,"0131",822,351,420,471,402
13000,"0135",689,385,500,304,189
13001,"0131",927,498,525,429,402
13001,"0135",1307,724,928,583,379
13002,"0131",177,67,109,110,68
13002,"0135",260,126,215,134,45
13003,"0131",173,34,60,139,113
13003,"0135",63,48,100,15,-37
13004,"0131",956,455,562,501,394
13004,"0135",906,505,684,401,222
13005,"0131",538,303,350,235,188
13005,"0135",522,280,362,242,160
13006,"0131",373,239,262,134,111
13006,"0135",446,210,278,236,168
13007,"0131",164,108,149,56,15
13007,"0135",669,342,456,327,213
13008,"0131",501,126,167,375,334
13008,"0135",494,367,544,127,-50
13009,"0131",248,150,187,98,61
13009,"0135",543,263,369,280,174
13010,"0131",1652,795,916,857,736
13010,"0135",2156,1232,1604,924,552
13011,"0131",840,457,524,383,316
13011,"0135",1291,631,852,660,439
13012,"0131",1310,610,745,700,565
13012,"0135",1355,740,1028,615,327
13013,"0131",759,339,472,420,287
13013,"0135",1126,552,782,574,344
13014,"0131",536,277,339,259,197
13014,"0135",735,363,468,372,267
13015,"0131",364,115,130,249,234
13015,"0135",172,180,263,-8,-91
13016,"0131",135,117,112,18,23
13016,"0135",253,110,156,143,97
13017,"0131",895,366,369,529,526
13017,"0135",967,705,950,262,17
13018,"0131",736,255,314,481,422
13018,"0135",873,600,827,273,46
13019,"0131",660,317,379,343,281
13019,"0135",948,541,720,407,228
13020,"0131",859,358,413,501,446
13020,"0135",963,584,822,379,141
13021,"0131",185,208,253,-23,-68
13021,"0135",340,107,153,233,187
13022,"0131",76,52,69,24,7
13022,"0135",49,13,20,36,29
13023,"0131",646,148,171,498,475
13023,"0135",376,384,506,-8,-130
13024,"0131",589,176,213,413,376
13024,"0135",500,379,512,121,-12
13025,"0131",1323,469,596,854,727
13025,"0135",827,653,894,174,-67
13026,"0131",747,381,490,366,257
13026,"0135",1119,532,791,587,328
13027,"0131",1245,367,498,878,747
13027,"0135",618,529,746,89,-128
13028,"0131",1119,390,512,729,607
13028,"0135",567,448,648,119,-81
13029,"0131",655,174,184,481,471
13029,"0135",465,484,665,-19,-200
13030,"0131",449,140,172,309,277
13030,"0135",694,527,591,167,103
13031,"0131",346,139,145,207,201
13031,"0135",194,184,234,10,-40
13032,"0131",249,86,91,163,158
13032,"0135",108,106,159,2,-51
13033,"0131",69,7,17,62,52
13033,"0135",19,11,46,8,-27
13034,"0131",233,115,131,118,102
13034,"0135",438,236,354,202,84
13035,"0131",1094,1114,1303,-20,-209
13035,"0135",2055,726,960,1329,1095
13036,"0131",2123,1462,1725,661,398
13036,"0135",1726,875,1160,851,566
13037,"0131",788,439,533,349,255
13037,"0135",548,389,498,159,50
13038,"0131",698,395,515,303,183
13038,"0135",678,446,570,232,108
13039,"0131",361,517,529,-156,-168
13039,"0135",605,112,212,493,393
13040,"0131",140,262,264,-122,-124
13040,"0135",403,85,139,318,264
13041,"0131",1460,861,1020,599,440
13041,"0135",1503,932,1277,571,226
13042,"0131",690,421,501,269,189
13042,"0135",746,432,570,314,176
13043,"0131",778,570,728,208,50
13043,"0135",1113,572,726,541,387
13044,"0131",1136,576,683,560,453
13044,"0135",780,576,785,204,-5
13045,"0131",805,480,564,325,241
13045,"0135",865,463,684,402,181
13046,"0131",1015,499,566,516,449
13046,"0135",737,543,765,194,-28
13047,"0131",69,66,62,3,7
13047,"0135",38,20,30,18,8
13048,"0131",21,14,43,7,-22
13048,"0135",41,40,13,1,28
13049,"0131",243,159,190,84,53
13049,"0135",95,98,109,-3,-14
13050,"0131",3,0,0,3,3
13050,"0135",3,3,5,0,-2
13051,"0131",552,609,600,-57,-48
13051,"0135",330,104,182,226,148
13052,"0131",5,70,72,-65,-67
13052,"0135",109,24,29,85,80
13053,"0131",636,459,460,177,176
13053,"0135",148,173,207,-25,-59
13054,"0131",0,0,2,0,-2
13054,"0135",3,0,0,3,3
13055,"0131",622,543,643,79,-21
13055,"0135",542,144,364,398,178
13056,"0131",94,136,134,-42,-40
13056,"0135",129,45,38,84,91
13057,"0131",157,178,140,-21,17
13057,"0135",167,80,125,87,42
13058,"0131",317,445,430,-128,-113
13058,"0135",315,89,92,226,223
13059,"0131",110,64,112,46,-2
13059,"0135",85,34,45,51,40
13060,"0131",45,19,22,26,23
13060,"0135",4,13,19,-9,-15
13061,"0131",752,628,647,124,105
13061,"0135",696,304,500,392,196
13062,"0131",154,169,163,-15,-9
13062,"0135",140,51,78,89,62
13063,"0131",101,59,58,42,43
13063,"0135",18,16,35,2,-17
13064,"0131",14,101,96,-87,-82
13064,"0135",145,18,24,127,121
13065,"0131",14,7,6,7,8
13065,"0135",11,5,11,6,0
13066,"0131",4,15,13,-11,-9
13066,"0135",20,2,4,18,16
13067,"0131",698,456,470,242,228
13067,"0135",668,490,558,178,110
13068,"0131",541,427,418,114,123
13068,"0135",648,416,490,232,158
13069,"0131",592,656,632,-64,-40
13069,"0135",1031,420,548,611,483
13070,"0131",1002,659,669,343,333
13070,"0135",722,538,581,184,141
13071,"0131",870,876,1107,-6,-237
13071,"0135",1169,252,328,917,841
13072,"0131",1166,745,792,421,374
13072,"0135",271,222,234,49,37
13073,"0131",697,1097,1143,-400,-446
13073,"0135",1260,270,335,990,925
13074,"0131",1372,1061,1161,311,211
13074,"0135",655,272,329,383,326
13075,"0131",922,1059,1100,-137,-178
13075,"0135",1114,328,364,786,750
13076,"0131",501,465,502,36,-1
13076,"0135",431,140,168,291,263
13077,"0131",1288,906,886,382,402
13077,"0135",921,453,595,468,326
13078,"0131",1263,922,915,341,348
13078,"0135",878,517,615,361,263
13079,"0131",1143,917,891,226,252
13079,"0135",890,487,550,403,340
13080,"0131",1070,748,762,322,308
13080,"0135",624,323,397,301,227
13081,"0131",807,729,759,78,48
13081,"0135",868,364,426,504,442
13082,"0131",729,918,938,-189,-209
13082,"0135",1487,499,562,988,925
13083,"0131",1025,1656,1782,-631,-757
13083,"0135",1632,220,240,1412,1392
13084,"0131",720,1082,1148,-362,-428
13084,"0135",1019,140,137,879,882
13085,"0131",904,1042,1193,-138,-289
13085,"0135",836,132,150,704,686
13086,"0131",752,1017,1130,-265,-378
13086,"0135",1007,160,188,847,819
13087,"0131",1181,1415,1530,-234,-349
13087,"0135",1126,188,219,938,907
13088,"0131",872,1095,1149,-223,-277
13088,"0135",873,139,170,734,703
13089,"0131",1805,1536,1536,269,269
13089,"0135",1126,422,454,704,672
13090,"0131",1626,1572,1566,54,60
13090,"0135",1334,408,462,926,872
13091,"0131",1641,1558,1558,83,83
13091,"0135",1263,373,421,890,842
13092,"0131",578,816,1015,-238,-437
13092,"0135",1332,307,289,1025,1043
13093,"0131",1448,1833,1831,-385,-383
13093,"0135",2171,538,620,1633,1551
13094,"0131",1218,1022,1049,196,169
13094,"0135",727,241,301,486,426
13095,"0131",1141,1180,1357,-39,-216
13095,"0135",1541,417,476,1124,1065
13096,"0131",906,565,549,341,357
13096,"0135",964,837,905,127,59
13097,"0131",769,442,423,327,346
13097,"0135",880,757,869,123,11
13098,"0131",1102,970,994,132,108
13098,"0135",1356,549,719,807,637
13099,"0131",852,733,646,119,206
13099,"0135",769,539,514,230,255
13100,"0131",734,770,783,-36,-49
13100,"0135",1156,522,584,634,572
13101,"0131",858,538,563,320,295
13101,"0135",580,384,455,196,125
13102,"0131",1053,1122,1162,-69,-109
13102,"0135",1502,478,595,1024,907
13103,"0131",1437,1405,1404,32,33
13103,"0135",1688,623,725,1065,963
13104,"0131",1544,1376,1418,168,126
13104,"0135",1566,619,717,947,849
13105,"0131",1167,972,967,195,200
13105,"0135",1038,393,518,645,520
13106,"0131",1360,1317,1281,43,79
13106,"0135",1470,580,680,890,790
13107,"0131",761,803,634,-42,127
13107,"0135",736,330,394,406,342
13108,"0131",1637,1106,1121,531,516
13108,"0135",867,529,597,338,270
13109,"0131",562,645,659,-83,-97
13109,"0135",858,277,374,581,484
13110,"0131",2203,1583,1687,620,516
13110,"0135",1219,651,782,568,437
13111,"0131",738,832,836,-94,-98
13111,"0135",950,327,355,623,595
13112,"0131",945,2019,2074,-1074,-1129
13112,"0135",2742,586,644,2156,2098
13113,"0131",3168,2959,3134,209,34
13113,"0135",2487,836,1021,1651,1466
13114,"0131",2044,1965,2088,79,-44
13114,"0135",1942,649,767,1293,1175
13115,"0131",1574,1317,1349,257,225
13115,"0135",1030,452,511,578,519
13116,"0131",1411,1347,1426,64,-15
13116,"0135",1382,520,595,862,787
13117,"0131",1057,1230,1256,-173,-199
13117,"0135",1207,381,415,826,792
13118,"0131",1451,1122,1177,329,274
13118,"0135",724,379,423,345,301
13119,"0131",1401,1445,1479,-44,-78
13119,"0135",1512,436,544,1076,968
13120,"0131",2566,2505,2718,61,-152
13120,"0135",3056,809,993,2247,2063
13121,"0131",1713,1717,1771,-4,-58
13121,"0135",1810,534,640,1276,1170
13122,"0131",2028,2132,2207,-104,-179
13122,"0135",2370,577,722,1793,1648
13123,"0131",2398,2528,2624,-130,-226
13123,"0135",2940,822,923,2118,2017
13124,"0131",1451,1356,1358,95,93
13124,"0135",1282,394,473,888,809
13125,"0131",1024,1262,1311,-238,-287
13125,"0135",1304,315,382,989,922
13126,"0131",903,1189,1264,-286,-361
13126,"0135",1403,318,374,1085,1029
13127,"0131",671,1113,1116,-442,-445
13127,"0135",1359,261,315,1098,1044
13128,"0131",3119,3401,3670,-282,-551
13128,"0135",2826,581,698,2245,2128
13129,"0131",3056,2860,2854,196,202
13129,"0135",2907,905,1120,2002,1787
13130,"0131",930,736,881,194,49
13130,"0135",873,218,310,655,563
13131,"0131",697,589,588,108,109
13131,"0135",513,189,215,324,298
13132,"0131",780,686,651,94,129
13132,"0135",716,256,367,460,349
13133,"0131",733,678,676,55,57
13133,"0135",690,368,254,322,436
13134,"0131",1825,1677,1749,148,76
13134,"0135",1764,671,722,1093,1042
13135,"0131",999,1375,1494,-376,-495
13135,"0135",884,75,84,809,800
13136,"0131",543,622,674,-79,-131
13136,"0135",222,7,30,215,192
13137,"0131",540,1116,1047,-576,-507
13137,"0135",641,6,35,635,606
13138,"0131",130,201,235,-71,-105
13138,"0135",163,10,22,153,141
13139,"0131",523,417,571,106,-48
13139,"0135",284,25,58,259,226
13140,"0131",506,528,561,-22,-55
13140,"0135",289,56,75,233,214
13141,"0131",278,627,641,-349,-363
13141,"0135",563,42,73,521,490
13142,"0131",1069,1362,1455,-293,-386
13142,"0135",1172,272,355,900,817
13143,"0131",358,499,549,-141,-191
13143,"0135",413,56,64,357,349
13144,"0131",349,0,396,349,-47
13144,"0135",92,0,25,92,67
13145,"0131",1319,1348,1673,-29,-354
13145,"0135",936,260,339,676,597
13146,"0131",634,1065,1325,-431,-691
13146,"0135",1069,159,192,910,877
13147,"0131",1164,1061,1365,103,-201
13147,"0135",601,147,170,454,431
13148,"0131",353,223,426,130,-73
13148,"0135",117,4,16,113,101
13149,"0131",501,814,959,-313,-458
13149,"0135",831,172,185,659,646
13150,"0131",581,692,686,-111,-105
13150,"0135",390,108,138,282,252
13151,"0131",348,503,1043,-155,-695
13151,"0135",953,137,138,816,815
13152,"0131",64,0,94,64,-30
13152,"0135",39,0,3,39,36
13153,"0131",390,308,877,82,-487
13153,"0135",623,51,70,572,553
13154,"0131",699,1419,1585,-720,-886
13154,"0135",1127,82,132,1045,995
13155,"0131",205,205,326,0,-121
13155,"0135",182,12,44,170,138
13156,"0131",376,490,532,-114,-156
13156,"0135",499,189,258,310,241
13157,"0131",77,70,88,7,-11
13157,"0135",58,24,32,34,26
13158,"0131",1026,706,1017,320,9
13158,"0135",977,558,871,419,106
13159,"0131",1116,817,950,299,166
13159,"0135",830,702,877,128,-47
13160,"0131",472,0,711,472,-239
13160,"0135",263,0,5,263,258
13161,"0131",204,595,786,-391,-582
13161,"0135",655,4,13,651,642
13162,"0131",35,77,85,-42,-50
13162,"0135",67,0,6,67,61
13163,"0131",1505,3231,3281,-1726,-1776
13163,"0135",2319,69,166,2250,2153
13164,"0131",631,1310,1099,-679,-468
13164,"0135",707,79,83,628,624
13165,"0131",155,445,446,-290,-291
13165,"0135",345,10,14,335,331
13166,"0131",816,1137,1039,-321,-223
13166,"0135",952,599,455,353,497
13167,"0131",866,832,1309,34,-443
13167,"0135",813,104,174,709,639
13168,"0131",1080,890,1271,190,-191
13168,"0135",533,126,179,407,354
13169,"0131",516,668,798,-152,-282
13169,"0135",425,37,58,388,367
13170,"0131",241,308,463,-67,-222
13170,"0135",280,16,30,264,250
13171,"0131",259,319,398,-60,-139
13171,"0135",161,5,12,156,149
13172,"0131",53,80,112,-27,-59
13172,"0135",92,0,13,92,79
13173,"0131",49,67,95,-18,-46
13173,"0135",96,1,8,95,88
13174,"0131",1416,1796,1899,-380,-483
13174,"0135",562,4,30,558,532
13175,"0131",1114,1179,1260,-65,-146
13175,"0135",1693,391,533,1302,1160
13176,"0131",1096,1026,1124,70,-28
13176,"0135",1401,314,446,1087,955
13177,"0131",1544,1317,1425,227,119
13177,"0135",1589,438,566,1151,1023
13178,"0131",1163,1049,1143,114,20
13178,"0135",1367,370,455,997,912
13179,"0131",1418,908,1138,510,280
13179,"0135",1127,390,480,737,647
13180,"0131",1183,984,1030,199,153
13180,"0135",1318,337,479,981,839
13181,"0131",1284,1018,1074,266,210
13181,"0135",1173,342,423,831,750
13182,"0131",2731,2017,2235,714,496
13182,"0135",1822,392,623,1430,1199
13183,"0131",1637,1274,1399,363,238
13183,"0135",1196,213,348,983,848
13184,"0131",1322,1404,1556,-82,-234
13184,"0135",1828,278,413,1550,1415
13185,"0131",1914,1706,1974,208,-60
13185,"0135",1844,308,473,1536,1371
13186,"0131",1700,1516,1632,184,68
13186,"0135",1998,372,541,1626,1457
13187,"0131",2098,1724,1978,374,120
13187,"0135",1894,400,525,1494,1369
13188,"0131",807,776,803,31,4
13188,"0135",959,157,273,802,686
13189,"0131",1960,1439,1613,521,347
13189,"0135",1259,286,416,973,843
13190,"0131",850,735,951,115,-101
13190,"0135",575,89,111,486,464
13191,"0131",20,135,167,-115,-147
13191,"0135",235,7,22,228,213
13192,"0131",522,976,1011,-454,-489
13192,"0135",710,25,49,685,661
13193,"0131",1063,941,1065,122,-2
13193,"0135",1221,238,304,983,917
13194,"0131",2099,1903,2104,196,-5
13194,"0135",2424,521,666,1903,1758
13195,"0131",2551,2095,2243,456,308
13195,"0135",2370,716,648,1654,1722
13196,"0131",1729,1442,1586,287,143
13196,"0135",1796,358,508,1438,1288
13197,"0131",1404,951,1065,453,339
13197,"0135",908,217,320,691,588
13198,"0131",706,624,649,82,57
13198,"0135",737,105,206,632,531
13199,"0131",1412,1241,1395,171,17
13199,"0135",1530,284,414,1246,1116
13200,"0131",527,662,1011,-135,-484
13200,"0135",682,39,65,643,617
13201,"0131",32,38,50,-6,-18
13201,"0135",39,0,4,39,35
13202,"0131",436,235,448,201,-12
13202,"0135",102,0,27,102,75
13203,"0131",412,456,556,-44,-144
13203,"0135",236,18,31,218,205
13204,"0131",1408,1859,1924,-451,-516
13204,"0135",1379,206,266,1173,1113
13205,"0131",1368,1748,1895,-380,-527
13205,"0135",1421,227,302,1194,1119
13206,"0131",1309,1327,1685,-18,-376
13206,"0135",1101,151,211,950,890
13207,"0131",323,364,542,-41,-219
13207,"0135",311,16,26,295,285
13208,"0131",78,112,146,-34,-68
13208,"0135",121,4,17,117,104
13209,"0131",280,289,405,-9,-125
13209,"0135",208,13,13,195,195
13210,"0131",646,652,763,-6,-117
13210,"0135",233,11,20,222,213
13211,"0131",143,439,496,-296,-353
13211,"0135",415,16,15,399,400
13212,"0131",143,237,273,-94,-130
13212,"0135",164,4,6,160,158
13213,"0131",1079,1965,1988,-886,-909
13213,"0135",1525,90,127,1435,1398
13214,"0131",79,288,312,-209,-233
13214,"0135",293,6,13,287,280
13215,"0131",135,235,251,-100,-116
13215,"0135",178,4,12,174,166
13216,"0131",229,171,235,58,-6
13216,"0135",87,7,11,80,76
13217,"0131",250,221,252,29,-2
13217,"0135",78,20,22,58,56
13218,"0131",119,254,553,-135,-434
13218,"0135",588,32,39,556,549
13219,"0131",345,542,674,-197,-329
13219,"0135",465,27,42,438,423
13220,"0131",451,455,522,-4,-71
13220,"0135",139,7,15,132,124
13221,"0131",937,1417,1518,-480,-581
13221,"0135",846,48,59,798,787
13222,"0131",1833,1561,1668,272,165
13222,"0135",1646,1211,1287,435,359
13223,"0131",665,638,645,27,20
13223,"0135",683,428,509,255,174
13224,"0131",76,84,57,-8,19
13224,"0135",101,71,101,30,0
13225,"0131",264,255,242,9,22
13225,"0135",127,72,78,55,49
13226,"0131",422,297,271,125,151
13226,"0135",278,271,327,7,-49
13227,"0131",287,0,641,287,-354
13227,"0135",403,0,20,403,383
13228,"0131",33,109,133,-76,-100
13228,"0135",110,3,2,107,108
13229,"0131",1448,2005,2245,-557,-797
13229,"0135",1399,233,237,1166,1162
13230,"0131",1451,2130,2684,-679,-1233
13230,"0135",1915,217,267,1698,1648
13231,"0131",1283,1619,1765,-336,-482
13231,"0135",1033,219,228,814,805
13232,"0131",1018,387,1059,631,-41
13232,"0135",388,62,163,326,225
13233,"0131",579,872,1076,-293,-497
13233,"0135",902,136,148,766,754
13234,"0131",516,393,868,123,-352
13234,"0135",592,84,86,508,506
13235,"0131",275,417,473,-142,-198
13235,"0135",308,45,49,263,259
13236,"0131",617,618,1103,-1,-486
13236,"0135",597,10,50,587,547
13237,"0131",592,724,741,-132,-149
13237,"0135",297,40,52,257,245
13238,"0131",55,156,166,-101,-111
13238,"0135",135,0,5,135,130
13239,"0131",165,186,206,-21,-41
13239,"0135",115,7,10,108,105
13240,"0131",2666,2855,3006,-189,-340
13240,"0135",2452,612,715,1840,1737
13241,"0131",1582,1550,1618,32,-36
13241,"0135",1211,344,434,867,777
13242,"0131",932,1282,1366,-350,-434
13242,"0135",1344,275,340,1069,1004
13243,"0131",955,1569,1691,-614,-736
13243,"0135",1868,308,364,1560,1504
13244,"0131",1153,1640,1716,-487,-563
13244,"0135",1668,419,404,1249,1264
13245,"0131",1045,1817,1865,-772,-820
13245,"0135",2063,395,443,1668,1620
13246,"0131",629,839,919,-210,-290
13246,"0135",479,51,57,428,422
13247,"0131",129,100,115,29,14
13247,"0135",16,4,2,12,14
13248,"0131",9,7,12,2,-3
13248,"0135",5,0,0,5,5
13249,"0131",669,848,922,-179,-253
13249,"0135",446,40,56,406,390
13250,"0131",29,24,33,5,-4
13250,"0135",22,2,1,20,21
13251,"0131",76,108,105,-32,-29
13251,"0135",40,0,1,40,39
13252,"0131",4,12,26,-8,-22
13252,"0135",26,1,1,25,25
13253,"0131",62,90,77,-28,-15
13253,"0135",45,3,7,42,38
13254,"0131",233,232,314,1,-81
13254,"0135",107,13,7,94,100
13255,"0131",579,786,1054,-207,-475
13255,"0135",790,67,68,723,722
13256,"0131",123,19,397,104,-274
13256,"0135",317,1,7,316,310
13257,"0131",235,258,411,-23,-176
13257,"0135",232,10,12,222,220
13258,"0131",673,605,788,68,-115
13258,"0135",197,12,8,185,189
13259,"0131",214,92,410,122,-196
13259,"0135",242,3,20,239,222
13260,"0131",95,223,632,-128,-537
13260,"0135",594,4,17,590,577
13261,"0131",981,1171,1716,-190,-735
13261,"0135",1046,84,123,962,923
13262,"0131",638,538,901,100,-263
13262,"0135",393,27,42,366,351
13263,"0131",637,915,1344,-278,-707
13263,"0135",843,30,47,813,796
13264,"0131",511,527,816,-16,-305
13264,"0135",387,11,25,376,362
13265,"0131",227,198,431,29,-204
13265,"0135",260,10,19,250,241
13266,"0131",77,237,258,-160,-181
13266,"0135",234,12,7,222,227
13267,"0131",820,876,938,-56,-118
13267,"0135",353,77,74,276,279
13268,"0131",112,232,290,-120,-178
13268,"0135",217,9,9,208,208
13269,"0131",923,1125,1472,-202,-549
13269,"0135",916,78,119,838,797
13270,"0131",176,437,451,-261,-275
13270,"0135",403,24,21,379,382
13271,"0131",163,306,339,-143,-176
13271,"0135",257,11,30,246,227
13272,"0131",660,918,953,-258,-293
13272,"0135",387,16,18,371,369
13273,"0131",669,956,991,-287,-322
13273,"0135",507,39,61,468,446
13274,"0131",280,516,542,-236,-262
13274,"0135",422,50,59,372,363
13275,"0131",9,144,139,-135,-130
13275,"0135",169,8,10,161,159
13276,"0131",579,1030,1130,-451,-551
13276,"0135",834,79,103,755,731
13277,"0131",664,1040,1083,-376,-419
13277,"0135",782,97,128,685,654
13278,"0131",331,1203,1370,-872,-1039
13278,"0135",1220,62,92,1158,1128
13279,"0131",121,119,119,2,2
13279,"0135",3,0,4,3,-1
13280,"0131",83,158,128,-75,-45
13280,"0135",64,2,16,62,48
13281,"0131",613,598,630,15,-17
13281,"0135",182,66,83,116,99
13282,"0131",39,0,72,39,-33
13282,"0135",47,0,4,47,43
13283,"0131",1441,2017,2318,-576,-877
13283,"0135",2155,534,651,1621,1504
13284,"0131",1556,1476,1746,80,-190
13284,"0135",1299,500,539,799,760
13285,"0131",1375,1229,1582,146,-207
13285,"0135",1246,406,464,840,782
13286,"0131",71,147,188,-76,-117
13286,"0135",154,14,18,140,136
13287,"0131",110,172,267,-62,-157
13287,"0135",195,10,25,185,170
13288,"0131",92,131,167,-39,-75
13288,"0135",109,0,14,109,95
13289,"0131",288,337,438,-49,-150
13289,"0135",289,67,88,222,201
13290,"0131",134,169,177,-35,-43
13290,"0135",87,17,11,70,76
13291,"0131",167,97,126,70,41
13291,"0135",8,1,16,7,-8
13292,"0131",142,353,453,-211,-311
13292,"0135",440,40,59,400,381
13293,"0131",83,60,136,23,-53
13293,"0135",87,3,26,84,61
13294,"0131",350,335,336,15,14
13294,"0135",42,2,38,40,4
13295,"0131",136,211,241,-75,-105
13295,"0135",153,11,22,142,131
13296,"0131",60,84,130,-24,-70
13296,"0135",117,16,27,101,90
13297,"0131",197,187,247,10,-50
13297,"0135",64,2,5,62,59
13298,"0131",1401,1375,1862,26,-461
13298,"0135",1002,140,217,862,785
13299,"0131",815,1419,1938,-604,-1123
13299,"0135",1750,148,212,1602,1538
13300,"0131",197,127,155,70,42
13300,"0135",49,15,12,34,37
13301,"0131",420,698,805,-278,-385
13301,"0135",595,81,109,514,486
13302,"0131",768,807,852,-39,-84
13302,"0135",441,248,220,193,221
13303,"0131",231,187,217,44,14
13303,"0135",21,9,7,12,14
13304,"0131",19,67,78,-48,-59
13304,"0135",77,5,7,72,70
13305,"0131",368,413,405,-45,-37
13305,"0135",135,25,68,110,67
13306,"0131",192,0,594,192,-402
13306,"0135",562,0,75,562,487
13307,"0131",230,404,403,-174,-173
13307,"0135",288,59,69,229,219
13308,"0131",332,230,437,102,-105
13308,"0135",370,91,223,279,147
13309,"0131",16,5,16,11,0
13309,"0135",12,0,10,12,2
13310,"0131",17,2,4,15,13
13310,"0135",3,0,13,3,-10
13311,"0131",43,47,65,-4,-22
13311,"0135",31,0,5,31,26
13312,"0131",63,67,74,-4,-11
13312,"0135",41,15,19,26,22
13313,"0131",8,15,40,-7,-32
13313,"0135",36,1,3,35,33
13314,"0131",31,27,31,4,0
13314,"0135",11,4,3,7,8
13315,"0131",75,0,140,75,-65
13315,"0135",73,0,2,73,71
13316,"0131",273,179,295,94,-22
13316,"0135",83,61,30,22,53
13317,"0131",202,649,849,-447,-647
13317,"0135",860,79,85,781,775
13318,"0131",67,106,118,-39,-51
13318,"0135",92,5,21,87,71
13319,"0131",12,190,220,-178,-208
13319,"0135",234,8,9,226,225
13320,"0131",978,1106,1688,-128,-710
13320,"0135",1249,152,209,1097,1040
13321,"0131",529,925,1031,-396,-502
13321,"0135",875,152,163,723,712
13322,"0131",432,481,551,-49,-119
13322,"0135",181,5,23,176,158
13323,"0131",101,232,238,-131,-137
13323,"0135",172,2,10,170,162
13324,"0131",1947,2633,3023,-686,-1076
13324,"0135",2634,638,865,1996,1769
13325,"0131",711,983,1071,-272,-360
13325,"0135",1029,295,347,734,682
13326,"0131",1684,2452,2742,-768,-1058
13326,"0135",2425,584,721,1841,1704
13327,"0131",217,0,277,217,-60
13327,"0135",124,0,19,124,105
13328,"0131",163,0,544,163,-381
13328,"0135",446,0,18,446,428
13329,"0131",349,368,334,-19,15
13329,"0135",24,3,24,21,0
13330,"0131",222,0,517,222,-295
13330,"0135",340,0,13,340,327
13331,"0131",261,140,379,121,-118
13331,"0135",212,17,25,195,187
13332,"0131",1020,1857,1954,-837,-934
13332,"0135",1857,317,526,1540,1331
13333,"0131",827,1419,1516,-592,-689
13333,"0135",1497,257,421,1240,1076
13334,"0131",763,1218,1328,-455,-565
13334,"0135",1279,240,408,1039,871
13335,"0131",44,79,58,-35,-14
13335,"0135",23,0,3,23,20
13336,"0131",98,186,187,-88,-89
13336,"0135",134,10,23,124,111
13337,"0131",80,110,67,-30,13
13337,"0135",5,4,10,1,-5
13338,"0131",210,280,271,-70,-61
13338,"0135",111,0,23,111,88
13339,"0131",11,120,93,-109,-82
13339,"0135",100,3,18,97,82
13340,"0131",54,33,36,21,18
13340,"0135",3,2,14,1,-11
13341,"0131",185,0,168,185,17
13341,"0135",10,6,13,4,-3
13342,"0131",794,942,1301,-148,-507
13342,"0135",945,94,267,851,678
13343,"0131",134,96,152,38,-18
13343,"0135",62,3,8,59,54
13344,"0131",143,110,255,33,-112
13344,"0135",159,4,30,155,129
13345,"0131",197,437,555,-240,-358
13345,"0135",458,13,29,445,429
13346,"0131",1546,2907,3275,-1361,-1729
13346,"0135",2717,260,503,2457,2214
13347,"0131",1051,1489,1524,-438,-473
13347,"0135",911,95,241,816,670
13348,"0131",126,99,138,27,-12
13348,"0135",47,2,18,45,29
13349,"0131",283,271,303,12,-20
13349,"0135",51,5,11,46,40
13350,"0131",196,360,408,-164,-212
13350,"0135",278,16,40,262,238
13351,"0131",1106,1301,1511,-195,-405
13351,"0135",897,146,223,751,674
13352,"0131",310,294,465,16,-155
13352,"0135",317,103,149,214,168
13353,"0131",181,295,327,-114,-146
13353,"0135",186,21,22,165,164
13354,"0131",355,0,402,355,-47
13354,"0135",81,0,16,81,65
13355,"0131",133,260,487,-127,-354
13355,"0135",419,9,24,410,395
13356,"0131",0,70,0,-70,0
13356,"0135",0,7,0,-7,0
13357,"0131",50,18,41,32,9
13357,"0135",3,1,2,2,1
13358,"0131",82,50,71,32,11
13358,"0135",14,6,9,8,5
13359,"0131",21,0,107,21,-86
13359,"0135",125,2,15,123,110
13360,"0131",108,24,111,84,-3
13360,"0135",39,0,21,39,18
13361,"0131",252,57,228,195,24
13361,"0135",62,1,37,61,25
13362,"0131",850,1236,1568,-386,-718
13362,"0135",1667,308,472,1359,1195
13363,"0131",1461,1074,1364,387,97
13363,"0135",585,236,358,349,227
13364,"0131",137,33,127,104,10
13364,"0135",22,5,10,17,12
13365,"0131",28,17,55,11,-27
13365,"0135",40,3,8,37,32
13366,"0131",13,126,146,-113,-133
13366,"0135",235,29,67,206,168
13367,"0131",393,467,451,-74,-58
13367,"0135",734,343,498,391,236
13368,"0131",402,513,492,-111,-90
13368,"0135",1016,462,648,554,368
13369,"0131",372,271,246,101,126
13369,"0135",127,118,196,9,-69
13370,"0131",0,0,0,0,0
13370,"0135",1,0,0,1,1
13371,"0131",104,100,100,4,4
13371,"0135",28,18,21,10,7
13372,"0131",8,3,15,5,-7
13372,"0135",11,1,3,10,8
13373,"0131",180,277,330,-97,-150
13373,"0135",193,4,11,189,182
13374,"0131",290,154,329,136,-39
13374,"0135",218,9,36,209,182
13375,"0131",515,976,1089,-461,-574
13375,"0135",889,47,90,842,799
13376,"0131",1238,1636,1923,-398,-685
13376,"0135",1265,173,194,1092,1071
13377,"0131",1254,1366,1581,-112,-327
13377,"0135",857,172,188,685,669
13378,"0131",748,1379,1624,-631,-876
13378,"0135",1541,211,245,1330,1296
13379,"0131",1095,1395,1606,-300,-511
13379,"0135",1090,188,230,902,860
13380,"0131",333,396,923,-63,-590
13380,"0135",765,17,53,748,712
13381,"0131",2006,1875,2503,131,-497
13381,"0135",1975,508,754,1467,1221
13382,"0131",1569,1441,1578,128,-9
13382,"0135",1114,393,533,721,581
13383,"0131",2085,2062,2650,23,-565
13383,"0135",1997,511,652,1486,1345
13384,"0131",1211,1327,1910,-116,-699
13384,"0135",1429,118,211,1311,1218
13385,"0131",1009,1190,1467,-181,-458
13385,"0135",810,90,101,720,709
13386,"0131",521,968,1011,-447,-490
13386,"0135",676,38,41,638,635
13387,"0131",236,321,228,-85,8
13387,"0135",55,0,7,55,48
13388,"0131",344,496,586,-152,-242
13388,"0135",372,26,26,346,346
13389,"0131",477,675,788,-198,-311
13389,"0135",416,13,23,403,393
13390,"0131",253,291,350,-38,-97
13390,"0135",159,6,20,153,139
13391,"0131",158,107,246,51,-88
13391,"0135",134,16,11,118,123
13392,"0131",193,314,319,-121,-126
13392,"0135",189,7,14,182,175
13393,"0131",117,399,452,-282,-335
13393,"0135",412,20,19,392,393
13394,"0131",350,758,809,-408,-459
13394,"0135",611,42,48,569,563
13395,"0131",879,1315,1449,-436,-570
13395,"0135",729,19,31,710,698
13396,"0131",26,40,56,-14,-30
13396,"0135",50,4,6,46,44
13397,"0131",445,771,1114,-326,-669
13397,"0135",820,25,42,795,778
13398,"0131",259,387,713,-128,-454
13398,"0135",534,26,27,508,507
13399,"0131",3397,3679,4174,-282,-777
13399,"0135",3046,568,689,2478,2357
13400,"0131",1218,2126,2242,-908,-1024
13400,"0135",2395,388,428,2007,1967
13401,"0131",1030,1000,1140,30,-110
13401,"0135",668,133,175,535,493
13402,"0131",2092,2649,3075,-557,-983
13402,"0135",2663,370,512,2293,2151
13403,"0131",1980,2755,3005,-775,-1025
13403,"0135",2527,353,444,2174,2083
13404,"0131",1568,1921,2179,-353,-611
13404,"0135",1660,229,299,1431,1361
13405,"0131",657,956,1133,-299,-476
13405,"0135",639,23,26,616,613
13406,"0131",309,467,559,-158,-250
13406,"0135",322,13,15,309,307
13407,"0131",865,1302,1672,-437,-807
13407,"0135",1129,110,118,1019,1011
13408,"0131",293,530,606,-237,-313
13408,"0135",490,77,82,413,408
13409,"0131",835,1227,1364,-392,-529
13409,"0135",805,82,104,723,701
13410,"0131",267,336,319,-69,-52
13410,"0135",104,7,26,97,78
13411,"0131",493,703,924,-210,-431
13411,"0135",643,54,78,589,565
13412,"0131",58,167,224,-109,-166
13412,"0135",209,12,13,197,196
13413,"0131",379,302,801,77,-422
13413,"0135",493,0,32,493,461
13414,"0131",1147,1229,1542,-82,-395
13414,"0135",766,90,158,676,608
13415,"0131",32,36,108,-4,-76
13415,"0135",84,0,4,84,80
13416,"0131",24,0,50,24,-26
13416,"0135",35,0,4,35,31
13417,"0131",115,65,191,50,-76
13417,"0135",106,0,8,106,98
13418,"0131",209,244,348,-35,-139
13418,"0135",231,28,45,203,186
13419,"0131",66,76,131,-10,-65
13419,"0135",81,1,2,80,79
13420,"0131",481,504,877,-23,-396
13420,"0135",542,35,61,507,481
13421,"0131",32,128,191,-96,-159
13421,"0135",180,2,10,178,170
13422,"0131",336,60,323,276,13
13422,"0135",8,2,13,6,-5
13423,"0131",146,0,375,146,-229
13423,"0135",288,0,37,288,251
13424,"0131",81,8,66,73,15
13424,"0135",4,0,13,4,-9
13425,"0131",169,266,262,-97,-93
13425,"0135",122,0,15,122,107
13426,"0131",1460,1142,1946,318,-486
13426,"0135",1122,386,339,736,783
13427,"0131",162,122,357,40,-195
13427,"0135",235,11,26,224,209
13428,"0131",288,338,520,-50,-232
13428,"0135",301,36,28,265,273
13429,"0131",91,72,165,19,-74
13429,"0135",85,0,4,85,81
13430,"0131",23,17,58,6,-35
13430,"0135",52,1,5,51,47
13431,"0131",14,27,59,-13,-45
13431,"0135",54,1,2,53,52
13432,"0131",62,57,91,5,-29
13432,"0135",59,4,6,55,53
13433,"0131",1161,1211,1676,-50,-515
13433,"0135",891,141,142,750,749
13434,"0131",1692,1784,1897,-92,-205
13434,"0135",895,394,399,501,496
13435,"0131",1153,1540,1712,-387,-559
13435,"0135",1184,392,356,792,828
13436,"0131",303,528,549,-225,-246
13436,"0135",458,106,127,352,331
13437,"0131",393,411,505,-18,-112
13437,"0135",229,68,88,161,141
13438,"0131",1649,2516,2683,-867,-1034
13438,"0135",2278,481,574,1797,1704
13439,"0131",1700,1983,2333,-283,-633
13439,"0135",1650,374,477,1276,1173
13440,"0131",1090,1609,1727,-519,-637
13440,"0135",1471,329,397,1142,1074
13441,"0131",2444,2728,2900,-284,-456
13441,"0135",1769,531,583,1238,1186
13442,"0131",1299,1635,1762,-336,-463
13442,"0135",1301,327,394,974,907
13443,"0131",98,85,113,13,-15
13443,"0135",31,5,8,26,23
13444,"0131",218,344,375,-126,-157
13444,"0135",281,58,82,223,199
13445,"0131",497,813,1077,-316,-580
13445,"0135",831,77,118,754,713
13446,"0131",1618,449,479,1169,1139
13446,"0135",1255,1504,1832,-249,-577
13447,"0131",1420,293,316,1127,1104
13447,"0135",606,1022,1266,-416,-660
13448,"0131",1275,341,382,934,893
13448,"0135",913,1055,1329,-142,-416
13449,"0131",376,317,310,59,66
13449,"0135",1508,931,1173,577,335
13450,"0131",752,300,281,452,471
13450,"0135",806,727,922,79,-116
13451,"0131",785,238,244,547,541
13451,"0135",535,634,803,-99,-268
13452,"0131",750,282,286,468,464
13452,"0135",746,579,841,167,-95
13453,"0131",848,296,310,552,538
13453,"0135",925,824,1036,101,-111
13454,"0131",1017,517,526,500,491
13454,"0135",1674,1261,1596,413,78
13455,"0131",1041,606,522,435,519
13455,"0135",1723,1289,1590,434,133
13456,"0131",1475,487,486,988,989
13456,"0135",998,1060,1353,-62,-355
13457,"0131",867,475,487,392,380
13457,"0135",1611,1005,1362,606,249
13458,"0131",1986,550,544,1436,1442
13458,"0135",2165,2565,2992,-400,-827
13459,"0131",1957,543,558,1414,1399
13459,"0135",2380,2655,3099,-275,-719
13460,"0131",1744,603,599,1141,1145
13460,"0135",1967,1803,2324,164,-357
13461,"0131",2048,918,882,1130,1166
13461,"0135",1751,1328,1801,423,-50
13462,"0131",1079,605,533,474,546
13462,"0135",1289,822,1165,467,124
13463,"0131",1535,683,592,852,943
13463,"0135",1041,842,1201,199,-160
13464,"0131",1005,464,431,541,574
13464,"0135",841,665,913,176,-72
13465,"0131",1103,448,417,655,686
13465,"0135",762,661,949,101,-187
13466,"0131",1162,811,767,351,395
13466,"0135",1756,840,1167,916,589
13467,"0131",1904,683,729,1221,1175
13467,"0135",1154,691,1259,463,-105
13468,"0131",2059,1503,1424,556,635
13468,"0135",1961,892,1326,1069,635
13469,"0131",1588,1010,953,578,635
13469,"0135",1123,629,904,494,219
13470,"0131",1281,975,728,306,553
13470,"0135",862,508,713,354,149
13471,"0131",2099,1776,1682,323,417
13471,"0135",2267,970,1452,1297,815
13472,"0131",1539,1424,1331,115,208
13472,"0135",2132,883,1223,1249,909
13473,"0131",2312,2260,1974,52,338
13473,"0135",2166,730,1194,1436,972
13474,"0131",2275,2190,2030,85,245
13474,"0135",2241,779,1180,1462,1061
13475,"0131",1791,2749,2520,-958,-729
13475,"0135",2916,466,758,2450,2158
13476,"0131",379,940,855,-561,-476
13476,"0135",1261,195,297,1066,964
13477,"0131",3163,2717,2514,446,649
13477,"0135",1627,460,819,1167,808
13478,"0131",815,1327,1219,-512,-404
13478,"0135",1342,190,370,1152,972
13479,"0131",688,1307,1159,-619,-471
13479,"0135",1545,193,402,1352,1143
13480,"0131",724,294,287,430,437
13480,"0135",918,733,933,185,-15
13481,"0131",2349,2478,2311,-129,38
13481,"0135",2205,591,1069,1614,1136
13482,"0131",833,1267,1233,-434,-400
13482,"0135",1489,313,554,1176,935
13483,"0131",1335,766,702,569,633
13483,"0135",1340,888,1223,452,117
13484,"0131",1484,833,724,651,760
13484,"0135",1458,929,1336,529,122
13485,"0131",1467,1021,928,446,539
13485,"0135",2302,1180,1705,1122,597
13486,"0131",1746,1391,1283,355,463
13486,"0135",1906,762,1183,1144,723
13487,"0131",1146,1202,1134,-56,12
13487,"0135",2248,750,1116,1498,1132
13488,"0131",2280,1738,1590,542,690
13488,"0135",2670,1328,1871,1342,799
13489,"0131",1714,1294,1201,420,513
13489,"0135",1937,949,1331,988,606
13490,"0131",1349,1200,1209,149,140
13490,"0135",2126,723,1159,1403,967
13491,"0131",1921,1453,1379,468,542
13491,"0135",2045,953,1462,1092,583
13492,"0131",2290,1320,1329,970,961
13492,"0135",1545,1039,1372,506,173
13493,"0131",1157,1130,1190,27,-33
13493,"0135",2112,735,1157,1377,955
13494,"0131",1342,1335,1194,7,148
13494,"0135",2156,939,1239,1217,917
13495,"0131",2513,2224,2082,289,431
13495,"0135",1742,516,857,1226,885
13496,"0131",2684,2490,2466,194,218
13496,"0135",2177,510,963,1667,1214
13497,"0131",1282,1305,1258,-23,24
13497,"0135",1103,203,427,900,676
13498,"0131",1226,1193,1206,33,20
13498,"0135",1819,675,1009,1144,810
13499,"0131",2025,1237,1267,788,758
13499,"0135",1109,548,942,561,167
13500,"0131",1984,1601,1465,383,519
13500,"0135",1688,755,1131,933,557
13501,"0131",2428,1983,1881,445,547
13501,"0135",1939,737,1058,1202,881
13502,"0131",2621,2285,2185,336,436
13502,"0135",2223,753,1219,1470,1004
13503,"0131",2368,2183,2029,185,339
13503,"0135",2578,955,1518,1623,1060
13504,"0131",2343,2000,1858,343,485
13504,"0135",2294,1035,1444,1259,850
13505,"0131",1920,1545,1402,375,518
13505,"0135",1435,659,962,776,473
13506,"0131",2118,1355,1186,763,932
13506,"0135",862,569,912,293,-50
13507,"0131",3083,1354,1249,1729,1834
13507,"0135",2153,1753,2406,400,-253
13508,"0131",1518,804,754,714,764
13508,"0135",1723,1108,1494,615,229
13509,"0131",1235,701,629,534,606
13509,"0135",1436,835,1164,601,272
13510,"0131",1426,1022,975,404,451
13510,"0135",2057,987,1401,1070,656
13511,"0131",1706,1096,976,610,730
13511,"0135",1802,891,1466,911,336
13512,"0131",1847,972,943,875,904
13512,"0135",1366,880,1287,486,79
13513,"0131",1511,912,905,599,606
13513,"0135",1470,787,1225,683,245
13514,"0131",1531,1165,1210,366,321
13514,"0135",2494,1111,1696,1383,798
13515,"0131",1465,1061,993,404,472
13515,"0135",1866,881,1356,985,510
13516,"0131",1422,778,713,644,709
13516,"0135",1003,727,999,276,4
13517,"0131",1590,767,767,823,823
13517,"0135",1605,1253,1702,352,-97
13518,"0131",1530,834,766,696,764
13518,"0135",1661,1188,1580,473,81
13519,"0131",989,790,763,199,226
13519,"0135",1870,1019,1389,851,481
13520,"0131",2267,1450,1329,817,938
13520,"0135",1818,962,1541,856,277
13521,"0131",1207,1021,921,186,286
13521,"0135",1532,700,1010,832,522
13522,"0131",1511,1045,953,466,558
13522,"0135",1484,779,1147,705,337
13523,"0131",1465,1241,1177,224,288
13523,"0135",2071,907,1376,1164,695
13524,"0131",1446,1507,1337,-61,109
13524,"0135",1697,448,780,1249,917
13525,"0131",2818,2902,2578,-84,240
13525,"0135",2979,804,1350,2175,1629
13526,"0131",1803,1960,1821,-157,-18
13526,"0135",2390,592,958,1798,1432
13527,"0131",2369,2228,1950,141,419
13527,"0135",1976,487,986,1489,990
13528,"0131",991,1131,1057,-140,-66
13528,"0135",1181,279,467,902,714
13529,"0131",2160,1430,1353,730,807
13529,"0135",1476,634,1053,842,423
13530,"0131",1859,1904,1726,-45,133
13530,"0135",2200,633,1082,1567,1118
13531,"0131",2053,1793,1641,260,412
13531,"0135",2056,742,1085,1314,971
13532,"0131",1097,1517,1368,-420,-271
13532,"0135",2094,478,895,1616,1199
13533,"0131",1797,1682,1518,115,279
13533,"0135",1567,544,857,1023,710
13534,"0131",1355,1749,1349,-394,6
13534,"0135",1801,506,824,1295,977
13535,"0131",1950,2770,2401,-820,-451
13535,"0135",3260,698,1281,2562,1979
13536,"0131",807,1179,1121,-372,-314
13536,"0135",1646,351,586,1295,1060
13537,"0131",1608,1717,1542,-109,66
13537,"0135",1721,470,796,1251,925
13538,"0131",974,1116,1070,-142,-96
13538,"0135",1200,311,523,889,677
13539,"0131",2848,2613,2716,235,132
13539,"0135",2516,709,1079,1807,1437
13540,"0131",1830,1891,1891,-61,-61
13540,"0135",1970,488,793,1482,1177
13541,"0131",2590,140,2660,2450,-70
13541,"0135",2655,26,1113,2629,1542
13542,"0131",1777,1651,1708,126,69
13542,"0135",1668,375,710,1293,958
13543,"0131",1866,1728,1856,138,10
13543,"0135",1413,305,508,1108,905
13544,"0131",1614,1701,1769,-87,-155
13544,"0135",1589,322,584,1267,1005
13545,"0131",2033,1870,1786,163,247
13545,"0135",1237,308,567,929,670
13546,"0131",1983,1808,1841,175,142
13546,"0135",1268,342,529,926,739
13547,"0131",2891,2071,1893,820,998
13547,"0135",2298,1022,1661,1276,637
13548,"0131",511,1134,1060,-623,-549
13548,"0135",1109,159,239,950,870
13549,"0131",2331,2414,2179,-83,152
13549,"0135",2632,957,1369,1675,1263
13550,"0131",2162,2200,1978,-38,184
13550,"0135",2286,854,1285,1432,1001
13551,"0131",1933,2313,2148,-380,-215
13551,"0135",2006,667,1027,1339,979
13552,"0131",1833,2371,2223,-538,-390
13552,"0135",2138,636,925,1502,1213
13553,"0131",405,818,733,-413,-328
13553,"0135",507,38,85,469,422
13554,"0131",1861,2230,1819,-369,42
13554,"0135",2300,866,1272,1434,1028
13555,"0131",1927,2292,1843,-365,84
13555,"0135",2363,783,1296,1580,1067
13556,"0131",2188,2158,1892,30,296
13556,"0135",2057,879,1281,1178,776
13557,"0131",823,1751,1511,-928,-688
13557,"0135",1529,247,448,1282,1081
13558,"0131",2378,3199,2648,-821,-270
13558,"0135",2221,536,892,1685,1329
13559,"0131",163,114,106,49,57
13559,"0135",28,12,27,16,1
13560,"0131",30,39,40,-9,-10
13560,"0135",13,0,1,13,12
13561,"0131",337,349,305,-12,32
13561,"0135",151,55,101,96,50
13562,"0131",138,411,362,-273,-224
13562,"0135",401,34,67,367,334
13563,"0131",1790,2303,2098,-513,-308
13563,"0135",2120,473,734,1647,1386
13564,"0131",1757,2259,2022,-502,-265
13564,"0135",2091,475,806,1616,1285
13565,"0131",2693,2512,2199,181,494
13565,"0135",1419,485,828,934,591
13566,"0131",1608,1696,1439,-88,169
13566,"0135",806,226,418,580,388
13567,"0131",1545,1294,1292,251,253
13567,"0135",931,234,558,697,373
13568,"0131",904,1095,970,-191,-66
13568,"0135",560,94,164,466,396
13569,"0131",325,426,370,-101,-45
13569,"0135",146,14,34,132,112
13570,"0131",145,115,112,30,33
13570,"0135",22,12,23,10,-1
13571,"0131",175,155,145,20,30
13571,"0135",16,9,22,7,-6
13572,"0131",304,749,670,-445,-366
13572,"0135",764,59,128,705,636
13573,"0131",103,322,297,-219,-194
13573,"0135",301,13,25,288,276
13574,"0131",3240,3614,3466,-374,-226
13574,"0135",3549,1218,1591,2331,1958
13575,"0131",1827,2646,2337,-819,-510
13575,"0135",2698,788,1048,1910,1650
13576,"0131",2687,3201,2867,-514,-180
13576,"0135",2745,885,1185,1860,1560
13577,"0131",116,281,244,-165,-128
13577,"0135",198,9,20,189,178
13578,"0131",1143,1917,1861,-774,-718
13578,"0135",1328,191,275,1137,1053
13579,"0131",460,460,638,0,-178
13579,"0135",270,11,26,259,244
13580,"0131",2027,3069,2757,-1042,-730
13580,"0135",1783,258,397,1525,1386
13581,"0131",1,50,44,-49,-43
13581,"0135",64,6,9,58,55
13582,"0131",625,642,517,-17,108
13582,"0135",42,38,73,4,-31
13583,"0131",249,406,496,-157,-247
13583,"0135",505,57,97,448,408
13584,"0131",299,611,524,-312,-225
13584,"0135",470,50,90,420,380
13585,"0131",444,1204,1007,-760,-563
13585,"0135",972,63,159,909,813
13586,"0131",1626,2088,1900,-462,-274
13586,"0135",1243,214,391,1029,852
13587,"0131",571,1360,1277,-789,-706
13587,"0135",1413,247,333,1166,1080
13588,"0131",1005,1430,1378,-425,-373
13588,"0135",986,169,259,817,727
13589,"0131",423,410,400,13,23
13589,"0135",97,91,71,6,26
13590,"0131",1985,2884,2686,-899,-701
13590,"0135",1902,339,499,1563,1403
13591,"0131",210,174,170,36,40
13591,"0135",52,4,18,48,34
13592,"0131",569,584,568,-15,1
13592,"0135",247,70,100,177,147
13593,"0131",133,221,186,-88,-53
13593,"0135",172,29,39,143,133
13594,"0131",429,545,506,-116,-77
13594,"0135",286,30,94,256,192
13595,"0131",247,722,616,-475,-369
13595,"0135",645,82,127,563,518
13596,"0131",285,481,461,-196,-176
13596,"0135",283,28,59,255,224
13597,"0131",2231,2811,2690,-580,-459
13597,"0135",3950,1733,2017,2217,1933
13598,"0131",3294,2831,2690,463,604
13598,"0135",2879,1647,2031,1232,848
13599,"0131",560,885,853,-325,-293
13599,"0135",1383,573,618,810,765
13600,"0131",2653,1711,1583,942,1070
13600,"0135",1931,1528,1943,403,-12
13601,"0131",2212,1535,1509,677,703
13601,"0135",2110,1440,1765,670,345
13602,"0131",2883,4127,4062,-1244,-1179
13602,"0135",2989,543,700,2446,2289
13603,"0131",1799,2004,1991,-205,-192
13603,"0135",2043,884,1136,1159,907
13604,"0131",401,705,709,-304,-308
13604,"0135",835,187,274,648,561
13605,"0131",1136,2066,2140,-930,-1004
13605,"0135",1786,271,337,1515,1449
13606,"0131",275,537,527,-262,-252
13606,"0135",384,30,54,354,330
13607,"0131",473,670,593,-197,-120
13607,"0135",340,77,103,263,237
13608,"0131",702,1151,1060,-449,-358
13608,"0135",768,98,171,670,597
13609,"0131",373,544,516,-171,-143
13609,"0135",288,39,63,249,225
13610,"0131",1647,2064,2003,-417,-356
13610,"0135",1167,253,351,914,816
13611,"0131",190,349,321,-159,-131
13611,"0135",343,53,83,290,260
13612,"0131",857,1108,1176,-251,-319
13612,"0135",837,332,191,505,646
13613,"0131",1749,2414,2277,-665,-528
13613,"0135",1882,477,607,1405,1275
13614,"0131",938,1518,1493,-580,-555
13614,"0135",1078,182,251,896,827
13615,"0131",3557,4551,3822,-994,-265
13615,"0135",3642,1116,1595,2526,2047
13616,"0131",2121,2032,1866,89,255
13616,"0135",1388,599,826,789,562
13617,"0131",1338,2164,1841,-826,-503
13617,"0135",2164,591,832,1573,1332
13618,"0131",2179,2732,2226,-553,-47
13618,"0135",2164,635,1023,1529,1141
13619,"0131",1541,2288,1793,-747,-252
13619,"0135",1800,571,819,1229,981
13620,"0131",734,949,820,-215,-86
13620,"0135",578,122,194,456,384
13621,"0131",557,859,766,-302,-209
13621,"0135",390,38,75,352,315
13622,"0131",1670,2441,2184,-771,-514
13622,"0135",1845,451,534,1394,1311
13623,"0131",158,559,344,-401,-186
13623,"0135",342,42,64,300,278
13624,"0131",1742,3132,3152,-1390,-1410
13624,"0135",1821,94,137,1727,1684
13625,"0131",2165,3282,3294,-1117,-1129
13625,"0135",1735,182,311,1553,1424
13626,"0131",368,1193,1191,-825,-823
13626,"0135",1074,58,104,1016,970
13627,"0131",491,647,651,-156,-160
13627,"0135",355,87,112,268,243
13628,"0131",3434,3823,3427,-389,7
13628,"0135",3335,1295,1817,2040,1518
13629,"0131",1982,1755,1669,227,313
13629,"0135",1313,636,852,677,461
13630,"0131",1790,1916,1711,-126,79
13630,"0135",1571,819,843,752,728
13631,"0131",1225,1462,1324,-237,-99
13631,"0135",1269,449,612,820,657
13632,"0131",269,226,380,43,-111
13632,"0135",242,30,47,212,195
13633,"0131",1365,1493,1465,-128,-100
13633,"0135",548,138,172,410,376
13634,"0131",348,340,326,8,22
13634,"0135",111,26,52,85,59
13635,"0131",31,123,236,-92,-205
13635,"0135",284,7,19,277,265
13636,"0131",135,392,324,-257,-189
13636,"0135",380,42,93,338,287
13637,"0131",377,324,372,53,5
13637,"0135",254,57,151,197,103
13638,"0131",418,669,600,-251,-182
13638,"0135",435,74,98,361,337
13639,"0131",462,958,732,-496,-270
13639,"0135",529,101,112,428,417
13640,"0131",717,679,648,38,69
13640,"0135",232,110,144,122,88
13641,"0131",403,882,806,-479,-403
13641,"0135",762,150,154,612,608
13642,"0131",1556,1950,1782,-394,-226
13642,"0135",1531,595,752,936,779
13643,"0131",1603,1843,1627,-240,-24
13643,"0135",1248,574,701,674,547
13644,"0131",165,518,413,-353,-248
13644,"0135",464,63,106,401,358
13645,"0131",208,539,442,-331,-234
13645,"0135",421,46,81,375,340
13646,"0131",742,945,845,-203,-103
13646,"0135",434,101,161,333,273
13647,"0131",37,84,85,-47,-48
13647,"0135",73,4,7,69,66
13648,"0131",1276,1792,1712,-516,-436
13648,"0135",1036,188,231,848,805
13649,"0131",380,414,393,-34,-13
13649,"0135",125,23,48,102,77
13650,"0131",736,1095,996,-359,-260
13650,"0135",631,144,211,487,420
13651,"0131",725,1113,1051,-388,-326
13651,"0135",688,144,163,544,525
13652,"0131",150,252,239,-102,-89
13652,"0135",178,33,48,145,130
13653,"0131",834,1184,1121,-350,-287
13653,"0135",615,180,187,435,428
13654,"0131",126,113,114,13,12
13654,"0135",25,14,16,11,9
13655,"0131",289,415,429,-126,-140
13655,"0135",244,43,45,201,199
13656,"0131",306,367,375,-61,-69
13656,"0135",243,68,82,175,161
13657,"0131",39,116,117,-77,-78
13657,"0135",174,34,50,140,124
13658,"0131",139,221,231,-82,-92
13658,"0135",234,35,48,199,186
13659,"0131",317,609,638,-292,-321
13659,"0135",526,72,99,454,427
13660,"0131",1126,1367,1404,-241,-278
13660,"0135",1450,760,715,690,735
13661,"0131",2201,2519,2520,-318,-319
13661,"0135",2331,1299,1225,1032,1106
13662,"0131",1112,1155,1109,-43,3
13662,"0135",325,100,130,225,195
13663,"0131",1015,1190,1132,-175,-117
13663,"0135",487,133,142,354,345
13664,"0131",319,611,581,-292,-262
13664,"0135",387,43,59,344,328
13665,"0131",408,720,649,-312,-241
13665,"0135",419,59,94,360,325
13666,"0131",323,863,819,-540,-496
13666,"0135",830,101,141,729,689
13667,"0131",184,327,284,-143,-100
13667,"0135",242,21,52,221,190
13668,"0131",324,569,524,-245,-200
13668,"0135",421,68,109,353,312
13669,"0131",1085,1048,1223,37,-138
13669,"0135",300,29,42,271,258
13670,"0131",859,745,714,114,145
13670,"0135",73,77,92,-4,-19
13671,"0131",334,1040,982,-706,-648
13671,"0135",997,90,134,907,863
13672,"0131",111,277,251,-166,-140
13672,"0135",192,5,23,187,169
13673,"0131",44,58,64,-14,-20
13673,"0135",30,4,1,26,29
13674,"0131",233,426,278,-193,-45
13674,"0135",160,45,42,115,118
13675,"0131",49,219,215,-170,-166
13675,"0135",247,17,36,230,211
13676,"0131",320,454,456,-134,-136
13676,"0135",222,18,31,204,191
13677,"0131",423,555,516,-132,-93
13677,"0135",527,135,159,392,368
13678,"0131",288,362,346,-74,-58
13678,"0135",226,76,74,150,152
13679,"0131",2348,2739,2558,-391,-210
13679,"0135",1925,551,698,1374,1227
13680,"0131",1395,2586,2368,-1191,-973
13680,"0135",2552,456,654,2096,1898
13681,"0131",1592,2227,2239,-635,-647
13681,"0135",2152,493,647,1659,1505
13682,"0131",1179,1487,1418,-308,-239
13682,"0135",774,105,190,669,584
13683,"0131",286,615,548,-329,-262
13683,"0135",505,86,131,419,374
13684,"0131",242,693,624,-451,-382
13684,"0135",779,145,196,634,583
13685,"0131",1015,1176,1103,-161,-88
13685,"0135",693,152,218,541,475
13686,"0131",625,1122,1073,-497,-448
13686,"0135",1026,166,213,860,813
13687,"0131",366,813,754,-447,-388
13687,"0135",714,80,108,634,606
13688,"0131",902,1471,1516,-569,-614
13688,"0135",1646,328,462,1318,1184
13689,"0131",891,1759,1613,-868,-722
13689,"0135",1487,176,373,1311,1114
13690,"0131",583,676,672,-93,-89
13690,"0135",629,153,265,476,364
13691,"0131",211,224,229,-13,-18
13691,"0135",87,19,22,68,65
13692,"0131",959,1299,1287,-340,-328
13692,"0135",720,83,160,637,560
13693,"0131",952,988,1025,-36,-73
13693,"0135",665,185,307,480,358
13694,"0131",714,1126,1056,-412,-342
13694,"0135",876,162,283,714,593
13695,"0131",183,383,327,-200,-144
13695,"0135",255,23,46,232,209
13696,"0131",1076,1218,1179,-142,-103
13696,"0135",668,220,308,448,360
13697,"0131",548,549,592,-1,-44
13697,"0135",195,73,46,122,149
13698,"0131",434,568,569,-134,-135
13698,"0135",292,28,79,264,213
13699,"0131",291,508,510,-217,-219
13699,"0135",324,20,59,304,265
13700,"0131",380,563,417,-183,-37
13700,"0135",272,31,84,241,188
13701,"0131",1407,1779,1395,-372,12
13701,"0135",1054,230,427,824,627
13702,"0131",1152,1823,1410,-671,-258
13702,"0135",1299,221,437,1078,862
13703,"0131",2419,2982,2296,-563,123
13703,"0135",2318,631,1201,1687,1117
13704,"0131",3166,3427,2518,-261,648
13704,"0135",2158,850,1236,1308,922
13705,"0131",2525,2674,2017,-149,508
13705,"0135",1592,554,997,1038,595
13706,"0131",1646,1929,1467,-283,179
13706,"0135",1454,420,703,1034,751
13707,"0131",2037,2428,1848,-391,189
13707,"0135",1535,447,773,1088,762
13708,"0131",1108,1519,1215,-411,-107
13708,"0135",1437,352,620,1085,817
13709,"0131",1657,2634,2303,-977,-646
13709,"0135",2529,589,897,1940,1632
13710,"0131",2029,2360,1957,-331,72
13710,"0135",1795,522,855,1273,940
13711,"0131",2814,3130,2552,-316,262
13711,"0135",2735,933,1359,1802,1376
13712,"0131",2269,2593,2212,-324,57
13712,"0135",2527,896,1257,1631,1270
13713,"0131",2614,3906,3226,-1292,-612
13713,"0135",3228,644,1127,2584,2101
13714,"0131",2492,3221,2744,-729,-252
13714,"0135",2420,538,947,1882,1473
13715,"0131",1921,3436,2731,-1515,-810
13715,"0135",3026,788,922,2238,2104
13716,"0131",1175,1233,1176,-58,-1
13716,"0135",1080,248,400,832,680
13717,"0131",2600,3001,2550,-401,50
13717,"0135",2118,638,947,1480,1171
13718,"0131",1326,1559,1535,-233,-209
13718,"0135",1488,436,525,1052,963
13719,"0131",157,129,116,28,41
13719,"0135",12,14,20,-2,-8
13720,"0131",1135,1383,1129,-248,6
13720,"0135",1009,283,499,726,510
13721,"0131",1312,1540,1243,-228,69
13721,"0135",1240,285,584,955,656
13722,"0131",14,96,96,-82,-82
13722,"0135",138,24,24,114,114
13723,"0131",364,668,610,-304,-246
13723,"0135",640,95,174,545,466
13724,"0131",205,343,304,-138,-99
13724,"0135",240,35,59,205,181
13725,"0131",449,686,593,-237,-144
13725,"0135",701,169,273,532,428
13726,"0131",431,520,509,-89,-78
13726,"0135",327,76,100,251,227
13727,"0131",229,395,336,-166,-107
13727,"0135",358,75,126,283,232
13728,"0131",397,446,416,-49,-19
13728,"0135",123,13,42,110,81
13729,"0131",2379,3398,3161,-1019,-782
13729,"0135",2515,485,774,2030,1741
13730,"0131",1480,1877,1994,-397,-514
13730,"0135",1355,290,391,1065,964
13731,"0131",1524,2348,2194,-824,-670
13731,"0135",1605,239,432,1366,1173
13732,"0131",2599,3133,2909,-534,-310
13732,"0135",2369,536,818,1833,1551
13733,"0131",399,473,502,-74,-103
13733,"0135",237,51,49,186,188
13734,"0131",433,706,680,-273,-247
13734,"0135",616,87,171,529,445
13735,"0131",1790,2067,1906,-277,-116
13735,"0135",989,208,382,781,607
13736,"0131",1475,2050,1904,-575,-429
13736,"0135",1246,236,332,1010,914
13737,"0131",661,651,628,10,33
13737,"0135",213,83,85,130,128
13738,"0131",144,487,506,-343,-362
13738,"0135",506,78,72,428,434
13739,"0131",311,619,639,-308,-328
13739,"0135",539,75,98,464,441
13740,"0131",70,127,138,-57,-68
13740,"0135",194,57,89,137,105
13741,"0131",213,717,712,-504,-499
13741,"0135",632,66,56,566,576
13742,"0131",157,176,153,-19,4
13742,"0135",71,24,52,47,19
13743,"0131",1480,2420,2298,-940,-818
13743,"0135",1708,297,374,1411,1334
13744,"0131",1887,2498,2401,-611,-514
13744,"0135",1234,241,343,993,891
13745,"0131",39,183,171,-144,-132
13745,"0135",178,4,12,174,166
13746,"0131",560,995,970,-435,-410
13746,"0135",589,69,86,520,503
13747,"0131",74,104,102,-30,-28
13747,"0135",43,6,3,37,40
13748,"0131",1130,1301,1189,-171,-59
13748,"0135",758,204,364,554,394
13749,"0131",57,345,314,-288,-257
13749,"0135",344,13,32,331,312
13750,"0131",153,234,227,-81,-74
13750,"0135",119,21,20,98,99
13751,"0131",134,231,217,-97,-83
13751,"0135",148,18,25,130,123
13752,"0131",499,546,504,-47,-5
13752,"0135",388,143,196,245,192
13753,"0131",345,401,338,-56,7
13753,"0135",228,66,104,162,124
13754,"0131",677,766,731,-89,-54
13754,"0135",531,115,224,416,307
13755,"0131",558,1177,1061,-619,-503
13755,"0135",865,73,176,792,689
13756,"0131",203,139,123,64,80
13756,"0135",18,36,59,-18,-41
13757,"0131",1306,1999,1723,-693,-417
13757,"0135",1478,224,399,1254,1079
13758,"0131",460,1041,922,-581,-462
13758,"0135",896,160,222,736,674
13759,"0131",49,41,42,8,7
13759,"0135",8,3,7,5,1
13760,"0131",478,430,451,48,27
13760,"0135",194,49,84,145,110
13761,"0131",1507,2699,2347,-1192,-840
13761,"0135",1760,199,418,1561,1342
13762,"0131",41,62,66,-21,-25
13762,"0135",64,20,27,44,37
13763,"0131",253,348,285,-95,-32
13763,"0135",146,13,41,133,105
13764,"0131",392,762,659,-370,-267
13764,"0135",622,127,208,495,414
13765,"0131",1452,1670,1458,-218,-6
13765,"0135",686,244,381,442,305
13766,"0131",356,170,144,186,212
13766,"0135",64,201,230,-137,-166
13767,"0131",536,568,686,-32,-150
13767,"0135",339,39,109,300,230
13768,"0131",1,0,21,1,-20
13768,"0135",29,4,5,25,24
13769,"0131",20,37,42,-17,-22
13769,"0135",43,4,8,39,35
13770,"0131",1425,2488,2429,-1063,-1004
13770,"0135",1505,155,210,1350,1295
13771,"0131",634,1199,1122,-565,-488
13771,"0135",1026,156,286,870,740
13772,"0131",144,288,263,-144,-119
13772,"0135",204,22,47,182,157
13773,"0131",1062,1270,1178,-208,-116
13773,"0135",492,133,194,359,298
13774,"0131",56,411,387,-355,-331
13774,"0135",448,18,65,430,383
13775,"0131",1493,1566,1404,-73,89
13775,"0135",1075,472,518,603,557
13776,"0131",158,183,164,-25,-6
13776,"0135",82,25,27,57,55
13777,"0131",59,138,129,-79,-70
13777,"0135",123,3,15,120,108
13778,"0131",22,83,77,-61,-55
13778,"0135",91,10,13,81,78
13779,"0131",167,129,104,38,63
13779,"0135",156,23,0,133,156
13780,"0131",352,478,385,-126,-33
13780,"0135",257,58,85,199,172
13781,"0131",262,289,220,-27,42
13781,"0135",77,29,30,48,47
13782,"0131",44,0,34,44,10
13782,"0135",11,0,7,11,4
13783,"0131",126,160,120,-34,6
13783,"0135",49,7,15,42,34
13784,"0131",489,627,505,-138,-16
13784,"0135",237,37,57,200,180
13785,"0131",2850,2224,2033,626,817
13785,"0135",1216,813,1078,403,138
13786,"0131",312,584,447,-272,-135
13786,"0135",477,69,139,408,338
13787,"0131",414,571,460,-157,-46
13787,"0135",343,93,137,250,206
13788,"0131",54,48,42,6,12
13788,"0135",14,8,10,6,4
13789,"0131",22,15,12,7,10
13789,"0135",5,5,8,0,-3
13790,"0131",256,492,469,-236,-213
13790,"0135",428,85,104,343,324
13791,"0131",1727,1584,1417,143,310
13791,"0135",1663,554,943,1109,720
13792,"0131",1457,1261,1147,196,310
13792,"0135",1298,547,787,751,511
13793,"0131",1511,1575,1377,-64,134
13793,"0135",1815,572,969,1243,846
13794,"0131",1865,2024,2021,-159,-156
13794,"0135",1922,535,803,1387,1119
13795,"0131",2092,2970,2664,-878,-572
13795,"0135",2768,772,1071,1996,1697
13796,"0131",1467,606,564,861,903
13796,"0135",1351,1546,1811,-195,-460
13797,"0131",1756,589,574,1167,1182
13797,"0135",1359,1777,2075,-418,-716
13798,"0131",1999,1312,1174,687,825
13798,"0135",1437,1226,1592,211,-155
13799,"0131",1999,1341,1265,658,734
13799,"0135",1469,1230,1533,239,-64
13800,"0131",1539,1128,1036,411,503
13800,"0135",1532,1075,1432,457,100
13801,"0131",1323,712,730,611,593
13801,"0135",2091,1723,2065,368,26
13802,"0131",1469,618,584,851,885
13802,"0135",1388,1445,1737,-57,-349
13803,"0131",1696,696,694,1000,1002
13803,"0135",1162,1381,1648,-219,-486
13804,"0131",1462,1313,1106,149,356
13804,"0135",1383,957,1208,426,175
13805,"0131",1323,1163,1037,160,286
13805,"0135",1531,1059,1332,472,199
13806,"0131",1686,1142,1060,544,626
13806,"0135",1162,1086,1304,76,-142
13807,"0131",1255,1156,1014,99,241
13807,"0135",1608,1067,1330,541,278
13808,"0131",0,0,0,0,0
13808,"0135",0,0,0,0,0
13809,"0131",0,0,0,0,0
13809,"0135",0,0,0,0,0
13810,"0131",432,624,659,-192,-227
13810,"0135",681,154,215,527,466
13811,"0131",0,0,0,0,0
13811,"0135",0,0,0,0,0
13812,"0131",291,304,324,-13,-33
13812,"0135",293,74,123,219,170
13813,"0131",243,456,375,-213,-132
13813,"0135",279,42,63,237,216
13814,"0131",1954,1891,1570,63,384
13814,"0135",1625,616,956,1009,669
13815,"0131",1723,1810,1533,-87,190
13815,"0135",1854,608,986,1246,868
13816,"0131",1519,1628,1386,-109,133
13816,"0135",1707,804,963,903,744
13817,"0131",1221,1768,1459,-547,-238
13817,"0135",2065,689,928,1376,1137
13818,"0131",2895,2613,2207,282,688
13818,"0135",2691,970,1607,1721,1084
13819,"0131",1531,2112,1866,-581,-335
13819,"0135",1754,330,577,1424,1177
13820,"0131",2029,2583,2287,-554,-258
13820,"0135",1976,412,678,1564,1298
13821,"0131",523,894,842,-371,-319
13821,"0135",614,84,143,530,471
13822,"0131",1341,2004,1827,-663,-486
13822,"0135",1974,449,635,1525,1339
13823,"0131",1670,1515,1546,155,124
13823,"0135",1265,291,622,974,643
13824,"0131",1024,1730,1452,-706,-428
13824,"0135",1739,396,580,1343,1159
13825,"0131",1587,917,726,670,861
13825,"0135",824,610,920,214,-96
13826,"0131",1386,884,715,502,671
13826,"0135",1019,593,884,426,135
13827,"0131",1111,954,838,157,273
13827,"0135",1340,600,858,740,482
13828,"0131",2841,2384,2088,457,753
13828,"0135",2488,976,1446,1512,1042
13829,"0131",1610,1771,1550,-161,60
13829,"0135",2115,592,916,1523,1199
13830,"0131",2226,2306,2097,-80,129
13830,"0135",2759,733,1312,2026,1447
13831,"0131",2250,1752,1519,498,731
13831,"0135",1384,567,929,817,455
13832,"0131",2237,1872,1666,365,571
13832,"0135",1645,641,1150,1004,495
13833,"0131",1793,1853,1640,-60,153
13833,"0135",2132,641,1094,1491,1038
13834,"0131",1209,1300,1075,-91,134
13834,"0135",1553,429,714,1124,839
13835,"0131",1358,1176,1043,182,315
13835,"0135",973,349,528,624,445
13836,"0131",1262,1245,1083,17,179
13836,"0135",1141,354,550,787,591
13837,"0131",960,1240,1110,-280,-150
13837,"0135",1392,312,531,1080,861
13838,"0131",512,318,276,194,236
13838,"0135",140,129,140,11,0
13839,"0131",181,180,184,1,-3
13839,"0135",107,13,31,94,76
13840,"0131",1084,1035,1061,49,23
13840,"0135",792,215,282,577,510
13841,"0131",2330,3059,2978,-729,-648
13841,"0135",2467,562,717,1905,1750
13842,"0131",1126,1909,1732,-783,-606
13842,"0135",1370,174,285,1196,1085
13843,"0131",391,459,468,-68,-77
13843,"0135",763,348,346,415,417
13844,"0131",417,462,471,-45,-54
13844,"0135",733,319,351,414,382
13845,"0131",517,461,470,56,47
13845,"0135",643,328,332,315,311
13846,"0131",203,310,302,-107,-99
13846,"0135",586,225,243,361,343
13847,"0131",778,532,554,246,224
13847,"0135",636,379,419,257,217
13848,"0131",460,442,381,18,79
13848,"0135",561,315,294,246,267
13849,"0131",1304,885,994,419,310
13849,"0135",1208,609,637,599,571
13850,"0131",1161,881,968,280,193
13850,"0135",1163,573,575,590,588
13851,"0131",815,863,913,-48,-98
13851,"0135",1326,529,539,797,787
13852,"0131",1908,1157,1217,751,691
13852,"0135",1238,803,901,435,337
13853,"0131",324,329,339,-5,-15
13853,"0135",524,212,231,312,293
13854,"0131",162,315,338,-153,-176
13854,"0135",695,227,212,468,483
13855,"0131",611,557,480,54,131
13855,"0135",647,401,373,246,274
13856,"0131",1647,1123,1186,524,461
13856,"0135",1401,823,919,578,482
13857,"0131",674,798,800,-124,-126
13857,"0135",1261,485,536,776,725
13858,"0131",500,406,364,94,136
13858,"0135",566,280,285,286,281
13859,"0131",476,395,396,81,80
13859,"0135",577,303,305,274,272
13860,"0131",595,640,651,-45,-56
13860,"0135",1102,463,488,639,614
13861,"0131",1032,659,580,373,452
13861,"0135",461,465,433,-4,28
13862,"0131",601,572,658,29,-57
13862,"0135",871,310,340,561,531
13863,"0131",1191,860,876,331,315
13863,"0135",753,398,434,355,319
13864,"0131",669,664,689,5,-20
13864,"0135",838,326,358,512,480
13865,"0131",718,722,737,-4,-19
13865,"0135",1058,376,429,682,629
13866,"0131",1127,771,761,356,366
13866,"0135",592,382,417,210,175
13867,"0131",51,27,29,24,22
13867,"0135",11,19,15,-8,-4
13868,"0131",929,1080,1105,-151,-176
13868,"0135",1393,427,441,966,952
13869,"0131",1108,1006,993,102,115
13869,"0135",914,395,350,519,564
13870,"0131",1701,1675,1642,26,59
13870,"0135",1624,515,558,1109,1066
13871,"0131",990,771,754,219,236
13871,"0135",575,255,256,320,319
13872,"0131",739,807,747,-68,-8
13872,"0135",844,261,235,583,609
13873,"0131",572,656,638,-84,-66
13873,"0135",770,243,234,527,536
13874,"0131",1528,1391,1419,137,109
13874,"0135",1547,608,609,939,938
13875,"0131",1278,1019,1030,259,248
13875,"0135",932,412,412,520,520
13876,"0131",651,720,624,-69,27
13876,"0135",716,315,300,401,416
13877,"0131",1338,1266,1224,72,114
13877,"0135",1343,584,583,759,760
13878,"0131",1293,1094,1064,199,229
13878,"0135",993,446,488,547,505
13879,"0131",912,797,761,115,151
13879,"0135",873,397,403,476,470
13880,"0131",1432,1033,1122,399,310
13880,"0135",1019,577,510,442,509
13881,"0131",1126,949,1011,177,115
13881,"0135",1089,408,462,681,627
13882,"0131",722,620,580,102,142
13882,"0135",595,268,275,327,320
13883,"0131",543,331,308,212,235
13883,"0135",224,184,200,40,24
13884,"0131",640,483,529,157,111
13884,"0135",506,268,260,238,246
13885,"0131",662,651,614,11,48
13885,"0135",547,207,213,340,334
13886,"0131",884,631,638,253,246
13886,"0135",326,221,189,105,137
13887,"0131",146,428,447,-282,-301
13887,"0135",694,139,136,555,558
13888,"0131",1279,1270,1270,9,9
13888,"0135",1279,434,426,845,853
13889,"0131",1000,804,824,196,176
13889,"0135",741,321,288,420,453
13890,"0131",659,559,533,100,126
13890,"0135",450,206,201,244,249
13891,"0131",2451,2303,2410,148,41
13891,"0135",1681,530,522,1151,1159
13892,"0131",484,1167,1215,-683,-731
13892,"0135",1555,240,188,1315,1367
13893,"0131",645,787,809,-142,-164
13893,"0135",740,172,160,568,580
13894,"0131",62,111,112,-49,-50
13894,"0135",200,77,82,123,118
13895,"0131",8,17,16,-9,-8
13895,"0135",25,7,11,18,14
13900,"0131",511,544,571,-33,-60
13900,"0135",546,160,172,386,374
13901,"0131",772,869,922,-97,-150
13901,"0135",888,244,269,644,619
13902,"0131",2,0,1,2,1
13902,"0135",17,12,16,5,1
13903,"0131",21,4,3,17,18
13903,"0135",17,29,29,-12,-12
13904,"0131",9,7,8,2,1
13904,"0135",30,22,15,8,15
13905,"0131",4,0,1,4,3
13905,"0135",21,23,22,-2,-1
13906,"0131",5,3,2,2,3
13906,"0135",12,10,11,2,1
13907,"0131",16,1,0,15,16
13907,"0135",1,6,5,-5,-4
